# GIMP curves tool settings
(time 0)
(channel value)
(curve
   (curve-type smooth)
   (n-points 17)
   (points 34 -1.0 -1.0 -1.0 -1.0 -1.0 -1.0 -1.0 -1.0 -1.0 -1.0 -1.0 -1.0 -1.0 -1.0 -1.0 -1.0 -1.0 -1.0 -1.0 -1.0 -1.0 -1.0 -1.0 -1.0 -1.0 -1.0 -1.0 -1.0 -1.0 -1.0 -1.0 -1.0 -1.0 -1.0)
(n-samples 256)
(samples 256  0.000000 0.003922 0.007843 0.011765 0.015686 0.019608 0.023529 0.027451 0.031373 0.035294 0.039216 0.043137 0.047059 0.050980 0.054902 0.058824 0.062745 0.066667 0.070588 0.074510 0.078431 0.082353 0.086275 0.090196 0.094118 0.098039 0.101961 0.105882 0.109804 0.113725 0.117647 0.121569 0.125490 0.129412 0.133333 0.137255 0.141176 0.145098 0.149020 0.152941 0.156863 0.160784 0.164706 0.168627 0.172549 0.176471 0.180392 0.184314 0.188235 0.192157 0.196078 0.200000 0.203922 0.207843 0.211765 0.215686 0.219608 0.223529 0.227451 0.231373 0.235294 0.239216 0.243137 0.247059 0.250980 0.254902 0.258824 0.262745 0.266667 0.270588 0.274510 0.278431 0.282353 0.286275 0.290196 0.294118 0.298039 0.301961 0.305882 0.309804 0.313725 0.317647 0.321569 0.325490 0.329412 0.333333 0.337255 0.341176 0.345098 0.349020 0.352941 0.356863 0.360784 0.364706 0.368627 0.372549 0.376471 0.380392 0.384314 0.388235 0.392157 0.396078 0.400000 0.403922 0.407843 0.411765 0.415686 0.419608 0.423529 0.427451 0.431373 0.435294 0.439216 0.443137 0.447059 0.450980 0.454902 0.458824 0.462745 0.466667 0.470588 0.474510 0.478431 0.482353 0.486275 0.490196 0.494118 0.498039 0.501961 0.505882 0.509804 0.513725 0.517647 0.521569 0.525490 0.529412 0.533333 0.537255 0.541176 0.545098 0.549020 0.552941 0.556863 0.560784 0.564706 0.568627 0.572549 0.576471 0.580392 0.584314 0.588235 0.592157 0.596078 0.600000 0.603922 0.607843 0.611765 0.615686 0.619608 0.623529 0.627451 0.631373 0.635294 0.639216 0.643137 0.647059 0.650980 0.654902 0.658824 0.662745 0.666667 0.670588 0.674510 0.678431 0.682353 0.686275 0.690196 0.694118 0.698039 0.701961 0.705882 0.709804 0.713725 0.717647 0.721569 0.725490 0.729412 0.733333 0.737255 0.741176 0.745098 0.749020 0.752941 0.756863 0.760784 0.764706 0.768627 0.772549 0.776471 0.780392 0.784314 0.788235 0.792157 0.796078 0.800000 0.803922 0.807843 0.811765 0.815686 0.819608 0.823529 0.827451 0.831373 0.835294 0.839216 0.843137 0.847059 0.850980 0.854902 0.858824 0.862745 0.866667 0.870588 0.874510 0.878431 0.882353 0.886275 0.890196 0.894118 0.898039 0.901961 0.905882 0.909804 0.913725 0.917647 0.921569 0.925490 0.929412 0.933333 0.937255 0.941176 0.945098 0.949020 0.952941 0.956863 0.960784 0.964706 0.968627 0.972549 0.976471 0.980392 0.984314 0.988235 0.992157 0.996078 1.000000))
(time 0)
(channel red)
(curve
   (curve-type smooth)
   (n-points 17)
   (points 34 -1.0 -1.0 -1.0 -1.0 -1.0 -1.0 -1.0 -1.0 -1.0 -1.0 -1.0 -1.0 -1.0 -1.0 -1.0 -1.0 -1.0 -1.0 -1.0 -1.0 -1.0 -1.0 -1.0 -1.0 -1.0 -1.0 -1.0 -1.0 -1.0 -1.0 -1.0 -1.0 -1.0 -1.0)
(n-samples 256)
(samples 256  0.000224 0.001401 0.004505 0.007518 0.010648 0.013589 0.016636 0.019613 0.022734 0.025814 0.028937 0.031988 0.035154 0.038330 0.041493 0.044670 0.047930 0.051131 0.054362 0.057638 0.060961 0.064347 0.067681 0.071063 0.074461 0.077914 0.081406 0.084975 0.088504 0.092143 0.095855 0.099471 0.103214 0.106985 0.110818 0.114691 0.118576 0.122572 0.126568 0.130602 0.134717 0.138897 0.143100 0.147402 0.151672 0.156069 0.160434 0.164901 0.169376 0.173832 0.178389 0.182948 0.187517 0.192191 0.196825 0.201481 0.206217 0.210875 0.215645 0.220398 0.225089 0.229882 0.234673 0.239469 0.244245 0.249021 0.253838 0.258627 0.263406 0.268203 0.272997 0.277802 0.282540 0.287305 0.292048 0.296817 0.301624 0.306369 0.311046 0.315778 0.320542 0.325279 0.329924 0.334621 0.339321 0.343974 0.348711 0.353311 0.358056 0.362629 0.367339 0.371970 0.376559 0.381228 0.385861 0.390445 0.395024 0.399623 0.404260 0.408818 0.413432 0.417985 0.422510 0.427167 0.431646 0.436290 0.440776 0.445394 0.449999 0.454436 0.459059 0.463583 0.468100 0.472530 0.477177 0.481718 0.486168 0.490629 0.495226 0.499754 0.504291 0.508623 0.513149 0.517646 0.522114 0.526344 0.530824 0.535356 0.539733 0.544079 0.548490 0.552738 0.557130 0.561486 0.565702 0.570043 0.574221 0.578412 0.582590 0.586862 0.591024 0.595056 0.599384 0.603413 0.607564 0.611654 0.615767 0.619860 0.623991 0.628042 0.632120 0.636201 0.640252 0.644283 0.648384 0.652408 0.656482 0.660466 0.664466 0.668499 0.672491 0.676454 0.680440 0.684368 0.688277 0.692215 0.696158 0.700022 0.703910 0.707774 0.711610 0.715409 0.719191 0.723093 0.726843 0.730642 0.734413 0.738264 0.742026 0.745844 0.749512 0.753269 0.756905 0.760685 0.764354 0.768029 0.771721 0.775238 0.778885 0.782408 0.786027 0.789561 0.792992 0.796574 0.800164 0.803464 0.807026 0.810584 0.813842 0.817424 0.820966 0.824458 0.827700 0.830990 0.834728 0.838073 0.841400 0.844795 0.848088 0.851734 0.854882 0.858801 0.861820 0.865200 0.868081 0.873300 0.877587 0.877465 0.882293 0.887124 0.888515 0.890850 0.898039 0.896970 0.902241 0.907625 0.906275 0.917647 0.915686 0.915294 0.917647 0.929412 0.927451 0.921569 0.929412 0.932026 0.937255 0.949020 0.952941 0.945098 0.945098 0.956863 0.956863 0.956863 0.956863 0.956863 0.956863 0.956863 0.956863 0.956863 0.956863 0.956863 0.956863 0.956863 0.956863 0.956863))
(time 0)
(channel green)
(curve
   (curve-type smooth)
   (n-points 17)
   (points 34 -1.0 -1.0 -1.0 -1.0 -1.0 -1.0 -1.0 -1.0 -1.0 -1.0 -1.0 -1.0 -1.0 -1.0 -1.0 -1.0 -1.0 -1.0 -1.0 -1.0 -1.0 -1.0 -1.0 -1.0 -1.0 -1.0 -1.0 -1.0 -1.0 -1.0 -1.0 -1.0 -1.0 -1.0)
(n-samples 256)
(samples 256  0.000358 0.000731 0.003684 0.006426 0.009121 0.012002 0.014806 0.017655 0.020477 0.023319 0.026214 0.029011 0.031930 0.034831 0.037695 0.040644 0.043585 0.046548 0.049509 0.052494 0.055557 0.058607 0.061650 0.064743 0.067830 0.070964 0.074156 0.077377 0.080604 0.083912 0.087205 0.090578 0.093928 0.097384 0.100807 0.104284 0.107781 0.111405 0.114967 0.118686 0.122322 0.126062 0.129886 0.133710 0.137616 0.141555 0.145546 0.149551 0.153622 0.157752 0.161899 0.166092 0.170347 0.174549 0.178871 0.183185 0.187509 0.191873 0.196290 0.200653 0.205109 0.209577 0.214058 0.218556 0.223123 0.227614 0.232180 0.236717 0.241316 0.245791 0.250465 0.255033 0.259619 0.264161 0.268820 0.273441 0.278081 0.282648 0.287242 0.291870 0.296485 0.301094 0.305758 0.310345 0.314956 0.319591 0.324113 0.328798 0.333391 0.338067 0.342662 0.347340 0.351961 0.356611 0.361132 0.365757 0.370391 0.375041 0.379553 0.384116 0.388814 0.393363 0.397964 0.402620 0.407224 0.411749 0.416327 0.420900 0.425491 0.429970 0.434599 0.439017 0.443602 0.448219 0.452763 0.457223 0.461649 0.466311 0.470725 0.475386 0.479832 0.484385 0.488690 0.493114 0.497651 0.502158 0.506493 0.511177 0.515551 0.519821 0.524318 0.528740 0.533052 0.537626 0.541997 0.546507 0.550651 0.555085 0.559390 0.563722 0.568158 0.572414 0.576861 0.581079 0.585699 0.589901 0.594260 0.598696 0.603279 0.607872 0.612295 0.616721 0.621080 0.625563 0.629870 0.634167 0.638524 0.642779 0.647068 0.651388 0.655491 0.659715 0.663830 0.667963 0.672105 0.676221 0.680338 0.684440 0.688478 0.692550 0.696646 0.700781 0.704815 0.708851 0.712809 0.716847 0.720685 0.724681 0.728522 0.732497 0.736273 0.740164 0.744013 0.747665 0.751419 0.755196 0.759134 0.762731 0.766733 0.770445 0.774093 0.778010 0.781535 0.785465 0.789062 0.792909 0.796531 0.799777 0.804080 0.807905 0.811405 0.815591 0.819083 0.823002 0.825242 0.829226 0.831567 0.836175 0.839623 0.844835 0.847315 0.847686 0.856663 0.859364 0.863137 0.860987 0.869080 0.868627 0.876078 0.868627 0.868627 0.874510 0.884314 0.898039 0.898039 0.901961 0.901961 0.901961 0.901961 0.901961 0.901961 0.901961 0.901961 0.901961 0.901961 0.901961 0.901961 0.901961 0.901961 0.901961 0.901961 0.901961 0.901961 0.901961 0.901961 0.901961 0.901961 0.901961 0.901961 0.901961 0.901961 0.901961 0.901961 0.901961 0.901961 0.901961))
(time 0)
(channel blue)
(curve
   (curve-type smooth)
   (n-points 17)
   (points 34 -1.0 -1.0 -1.0 -1.0 -1.0 -1.0 -1.0 -1.0 -1.0 -1.0 -1.0 -1.0 -1.0 -1.0 -1.0 -1.0 -1.0 -1.0 -1.0 -1.0 -1.0 -1.0 -1.0 -1.0 -1.0 -1.0 -1.0 -1.0 -1.0 -1.0 -1.0 -1.0 -1.0 -1.0)
(n-samples 256)
(samples 256  0.000050 0.000391 0.003790 0.006560 0.009194 0.012065 0.014915 0.017735 0.020570 0.023455 0.026311 0.029170 0.032071 0.034974 0.037883 0.040824 0.043768 0.046718 0.049701 0.052678 0.055696 0.058747 0.061801 0.064878 0.067973 0.071075 0.074216 0.077417 0.080594 0.083837 0.087084 0.090370 0.093720 0.097080 0.100489 0.103967 0.107455 0.111040 0.114659 0.118287 0.122000 0.125762 0.129554 0.133418 0.137280 0.141235 0.145213 0.149246 0.153321 0.157410 0.161566 0.165766 0.169982 0.174249 0.178569 0.182872 0.187207 0.191581 0.196052 0.200481 0.204965 0.209481 0.214095 0.218554 0.223112 0.227733 0.232361 0.236976 0.241564 0.246198 0.250854 0.255498 0.260108 0.264790 0.269430 0.274017 0.278740 0.283364 0.288019 0.292612 0.297296 0.301894 0.306547 0.311155 0.315846 0.320332 0.325099 0.329630 0.334203 0.338861 0.343485 0.348085 0.352602 0.357231 0.361882 0.366503 0.371045 0.375706 0.380236 0.384848 0.389441 0.394035 0.398726 0.403232 0.407853 0.412361 0.417000 0.421593 0.426159 0.430589 0.435272 0.439796 0.444405 0.448962 0.453454 0.458039 0.462597 0.467101 0.471559 0.476191 0.480676 0.485165 0.489644 0.494218 0.498713 0.503207 0.507669 0.512021 0.516619 0.521059 0.525462 0.530093 0.534380 0.538775 0.543209 0.547495 0.551924 0.556380 0.560728 0.564971 0.569488 0.573675 0.577996 0.582305 0.586595 0.590914 0.595283 0.599518 0.603859 0.608149 0.612324 0.616675 0.620939 0.625118 0.629450 0.633623 0.637935 0.642144 0.646385 0.650690 0.654861 0.659004 0.663166 0.667306 0.671427 0.675587 0.679610 0.683675 0.687753 0.691847 0.695872 0.699920 0.703924 0.707944 0.711969 0.715925 0.719874 0.723873 0.727803 0.731694 0.735613 0.739481 0.743365 0.747247 0.751072 0.754899 0.758693 0.762460 0.766248 0.770007 0.773788 0.777486 0.781271 0.784863 0.788609 0.792370 0.796018 0.799505 0.803205 0.807081 0.810160 0.814267 0.816637 0.820890 0.824888 0.826797 0.831577 0.835008 0.838875 0.844510 0.846975 0.850039 0.853840 0.855940 0.859836 0.864986 0.866510 0.876190 0.873638 0.880392 0.866667 0.875817 0.875817 0.875817 0.875817 0.875817 0.875817 0.875817 0.875817 0.875817 0.875817 0.875817 0.875817 0.875817 0.875817 0.875817 0.875817 0.875817 0.875817 0.875817 0.875817 0.875817 0.875817 0.875817 0.875817 0.875817 0.875817 0.875817 0.875817 0.875817 0.875817 0.875817 0.875817 0.875817 0.875817 0.875817))
