# GIMP curves tool settings
(time 0)
(channel value)
(curve
   (curve-type smooth)
   (n-points 17)
   (points 34 -1.0 -1.0 -1.0 -1.0 -1.0 -1.0 -1.0 -1.0 -1.0 -1.0 -1.0 -1.0 -1.0 -1.0 -1.0 -1.0 -1.0 -1.0 -1.0 -1.0 -1.0 -1.0 -1.0 -1.0 -1.0 -1.0 -1.0 -1.0 -1.0 -1.0 -1.0 -1.0 -1.0 -1.0)
(n-samples 256)
(samples 256  0.000000 0.003922 0.007843 0.011765 0.015686 0.019608 0.023529 0.027451 0.031373 0.035294 0.039216 0.043137 0.047059 0.050980 0.054902 0.058824 0.062745 0.066667 0.070588 0.074510 0.078431 0.082353 0.086275 0.090196 0.094118 0.098039 0.101961 0.105882 0.109804 0.113725 0.117647 0.121569 0.125490 0.129412 0.133333 0.137255 0.141176 0.145098 0.149020 0.152941 0.156863 0.160784 0.164706 0.168627 0.172549 0.176471 0.180392 0.184314 0.188235 0.192157 0.196078 0.200000 0.203922 0.207843 0.211765 0.215686 0.219608 0.223529 0.227451 0.231373 0.235294 0.239216 0.243137 0.247059 0.250980 0.254902 0.258824 0.262745 0.266667 0.270588 0.274510 0.278431 0.282353 0.286275 0.290196 0.294118 0.298039 0.301961 0.305882 0.309804 0.313725 0.317647 0.321569 0.325490 0.329412 0.333333 0.337255 0.341176 0.345098 0.349020 0.352941 0.356863 0.360784 0.364706 0.368627 0.372549 0.376471 0.380392 0.384314 0.388235 0.392157 0.396078 0.400000 0.403922 0.407843 0.411765 0.415686 0.419608 0.423529 0.427451 0.431373 0.435294 0.439216 0.443137 0.447059 0.450980 0.454902 0.458824 0.462745 0.466667 0.470588 0.474510 0.478431 0.482353 0.486275 0.490196 0.494118 0.498039 0.501961 0.505882 0.509804 0.513725 0.517647 0.521569 0.525490 0.529412 0.533333 0.537255 0.541176 0.545098 0.549020 0.552941 0.556863 0.560784 0.564706 0.568627 0.572549 0.576471 0.580392 0.584314 0.588235 0.592157 0.596078 0.600000 0.603922 0.607843 0.611765 0.615686 0.619608 0.623529 0.627451 0.631373 0.635294 0.639216 0.643137 0.647059 0.650980 0.654902 0.658824 0.662745 0.666667 0.670588 0.674510 0.678431 0.682353 0.686275 0.690196 0.694118 0.698039 0.701961 0.705882 0.709804 0.713725 0.717647 0.721569 0.725490 0.729412 0.733333 0.737255 0.741176 0.745098 0.749020 0.752941 0.756863 0.760784 0.764706 0.768627 0.772549 0.776471 0.780392 0.784314 0.788235 0.792157 0.796078 0.800000 0.803922 0.807843 0.811765 0.815686 0.819608 0.823529 0.827451 0.831373 0.835294 0.839216 0.843137 0.847059 0.850980 0.854902 0.858824 0.862745 0.866667 0.870588 0.874510 0.878431 0.882353 0.886275 0.890196 0.894118 0.898039 0.901961 0.905882 0.909804 0.913725 0.917647 0.921569 0.925490 0.929412 0.933333 0.937255 0.941176 0.945098 0.949020 0.952941 0.956863 0.960784 0.964706 0.968627 0.972549 0.976471 0.980392 0.984314 0.988235 0.992157 0.996078 1.000000))
(time 0)
(channel red)
(curve
   (curve-type smooth)
   (n-points 17)
   (points 34 -1.0 -1.0 -1.0 -1.0 -1.0 -1.0 -1.0 -1.0 -1.0 -1.0 -1.0 -1.0 -1.0 -1.0 -1.0 -1.0 -1.0 -1.0 -1.0 -1.0 -1.0 -1.0 -1.0 -1.0 -1.0 -1.0 -1.0 -1.0 -1.0 -1.0 -1.0 -1.0 -1.0 -1.0)
(n-samples 256)
(samples 256  0.006420 0.005904 0.006290 0.007766 0.010183 0.012607 0.014740 0.016817 0.019686 0.022332 0.025980 0.027566 0.030727 0.034177 0.036417 0.039596 0.044082 0.046831 0.049305 0.052138 0.055645 0.058530 0.062538 0.065293 0.068592 0.071823 0.075407 0.077772 0.081047 0.085298 0.088373 0.091660 0.095549 0.098182 0.101791 0.105547 0.107603 0.112223 0.115401 0.118585 0.121471 0.126133 0.129992 0.132902 0.137041 0.139294 0.143936 0.147324 0.151128 0.154526 0.158641 0.161640 0.165353 0.169013 0.173562 0.177145 0.179643 0.184449 0.187819 0.191261 0.195548 0.199243 0.203172 0.206875 0.210889 0.214568 0.218145 0.221526 0.225457 0.230216 0.234118 0.236639 0.241027 0.244926 0.248914 0.252201 0.256613 0.260785 0.265122 0.268691 0.271786 0.276056 0.280121 0.285313 0.288949 0.292426 0.296550 0.300917 0.304480 0.308479 0.312514 0.317575 0.320950 0.325120 0.329314 0.334177 0.337250 0.340810 0.344893 0.349152 0.353541 0.356909 0.362176 0.365858 0.369517 0.374091 0.377964 0.382626 0.386085 0.390521 0.394605 0.398723 0.403391 0.407004 0.411694 0.415410 0.419452 0.424201 0.428505 0.431385 0.436844 0.441508 0.445148 0.448765 0.453196 0.456977 0.461597 0.465833 0.469781 0.473693 0.478182 0.482457 0.487154 0.491408 0.495686 0.499607 0.503877 0.506775 0.511744 0.516295 0.520870 0.525023 0.529046 0.532979 0.537707 0.542359 0.545531 0.550629 0.554559 0.559558 0.563135 0.566917 0.571403 0.575511 0.579508 0.583843 0.587767 0.591895 0.597021 0.599852 0.604483 0.609302 0.612519 0.616801 0.621062 0.624892 0.629626 0.633975 0.638329 0.642122 0.647533 0.650442 0.655094 0.658255 0.662663 0.667245 0.670721 0.675130 0.679369 0.682436 0.688229 0.692113 0.696177 0.700445 0.705081 0.708380 0.712002 0.717614 0.720910 0.725902 0.729729 0.733920 0.737705 0.742249 0.746651 0.750308 0.755435 0.759432 0.762173 0.766757 0.771805 0.774896 0.778829 0.782739 0.787888 0.791595 0.796897 0.800745 0.803663 0.807756 0.813166 0.816544 0.821473 0.825118 0.829761 0.833824 0.836685 0.841579 0.845628 0.849713 0.854067 0.858451 0.862319 0.866462 0.870109 0.874340 0.878382 0.882147 0.887202 0.891183 0.895801 0.898688 0.903309 0.907462 0.911686 0.915831 0.920694 0.924079 0.927845 0.931947 0.937151 0.940837 0.944337 0.949442 0.953353 0.957774 0.961452 0.965436 0.970212 0.973047 0.977200 0.981092 0.983687 0.986966 0.988144 0.990839))
(time 0)
(channel green)
(curve
   (curve-type smooth)
   (n-points 17)
   (points 34 -1.0 -1.0 -1.0 -1.0 -1.0 -1.0 -1.0 -1.0 -1.0 -1.0 -1.0 -1.0 -1.0 -1.0 -1.0 -1.0 -1.0 -1.0 -1.0 -1.0 -1.0 -1.0 -1.0 -1.0 -1.0 -1.0 -1.0 -1.0 -1.0 -1.0 -1.0 -1.0 -1.0 -1.0)
(n-samples 256)
(samples 256  0.007685 0.008409 0.009350 0.010732 0.013109 0.015278 0.017113 0.019022 0.022421 0.024881 0.028047 0.030658 0.035099 0.037103 0.039550 0.043957 0.046201 0.050163 0.053015 0.055970 0.058463 0.062927 0.066116 0.069393 0.072289 0.075884 0.079056 0.081891 0.085647 0.087090 0.093190 0.095382 0.099063 0.102234 0.105759 0.108993 0.111872 0.115002 0.119548 0.123091 0.126940 0.129950 0.133326 0.137109 0.140171 0.143385 0.146998 0.152088 0.154869 0.158273 0.161193 0.165483 0.169480 0.173417 0.176894 0.180151 0.183876 0.187922 0.190855 0.195396 0.198703 0.201935 0.206661 0.210875 0.214689 0.217386 0.221538 0.225518 0.228757 0.233424 0.236926 0.241434 0.245581 0.248493 0.252363 0.256480 0.260387 0.264092 0.268450 0.272507 0.276841 0.280095 0.284209 0.288413 0.291674 0.295971 0.299870 0.303069 0.309544 0.312604 0.317343 0.320362 0.324532 0.327447 0.332330 0.337117 0.340663 0.344132 0.348329 0.353746 0.357063 0.360623 0.365063 0.370580 0.373543 0.377182 0.382201 0.385833 0.389296 0.393600 0.398302 0.403185 0.406291 0.411044 0.414514 0.419539 0.423674 0.427303 0.430983 0.435137 0.440159 0.444693 0.448063 0.452127 0.456534 0.460619 0.465003 0.468999 0.473052 0.477612 0.481906 0.485927 0.490631 0.494560 0.498350 0.502441 0.507034 0.511318 0.515155 0.519409 0.523306 0.527838 0.532870 0.535890 0.540110 0.544094 0.548703 0.552959 0.557500 0.562214 0.565353 0.569406 0.573583 0.577227 0.582771 0.587095 0.590339 0.595230 0.599011 0.603595 0.607981 0.610807 0.615400 0.618392 0.624393 0.628663 0.632865 0.637380 0.640378 0.644803 0.648340 0.653503 0.657596 0.662105 0.665564 0.669969 0.674097 0.677956 0.682998 0.686598 0.690665 0.694436 0.698693 0.703545 0.707073 0.711345 0.715009 0.718361 0.724341 0.728557 0.732535 0.736327 0.740207 0.743831 0.748797 0.753108 0.756963 0.760555 0.765247 0.768680 0.773647 0.777792 0.782108 0.785754 0.789540 0.793675 0.798898 0.801453 0.806006 0.810837 0.814301 0.818584 0.822591 0.828015 0.831452 0.834798 0.837905 0.843826 0.848107 0.851612 0.856202 0.860210 0.864488 0.868591 0.872843 0.876225 0.880844 0.885469 0.889403 0.894273 0.897113 0.901528 0.905916 0.909582 0.913248 0.919923 0.922659 0.925816 0.929907 0.933760 0.938188 0.941743 0.945758 0.949912 0.953389 0.957370 0.960881 0.966038 0.970420 0.973703 0.977079 0.980153 0.984615 0.987631 0.990315 0.992070))
(time 0)
(channel blue)
(curve
   (curve-type smooth)
   (n-points 17)
   (points 34 -1.0 -1.0 -1.0 -1.0 -1.0 -1.0 -1.0 -1.0 -1.0 -1.0 -1.0 -1.0 -1.0 -1.0 -1.0 -1.0 -1.0 -1.0 -1.0 -1.0 -1.0 -1.0 -1.0 -1.0 -1.0 -1.0 -1.0 -1.0 -1.0 -1.0 -1.0 -1.0 -1.0 -1.0)
(n-samples 256)
(samples 256  0.006326 0.005537 0.005614 0.006142 0.008011 0.010028 0.012198 0.014414 0.017718 0.019486 0.022603 0.025360 0.028708 0.031916 0.035582 0.038223 0.041650 0.045157 0.048026 0.050798 0.053697 0.057255 0.060766 0.063486 0.066677 0.070280 0.073099 0.076927 0.079616 0.082475 0.086080 0.089917 0.093342 0.096662 0.100315 0.103139 0.106715 0.109921 0.113084 0.116468 0.120348 0.124820 0.127124 0.130335 0.134160 0.137818 0.140882 0.144280 0.148779 0.151530 0.155970 0.159486 0.163340 0.166482 0.169830 0.173236 0.177002 0.180865 0.184598 0.188069 0.191918 0.196116 0.199872 0.203109 0.207457 0.211053 0.214281 0.218974 0.221593 0.226019 0.230011 0.234143 0.237707 0.241872 0.245791 0.249604 0.253470 0.257351 0.261635 0.264954 0.268819 0.273004 0.277208 0.281067 0.284898 0.288832 0.292976 0.296559 0.301225 0.304635 0.308834 0.312332 0.316589 0.320439 0.325071 0.328907 0.332281 0.336157 0.341211 0.344622 0.349264 0.352634 0.356869 0.361514 0.365628 0.369560 0.374284 0.377913 0.382945 0.387355 0.390883 0.395143 0.398116 0.402549 0.407486 0.410825 0.415639 0.418853 0.422384 0.429157 0.431889 0.436418 0.440033 0.444182 0.448510 0.452909 0.458052 0.461751 0.465663 0.469846 0.473334 0.477983 0.482322 0.486112 0.490644 0.494642 0.498791 0.503349 0.507644 0.511267 0.515101 0.520069 0.523963 0.528080 0.532991 0.537480 0.540840 0.545207 0.549040 0.553432 0.557704 0.561571 0.566232 0.570648 0.574883 0.578424 0.582915 0.586572 0.590672 0.595498 0.599301 0.603210 0.607446 0.611549 0.614836 0.620209 0.624290 0.627898 0.631967 0.637612 0.639908 0.645298 0.648274 0.652779 0.657002 0.661616 0.665061 0.669952 0.673498 0.677724 0.682457 0.687055 0.690508 0.695275 0.698422 0.701638 0.706465 0.709742 0.715966 0.720107 0.723867 0.728210 0.732194 0.736034 0.740434 0.744074 0.748334 0.752360 0.757796 0.761531 0.764454 0.769404 0.772360 0.777247 0.782466 0.785595 0.790427 0.794886 0.799093 0.801591 0.806303 0.810580 0.815646 0.818816 0.822656 0.826516 0.830392 0.834990 0.839454 0.844776 0.848813 0.852216 0.856273 0.862131 0.864483 0.869428 0.874072 0.875851 0.881307 0.885064 0.887553 0.893308 0.897158 0.901662 0.904842 0.907731 0.913111 0.915887 0.920032 0.925620 0.929789 0.933156 0.938161 0.940611 0.945334 0.948380 0.953445 0.955778 0.959966 0.964506 0.969008 0.972329 0.974990 0.977085 0.982756 0.984715))
