# GIMP curves tool settings
(time 0)
(channel value)
(curve
   (curve-type smooth)
   (n-points 17)
   (points 34 -1.0 -1.0 -1.0 -1.0 -1.0 -1.0 -1.0 -1.0 -1.0 -1.0 -1.0 -1.0 -1.0 -1.0 -1.0 -1.0 -1.0 -1.0 -1.0 -1.0 -1.0 -1.0 -1.0 -1.0 -1.0 -1.0 -1.0 -1.0 -1.0 -1.0 -1.0 -1.0 -1.0 -1.0)
(n-samples 256)
(samples 256  0.000000 0.003922 0.007843 0.011765 0.015686 0.019608 0.023529 0.027451 0.031373 0.035294 0.039216 0.043137 0.047059 0.050980 0.054902 0.058824 0.062745 0.066667 0.070588 0.074510 0.078431 0.082353 0.086275 0.090196 0.094118 0.098039 0.101961 0.105882 0.109804 0.113725 0.117647 0.121569 0.125490 0.129412 0.133333 0.137255 0.141176 0.145098 0.149020 0.152941 0.156863 0.160784 0.164706 0.168627 0.172549 0.176471 0.180392 0.184314 0.188235 0.192157 0.196078 0.200000 0.203922 0.207843 0.211765 0.215686 0.219608 0.223529 0.227451 0.231373 0.235294 0.239216 0.243137 0.247059 0.250980 0.254902 0.258824 0.262745 0.266667 0.270588 0.274510 0.278431 0.282353 0.286275 0.290196 0.294118 0.298039 0.301961 0.305882 0.309804 0.313725 0.317647 0.321569 0.325490 0.329412 0.333333 0.337255 0.341176 0.345098 0.349020 0.352941 0.356863 0.360784 0.364706 0.368627 0.372549 0.376471 0.380392 0.384314 0.388235 0.392157 0.396078 0.400000 0.403922 0.407843 0.411765 0.415686 0.419608 0.423529 0.427451 0.431373 0.435294 0.439216 0.443137 0.447059 0.450980 0.454902 0.458824 0.462745 0.466667 0.470588 0.474510 0.478431 0.482353 0.486275 0.490196 0.494118 0.498039 0.501961 0.505882 0.509804 0.513725 0.517647 0.521569 0.525490 0.529412 0.533333 0.537255 0.541176 0.545098 0.549020 0.552941 0.556863 0.560784 0.564706 0.568627 0.572549 0.576471 0.580392 0.584314 0.588235 0.592157 0.596078 0.600000 0.603922 0.607843 0.611765 0.615686 0.619608 0.623529 0.627451 0.631373 0.635294 0.639216 0.643137 0.647059 0.650980 0.654902 0.658824 0.662745 0.666667 0.670588 0.674510 0.678431 0.682353 0.686275 0.690196 0.694118 0.698039 0.701961 0.705882 0.709804 0.713725 0.717647 0.721569 0.725490 0.729412 0.733333 0.737255 0.741176 0.745098 0.749020 0.752941 0.756863 0.760784 0.764706 0.768627 0.772549 0.776471 0.780392 0.784314 0.788235 0.792157 0.796078 0.800000 0.803922 0.807843 0.811765 0.815686 0.819608 0.823529 0.827451 0.831373 0.835294 0.839216 0.843137 0.847059 0.850980 0.854902 0.858824 0.862745 0.866667 0.870588 0.874510 0.878431 0.882353 0.886275 0.890196 0.894118 0.898039 0.901961 0.905882 0.909804 0.913725 0.917647 0.921569 0.925490 0.929412 0.933333 0.937255 0.941176 0.945098 0.949020 0.952941 0.956863 0.960784 0.964706 0.968627 0.972549 0.976471 0.980392 0.984314 0.988235 0.992157 0.996078 1.000000))
(time 0)
(channel red)
(curve
   (curve-type smooth)
   (n-points 17)
   (points 34 -1.0 -1.0 -1.0 -1.0 -1.0 -1.0 -1.0 -1.0 -1.0 -1.0 -1.0 -1.0 -1.0 -1.0 -1.0 -1.0 -1.0 -1.0 -1.0 -1.0 -1.0 -1.0 -1.0 -1.0 -1.0 -1.0 -1.0 -1.0 -1.0 -1.0 -1.0 -1.0 -1.0 -1.0)
(n-samples 256)
(samples 256  0.000980 0.000980 0.001783 0.001615 0.004729 0.008252 0.012200 0.014838 0.017334 0.020364 0.022745 0.026695 0.028962 0.032612 0.035630 0.039198 0.042447 0.045465 0.049098 0.051816 0.055066 0.058556 0.061849 0.065300 0.068852 0.072015 0.075714 0.079163 0.082782 0.086321 0.090000 0.093670 0.097225 0.100857 0.104754 0.108574 0.112309 0.116267 0.120282 0.124284 0.128446 0.132443 0.136701 0.140828 0.145081 0.149450 0.153805 0.158156 0.162585 0.166957 0.171464 0.175977 0.180537 0.185044 0.189698 0.194418 0.199018 0.203576 0.208260 0.213085 0.217803 0.222550 0.227202 0.232061 0.236725 0.241509 0.246332 0.251048 0.255854 0.260702 0.265436 0.270189 0.274859 0.279714 0.284496 0.289259 0.293948 0.298709 0.303463 0.308219 0.312942 0.317729 0.322438 0.327194 0.331906 0.336631 0.341359 0.346036 0.350779 0.355596 0.360263 0.364929 0.369617 0.374319 0.378988 0.383685 0.388336 0.392989 0.397597 0.402263 0.406850 0.411501 0.416100 0.420711 0.425309 0.429903 0.434438 0.439049 0.443597 0.448203 0.452749 0.457311 0.461818 0.466340 0.470852 0.475364 0.479874 0.484426 0.488842 0.493375 0.497878 0.502332 0.506832 0.511256 0.515709 0.520222 0.524647 0.529096 0.533568 0.537980 0.542440 0.546919 0.551324 0.555767 0.560169 0.564513 0.568957 0.573358 0.577717 0.582064 0.586418 0.590730 0.594937 0.599253 0.603346 0.607577 0.611763 0.615922 0.620099 0.624238 0.628388 0.632409 0.636551 0.640678 0.644752 0.648687 0.652852 0.656873 0.660788 0.664906 0.668907 0.672819 0.676794 0.680963 0.684857 0.688799 0.692696 0.696532 0.700614 0.704471 0.708162 0.712173 0.716057 0.719878 0.723647 0.727618 0.731279 0.735122 0.738872 0.742526 0.746442 0.750231 0.753777 0.757408 0.761288 0.764899 0.768338 0.771774 0.775411 0.778995 0.782476 0.785885 0.789713 0.792997 0.796400 0.799867 0.803237 0.806833 0.810406 0.813780 0.817027 0.820356 0.823948 0.827046 0.830495 0.833780 0.837236 0.840674 0.844076 0.847248 0.850558 0.853904 0.857095 0.860522 0.863811 0.867132 0.870458 0.873649 0.876949 0.880180 0.883438 0.886619 0.889974 0.893161 0.896408 0.899766 0.902909 0.906180 0.909327 0.912604 0.915755 0.918940 0.922209 0.925307 0.928620 0.931711 0.934837 0.937978 0.941212 0.944327 0.947509 0.950448 0.953460 0.956364 0.959255 0.962181 0.965265 0.968123 0.971597 0.974106 0.977212 0.980278 0.983344 0.986308 0.989421 0.992860))
(time 0)
(channel green)
(curve
   (curve-type smooth)
   (n-points 17)
   (points 34 -1.0 -1.0 -1.0 -1.0 -1.0 -1.0 -1.0 -1.0 -1.0 -1.0 -1.0 -1.0 -1.0 -1.0 -1.0 -1.0 -1.0 -1.0 -1.0 -1.0 -1.0 -1.0 -1.0 -1.0 -1.0 -1.0 -1.0 -1.0 -1.0 -1.0 -1.0 -1.0 -1.0 -1.0)
(n-samples 256)
(samples 256  0.001307 0.000000 0.007843 0.007003 0.009255 0.010458 0.014150 0.015820 0.019408 0.022609 0.025606 0.028394 0.030844 0.033898 0.036908 0.039840 0.042835 0.046014 0.048562 0.051892 0.054627 0.057956 0.060855 0.063971 0.067166 0.070202 0.073336 0.076657 0.079907 0.083119 0.086514 0.089613 0.093085 0.096589 0.099985 0.103503 0.107043 0.110617 0.114156 0.117795 0.121546 0.125272 0.129037 0.132883 0.136695 0.140767 0.144713 0.148793 0.152818 0.156990 0.161090 0.165341 0.169542 0.173773 0.178075 0.182458 0.186830 0.191067 0.195488 0.199984 0.204478 0.208954 0.213443 0.218021 0.222505 0.227098 0.231698 0.236242 0.240872 0.245426 0.250093 0.254726 0.259381 0.264012 0.268552 0.273250 0.277826 0.282417 0.287163 0.291702 0.296363 0.301037 0.305624 0.310352 0.314888 0.319593 0.324210 0.328852 0.333482 0.338164 0.342737 0.347424 0.352088 0.356705 0.361394 0.366002 0.370580 0.375202 0.379846 0.384538 0.389123 0.393698 0.398357 0.402988 0.407585 0.412198 0.416790 0.421389 0.426041 0.430580 0.435184 0.439811 0.444372 0.448934 0.453464 0.458059 0.462651 0.467131 0.471765 0.476278 0.480851 0.485350 0.489924 0.494420 0.498962 0.503407 0.507978 0.512480 0.516961 0.521490 0.525958 0.530405 0.534895 0.539449 0.543867 0.548405 0.552786 0.557235 0.561682 0.566136 0.570560 0.575026 0.579423 0.583698 0.588066 0.592492 0.596735 0.601093 0.605371 0.609727 0.613837 0.618324 0.622567 0.626762 0.631003 0.635261 0.639636 0.643725 0.647910 0.651951 0.656067 0.660432 0.664504 0.668695 0.672777 0.676841 0.680963 0.685266 0.689381 0.693394 0.697500 0.701559 0.705559 0.709275 0.713350 0.717083 0.721081 0.725174 0.729039 0.732933 0.736830 0.740605 0.744797 0.748384 0.752288 0.756115 0.759958 0.763724 0.767435 0.771287 0.775036 0.778860 0.782437 0.786143 0.789951 0.793513 0.797358 0.800948 0.804526 0.808272 0.811902 0.815449 0.819134 0.822639 0.826254 0.829726 0.833323 0.836883 0.840360 0.843765 0.847306 0.850696 0.854389 0.857895 0.861344 0.864894 0.868192 0.871593 0.874983 0.878405 0.881859 0.885161 0.888555 0.892032 0.895439 0.898701 0.902148 0.905541 0.908831 0.912150 0.915652 0.919025 0.922341 0.925732 0.929024 0.932288 0.935610 0.938862 0.942149 0.945332 0.948277 0.951352 0.954485 0.957322 0.960763 0.964369 0.967290 0.970870 0.973817 0.976595 0.979673 0.982881 0.985369 0.988498 0.992177 0.994386))
(time 0)
(channel blue)
(curve
   (curve-type smooth)
   (n-points 17)
   (points 34 -1.0 -1.0 -1.0 -1.0 -1.0 -1.0 -1.0 -1.0 -1.0 -1.0 -1.0 -1.0 -1.0 -1.0 -1.0 -1.0 -1.0 -1.0 -1.0 -1.0 -1.0 -1.0 -1.0 -1.0 -1.0 -1.0 -1.0 -1.0 -1.0 -1.0 -1.0 -1.0 -1.0 -1.0)
(n-samples 256)
(samples 256  0.001992 0.002153 0.002496 0.002832 0.004322 0.007005 0.009112 0.013083 0.015440 0.018508 0.021406 0.024273 0.027371 0.030407 0.033340 0.036202 0.039203 0.042104 0.045099 0.048109 0.051151 0.054223 0.057245 0.060361 0.063459 0.066677 0.069802 0.073010 0.076212 0.079468 0.082728 0.086067 0.089359 0.092716 0.096199 0.099627 0.103120 0.106655 0.110207 0.113843 0.117482 0.121193 0.124923 0.128775 0.132607 0.136509 0.140444 0.144424 0.148448 0.152559 0.156688 0.160854 0.165031 0.169239 0.173494 0.177811 0.182100 0.186482 0.190885 0.195280 0.199690 0.204153 0.208647 0.213123 0.217599 0.222168 0.226695 0.231292 0.235804 0.240383 0.244984 0.249603 0.254213 0.258807 0.263430 0.268027 0.272616 0.277169 0.281893 0.286465 0.291171 0.295688 0.300352 0.304955 0.309652 0.314180 0.318846 0.323430 0.328125 0.332661 0.337160 0.341862 0.346593 0.351083 0.355727 0.360447 0.364968 0.369609 0.374229 0.378751 0.383479 0.388015 0.392563 0.397300 0.401868 0.406479 0.411237 0.415659 0.420320 0.424885 0.429434 0.433854 0.438438 0.443063 0.447615 0.452343 0.456715 0.461116 0.465693 0.470315 0.474788 0.479191 0.483814 0.488070 0.492614 0.497197 0.501576 0.506121 0.510650 0.514844 0.519620 0.524031 0.528291 0.532711 0.536981 0.541552 0.545864 0.550269 0.554410 0.558849 0.563076 0.567525 0.571924 0.576139 0.580492 0.584918 0.589194 0.593500 0.597785 0.602120 0.606570 0.610827 0.614974 0.619296 0.623693 0.627872 0.632061 0.636342 0.640601 0.644791 0.648988 0.653206 0.657326 0.661463 0.665732 0.669817 0.673933 0.678153 0.682194 0.686242 0.690363 0.694372 0.698216 0.702265 0.706346 0.710225 0.714164 0.717957 0.721826 0.725771 0.729725 0.733605 0.737528 0.741430 0.745176 0.748920 0.752839 0.756754 0.760344 0.764329 0.767868 0.771782 0.775461 0.779151 0.782915 0.786593 0.790221 0.794035 0.797451 0.801269 0.804851 0.808524 0.811908 0.815593 0.819215 0.822912 0.826420 0.830179 0.833614 0.837270 0.840893 0.844467 0.848168 0.851576 0.854993 0.858540 0.861908 0.865380 0.868783 0.872211 0.875603 0.879060 0.882486 0.885898 0.889259 0.892668 0.896056 0.899490 0.902833 0.906238 0.909709 0.913064 0.916515 0.919815 0.923289 0.926609 0.929989 0.933540 0.936979 0.940283 0.943687 0.947029 0.950349 0.953625 0.956927 0.960306 0.963535 0.966769 0.970077 0.973449 0.976793 0.980199 0.983395 0.986685 0.989452 0.992351))
