# GIMP curves tool settings

(time 0)
(channel value)
(curve
    (curve-type smooth)
    (n-points 17)
    (points 34 0.000000 0.000000 -1.000000 -1.000000 0.121569 0.121569 -1.000000 -1.000000 0.247059 0.247059 -1.000000 -1.000000 0.372549 0.372549 -1.000000 -1.000000 0.498039 0.498039 -1.000000 -1.000000 0.623529 0.623529 -1.000000 -1.000000 0.749020 0.749020 -1.000000 -1.000000 0.874510 0.874510 -1.000000 -1.000000 1.000000 1.000000)
    (n-samples 256)
    (samples 256 0.000000 0.003922 0.007843 0.011765 0.015686 0.019608 0.023529 0.027451 0.031373 0.035294 0.039216 0.043137 0.047059 0.050980 0.054902 0.058824 0.062745 0.066667 0.070588 0.074510 0.078431 0.082353 0.086275 0.090196 0.094118 0.098039 0.101961 0.105882 0.109804 0.113725 0.117647 0.121569 0.125491 0.129412 0.133334 0.137255 0.141177 0.145098 0.149020 0.152942 0.156863 0.160785 0.164706 0.168628 0.172549 0.176471 0.180393 0.184314 0.188236 0.192157 0.196079 0.200000 0.203922 0.207844 0.211765 0.215687 0.219608 0.223530 0.227451 0.231373 0.235294 0.239216 0.243138 0.247059 0.250981 0.254902 0.258824 0.262745 0.266667 0.270588 0.274510 0.278432 0.282353 0.286275 0.290196 0.294118 0.298039 0.301961 0.305883 0.309804 0.313726 0.317647 0.321569 0.325490 0.329412 0.333334 0.337255 0.341177 0.345098 0.349020 0.352941 0.356863 0.360784 0.364706 0.368628 0.372549 0.376471 0.380392 0.384314 0.388235 0.392157 0.396078 0.400000 0.403922 0.407843 0.411765 0.415686 0.419608 0.423529 0.427451 0.431373 0.435294 0.439216 0.443137 0.447059 0.450980 0.454902 0.458824 0.462745 0.466667 0.470588 0.474510 0.478431 0.482353 0.486274 0.490196 0.494118 0.498039 0.501961 0.505882 0.509804 0.513725 0.517647 0.521568 0.525490 0.529412 0.533333 0.537255 0.541176 0.545098 0.549019 0.552941 0.556863 0.560784 0.564706 0.568627 0.572549 0.576470 0.580392 0.584314 0.588235 0.592157 0.596078 0.600000 0.603921 0.607843 0.611764 0.615686 0.619608 0.623529 0.627451 0.631372 0.635294 0.639215 0.643137 0.647058 0.650980 0.654902 0.658823 0.662745 0.666666 0.670588 0.674509 0.678431 0.682353 0.686274 0.690196 0.694117 0.698039 0.701960 0.705882 0.709804 0.713725 0.717647 0.721568 0.725490 0.729411 0.733333 0.737254 0.741176 0.745098 0.749020 0.752942 0.756863 0.760785 0.764706 0.768628 0.772549 0.776471 0.780393 0.784314 0.788236 0.792157 0.796079 0.800000 0.803922 0.807844 0.811765 0.815687 0.819608 0.823530 0.827451 0.831373 0.835295 0.839216 0.843138 0.847059 0.850981 0.854902 0.858824 0.862745 0.866667 0.870589 0.874510 0.878432 0.882353 0.886275 0.890196 0.894118 0.898039 0.901961 0.905883 0.909804 0.913726 0.917647 0.921569 0.925490 0.929412 0.933334 0.937255 0.941177 0.945098 0.949020 0.952941 0.956863 0.960785 0.964706 0.968628 0.972549 0.976471 0.980392 0.984314 0.988235 0.992157 0.996079 1.000000))
(time 0)
(channel red)
(curve
    (curve-type smooth)
    (n-points 17)
    (points 34 0.000000 0.006774 -1.000000 -1.000000 0.121569 0.034069 -1.000000 -1.000000 0.247059 0.131084 -1.000000 -1.000000 0.372549 0.370858 -1.000000 -1.000000 0.498039 0.571942 -1.000000 -1.000000 0.623529 0.814253 -1.000000 -1.000000 0.749020 0.935998 -1.000000 -1.000000 0.874510 0.978169 -1.000000 -1.000000 1.000000 0.992270)
    (n-samples 256)
    (samples 256 0.006774 0.007109 0.007447 0.007792 0.008147 0.008516 0.008902 0.009308 0.009738 0.010196 0.010684 0.011206 0.011766 0.012367 0.013012 0.013705 0.014449 0.015247 0.016104 0.017022 0.018005 0.019056 0.020179 0.021376 0.022652 0.024010 0.025454 0.026986 0.028610 0.030329 0.032148 0.034069 0.036040 0.038010 0.039987 0.041978 0.043989 0.046028 0.048100 0.050213 0.052375 0.054591 0.056868 0.059214 0.061635 0.064139 0.066731 0.069420 0.072211 0.075112 0.078130 0.081270 0.084541 0.087950 0.091502 0.095205 0.099066 0.103091 0.107288 0.111663 0.116223 0.120976 0.125927 0.131084 0.136502 0.142220 0.148221 0.154489 0.161007 0.167759 0.174728 0.181897 0.189249 0.196769 0.204439 0.212244 0.220165 0.228187 0.236293 0.244467 0.252691 0.260950 0.269226 0.277503 0.285765 0.293994 0.302174 0.310289 0.318322 0.326256 0.334075 0.341762 0.349300 0.356674 0.363865 0.370858 0.377690 0.384413 0.391035 0.397563 0.404005 0.410367 0.416657 0.422883 0.429052 0.435170 0.441246 0.447287 0.453299 0.459291 0.465269 0.471242 0.477215 0.483197 0.489195 0.495216 0.501268 0.507358 0.513492 0.519679 0.525926 0.532240 0.538628 0.545098 0.551658 0.558313 0.565072 0.571942 0.578967 0.586175 0.593552 0.601082 0.608752 0.616546 0.624449 0.632447 0.640524 0.648667 0.656860 0.665088 0.673336 0.681590 0.689835 0.698056 0.706239 0.714368 0.722428 0.730406 0.738285 0.746051 0.753690 0.761187 0.768526 0.775693 0.782673 0.789452 0.796014 0.802345 0.808430 0.814253 0.819863 0.825319 0.830625 0.835784 0.840801 0.845678 0.850421 0.855031 0.859514 0.863873 0.868112 0.872235 0.876244 0.880145 0.883940 0.887634 0.891230 0.894732 0.898144 0.901470 0.904712 0.907876 0.910965 0.913982 0.916932 0.919817 0.922642 0.925411 0.928127 0.930795 0.933417 0.935998 0.938496 0.940871 0.943127 0.945269 0.947302 0.949231 0.951060 0.952794 0.954437 0.955995 0.957473 0.958874 0.960204 0.961467 0.962668 0.963811 0.964902 0.965946 0.966946 0.967908 0.968836 0.969735 0.970610 0.971465 0.972305 0.973136 0.973961 0.974785 0.975613 0.976450 0.977300 0.978169 0.979028 0.979847 0.980628 0.981371 0.982078 0.982751 0.983390 0.983997 0.984573 0.985120 0.985638 0.986130 0.986595 0.987037 0.987455 0.987851 0.988227 0.988583 0.988922 0.989244 0.989550 0.989842 0.990122 0.990389 0.990647 0.990896 0.991136 0.991371 0.991600 0.991826 0.992048 0.992270))
(time 0)
(channel green)
(curve
    (curve-type smooth)
    (n-points 17)
    (points 34 0.000000 0.006043 -1.000000 -1.000000 0.121569 0.052075 -1.000000 -1.000000 0.247059 0.213156 -1.000000 -1.000000 0.372549 0.408559 -1.000000 -1.000000 0.498039 0.598749 -1.000000 -1.000000 0.623529 0.777726 -1.000000 -1.000000 0.749020 0.907673 -1.000000 -1.000000 0.874510 0.974905 -1.000000 -1.000000 1.000000 0.989791)
    (n-samples 256)
    (samples 256 0.006043 0.006628 0.007218 0.007819 0.008437 0.009078 0.009747 0.010450 0.011192 0.011979 0.012817 0.013711 0.014667 0.015690 0.016787 0.017962 0.019222 0.020572 0.022017 0.023564 0.025218 0.026984 0.028869 0.030877 0.033014 0.035287 0.037701 0.040260 0.042972 0.045841 0.048873 0.052075 0.055454 0.059010 0.062737 0.066628 0.070674 0.074871 0.079209 0.083683 0.088284 0.093007 0.097843 0.102786 0.107829 0.112965 0.118186 0.123485 0.128856 0.134291 0.139783 0.145326 0.150911 0.156532 0.162182 0.167853 0.173539 0.179233 0.184927 0.190615 0.196288 0.201941 0.207566 0.213156 0.218762 0.224436 0.230174 0.235975 0.241833 0.247744 0.253707 0.259716 0.265768 0.271860 0.277987 0.284148 0.290336 0.296550 0.302785 0.309038 0.315306 0.321584 0.327868 0.334157 0.340445 0.346729 0.353005 0.359271 0.365521 0.371754 0.377964 0.384149 0.390304 0.396427 0.402513 0.408559 0.414584 0.420610 0.426635 0.432659 0.438682 0.444702 0.450721 0.456736 0.462747 0.468755 0.474758 0.480755 0.486747 0.492732 0.498710 0.504681 0.510644 0.516598 0.522543 0.528478 0.534403 0.540318 0.546221 0.552112 0.557991 0.563857 0.569709 0.575548 0.581371 0.587180 0.592973 0.598749 0.604530 0.610333 0.616155 0.621993 0.627843 0.633701 0.639565 0.645431 0.651295 0.657153 0.663004 0.668841 0.674664 0.680467 0.686248 0.692003 0.697728 0.703421 0.709077 0.714694 0.720267 0.725793 0.731270 0.736692 0.742058 0.747363 0.752604 0.757777 0.762879 0.767907 0.772857 0.777726 0.782535 0.787309 0.792046 0.796744 0.801403 0.806021 0.810597 0.815130 0.819618 0.824061 0.828456 0.832803 0.837100 0.841347 0.845542 0.849683 0.853770 0.857801 0.861775 0.865690 0.869546 0.873342 0.877075 0.880744 0.884350 0.887889 0.891361 0.894765 0.898099 0.901363 0.904554 0.907673 0.910718 0.913693 0.916599 0.919436 0.922205 0.924908 0.927545 0.930117 0.932626 0.935072 0.937456 0.939779 0.942042 0.944246 0.946392 0.948480 0.950513 0.952490 0.954413 0.956283 0.958100 0.959866 0.961582 0.963248 0.964865 0.966434 0.967957 0.969435 0.970867 0.972256 0.973601 0.974905 0.976150 0.977321 0.978420 0.979450 0.980412 0.981310 0.982145 0.982921 0.983639 0.984301 0.984912 0.985471 0.985983 0.986450 0.986873 0.987255 0.987600 0.987908 0.988183 0.988426 0.988641 0.988829 0.988994 0.989137 0.989260 0.989367 0.989460 0.989541 0.989612 0.989675 0.989734 0.989791))
(time 0)
(channel blue)
(curve
    (curve-type smooth)
    (n-points 17)
    (points 34 0.000000 0.007559 -1.000000 -1.000000 0.121569 0.131904 -1.000000 -1.000000 0.247059 0.315552 -1.000000 -1.000000 0.372549 0.549944 -1.000000 -1.000000 0.498039 0.719997 -1.000000 -1.000000 0.623529 0.846073 -1.000000 -1.000000 0.749020 0.920768 -1.000000 -1.000000 0.874510 0.972836 -1.000000 -1.000000 1.000000 0.991216)
    (n-samples 256)
    (samples 256 0.007559 0.011132 0.014707 0.018288 0.021877 0.025478 0.029091 0.032722 0.036371 0.040042 0.043739 0.047462 0.051216 0.055002 0.058824 0.062684 0.066586 0.070531 0.074523 0.078565 0.082658 0.086806 0.091012 0.095277 0.099606 0.104001 0.108464 0.112999 0.117607 0.122292 0.127057 0.131904 0.136821 0.141795 0.146824 0.151909 0.157050 0.162246 0.167496 0.172801 0.178159 0.183572 0.189038 0.194557 0.200128 0.205752 0.211428 0.217156 0.222935 0.228765 0.234645 0.240576 0.246557 0.252588 0.258668 0.264797 0.270975 0.277201 0.283475 0.289796 0.296165 0.302581 0.309043 0.315552 0.322163 0.328926 0.335829 0.342863 0.350016 0.357279 0.364640 0.372090 0.379617 0.387212 0.394863 0.402560 0.410293 0.418050 0.425822 0.433598 0.441367 0.449119 0.456844 0.464530 0.472167 0.479745 0.487253 0.494681 0.502018 0.509253 0.516376 0.523377 0.530245 0.536969 0.543539 0.549944 0.556222 0.562420 0.568539 0.574580 0.580546 0.586439 0.592260 0.598012 0.603696 0.609314 0.614867 0.620359 0.625790 0.631163 0.636479 0.641740 0.646949 0.652106 0.657215 0.662276 0.667291 0.672263 0.677194 0.682084 0.686937 0.691753 0.696535 0.701285 0.706004 0.710695 0.715358 0.719997 0.724606 0.729179 0.733714 0.738212 0.742672 0.747092 0.751472 0.755812 0.760111 0.764368 0.768583 0.772755 0.776882 0.780965 0.785003 0.788995 0.792940 0.796839 0.800689 0.804491 0.808243 0.811945 0.815597 0.819198 0.822746 0.826242 0.829684 0.833073 0.836407 0.839685 0.842908 0.846073 0.849171 0.852194 0.855144 0.858023 0.860835 0.863581 0.866265 0.868890 0.871457 0.873969 0.876430 0.878841 0.881206 0.883526 0.885805 0.888046 0.890250 0.892421 0.894561 0.896672 0.898758 0.900821 0.902864 0.904889 0.906899 0.908897 0.910884 0.912865 0.914841 0.916815 0.918789 0.920768 0.922743 0.924705 0.926655 0.928590 0.930509 0.932412 0.934298 0.936166 0.938014 0.939841 0.941647 0.943431 0.945192 0.946927 0.948638 0.950322 0.951978 0.953606 0.955204 0.956772 0.958309 0.959812 0.961282 0.962718 0.964118 0.965481 0.966807 0.968094 0.969342 0.970549 0.971714 0.972836 0.973912 0.974941 0.975923 0.976861 0.977755 0.978608 0.979420 0.980194 0.980932 0.981633 0.982301 0.982936 0.983541 0.984116 0.984663 0.985184 0.985681 0.986154 0.986606 0.987038 0.987451 0.987847 0.988228 0.988595 0.988950 0.989293 0.989628 0.989955 0.990276 0.990592 0.990905 0.991216))
(time 0)
(channel alpha)
(curve
    (curve-type free)
    (n-points 17)
    (points 34 -1.000000 -1.000000 -1.000000 -1.000000 -1.000000 -1.000000 -1.000000 -1.000000 -1.000000 -1.000000 -1.000000 -1.000000 -1.000000 -1.000000 -1.000000 -1.000000 -1.000000 -1.000000 -1.000000 -1.000000 -1.000000 -1.000000 -1.000000 -1.000000 -1.000000 -1.000000 -1.000000 -1.000000 -1.000000 -1.000000 -1.000000 -1.000000 -1.000000 -1.000000)
    (n-samples 256)
    (samples 256 0.000000 0.003922 0.007843 0.011765 0.015686 0.019608 0.023529 0.027451 0.031373 0.035294 0.039216 0.043137 0.047059 0.050980 0.054902 0.058824 0.062745 0.066667 0.070588 0.074510 0.078431 0.082353 0.086275 0.090196 0.094118 0.098039 0.101961 0.105882 0.109804 0.113725 0.117647 0.121569 0.125490 0.129412 0.133333 0.137255 0.141176 0.145098 0.149020 0.152941 0.156863 0.160784 0.164706 0.168627 0.172549 0.176471 0.180392 0.184314 0.188235 0.192157 0.196078 0.200000 0.203922 0.207843 0.211765 0.215686 0.219608 0.223529 0.227451 0.231373 0.235294 0.239216 0.243137 0.247059 0.250980 0.254902 0.258824 0.262745 0.266667 0.270588 0.274510 0.278431 0.282353 0.286275 0.290196 0.294118 0.298039 0.301961 0.305882 0.309804 0.313725 0.317647 0.321569 0.325490 0.329412 0.333333 0.337255 0.341176 0.345098 0.349020 0.352941 0.356863 0.360784 0.364706 0.368627 0.372549 0.376471 0.380392 0.384314 0.388235 0.392157 0.396078 0.400000 0.403922 0.407843 0.411765 0.415686 0.419608 0.423529 0.427451 0.431373 0.435294 0.439216 0.443137 0.447059 0.450980 0.454902 0.458824 0.462745 0.466667 0.470588 0.474510 0.478431 0.482353 0.486275 0.490196 0.494118 0.498039 0.501961 0.505882 0.509804 0.513725 0.517647 0.521569 0.525490 0.529412 0.533333 0.537255 0.541176 0.545098 0.549020 0.552941 0.556863 0.560784 0.564706 0.568627 0.572549 0.576471 0.580392 0.584314 0.588235 0.592157 0.596078 0.600000 0.603922 0.607843 0.611765 0.615686 0.619608 0.623529 0.627451 0.631373 0.635294 0.639216 0.643137 0.647059 0.650980 0.654902 0.658824 0.662745 0.666667 0.670588 0.674510 0.678431 0.682353 0.686275 0.690196 0.694118 0.698039 0.701961 0.705882 0.709804 0.713725 0.717647 0.721569 0.725490 0.729412 0.733333 0.737255 0.741176 0.745098 0.749020 0.752941 0.756863 0.760784 0.764706 0.768627 0.772549 0.776471 0.780392 0.784314 0.788235 0.792157 0.796078 0.800000 0.803922 0.807843 0.811765 0.815686 0.819608 0.823529 0.827451 0.831373 0.835294 0.839216 0.843137 0.847059 0.850980 0.854902 0.858824 0.862745 0.866667 0.870588 0.874510 0.878431 0.882353 0.886275 0.890196 0.894118 0.898039 0.901961 0.905882 0.909804 0.913725 0.917647 0.921569 0.925490 0.929412 0.933333 0.937255 0.941176 0.945098 0.949020 0.952941 0.956863 0.960784 0.964706 0.968627 0.972549 0.976471 0.980392 0.984314 0.988235 0.992157 0.996078 1.000000))

# end of curves tool settings
