# GIMP curves tool settings
(time 0)
(channel value)
(curve
   (curve-type smooth)
   (n-points 17)
   (points 34 -1.0 -1.0 -1.0 -1.0 -1.0 -1.0 -1.0 -1.0 -1.0 -1.0 -1.0 -1.0 -1.0 -1.0 -1.0 -1.0 -1.0 -1.0 -1.0 -1.0 -1.0 -1.0 -1.0 -1.0 -1.0 -1.0 -1.0 -1.0 -1.0 -1.0 -1.0 -1.0 -1.0 -1.0)
(n-samples 256)
(samples 256  0.000000 0.003922 0.007843 0.011765 0.015686 0.019608 0.023529 0.027451 0.031373 0.035294 0.039216 0.043137 0.047059 0.050980 0.054902 0.058824 0.062745 0.066667 0.070588 0.074510 0.078431 0.082353 0.086275 0.090196 0.094118 0.098039 0.101961 0.105882 0.109804 0.113725 0.117647 0.121569 0.125490 0.129412 0.133333 0.137255 0.141176 0.145098 0.149020 0.152941 0.156863 0.160784 0.164706 0.168627 0.172549 0.176471 0.180392 0.184314 0.188235 0.192157 0.196078 0.200000 0.203922 0.207843 0.211765 0.215686 0.219608 0.223529 0.227451 0.231373 0.235294 0.239216 0.243137 0.247059 0.250980 0.254902 0.258824 0.262745 0.266667 0.270588 0.274510 0.278431 0.282353 0.286275 0.290196 0.294118 0.298039 0.301961 0.305882 0.309804 0.313725 0.317647 0.321569 0.325490 0.329412 0.333333 0.337255 0.341176 0.345098 0.349020 0.352941 0.356863 0.360784 0.364706 0.368627 0.372549 0.376471 0.380392 0.384314 0.388235 0.392157 0.396078 0.400000 0.403922 0.407843 0.411765 0.415686 0.419608 0.423529 0.427451 0.431373 0.435294 0.439216 0.443137 0.447059 0.450980 0.454902 0.458824 0.462745 0.466667 0.470588 0.474510 0.478431 0.482353 0.486275 0.490196 0.494118 0.498039 0.501961 0.505882 0.509804 0.513725 0.517647 0.521569 0.525490 0.529412 0.533333 0.537255 0.541176 0.545098 0.549020 0.552941 0.556863 0.560784 0.564706 0.568627 0.572549 0.576471 0.580392 0.584314 0.588235 0.592157 0.596078 0.600000 0.603922 0.607843 0.611765 0.615686 0.619608 0.623529 0.627451 0.631373 0.635294 0.639216 0.643137 0.647059 0.650980 0.654902 0.658824 0.662745 0.666667 0.670588 0.674510 0.678431 0.682353 0.686275 0.690196 0.694118 0.698039 0.701961 0.705882 0.709804 0.713725 0.717647 0.721569 0.725490 0.729412 0.733333 0.737255 0.741176 0.745098 0.749020 0.752941 0.756863 0.760784 0.764706 0.768627 0.772549 0.776471 0.780392 0.784314 0.788235 0.792157 0.796078 0.800000 0.803922 0.807843 0.811765 0.815686 0.819608 0.823529 0.827451 0.831373 0.835294 0.839216 0.843137 0.847059 0.850980 0.854902 0.858824 0.862745 0.866667 0.870588 0.874510 0.878431 0.882353 0.886275 0.890196 0.894118 0.898039 0.901961 0.905882 0.909804 0.913725 0.917647 0.921569 0.925490 0.929412 0.933333 0.937255 0.941176 0.945098 0.949020 0.952941 0.956863 0.960784 0.964706 0.968627 0.972549 0.976471 0.980392 0.984314 0.988235 0.992157 0.996078 1.000000))
(time 0)
(channel red)
(curve
   (curve-type smooth)
   (n-points 17)
   (points 34 -1.0 -1.0 -1.0 -1.0 -1.0 -1.0 -1.0 -1.0 -1.0 -1.0 -1.0 -1.0 -1.0 -1.0 -1.0 -1.0 -1.0 -1.0 -1.0 -1.0 -1.0 -1.0 -1.0 -1.0 -1.0 -1.0 -1.0 -1.0 -1.0 -1.0 -1.0 -1.0 -1.0 -1.0)
(n-samples 256)
(samples 256  0.005459 0.004199 0.004276 0.004161 0.004215 0.005061 0.008717 0.012169 0.016114 0.019834 0.023778 0.027643 0.031500 0.034746 0.038505 0.041882 0.045169 0.048717 0.052481 0.056238 0.059846 0.063817 0.067658 0.071496 0.075383 0.079211 0.083069 0.086942 0.090866 0.094753 0.098706 0.102741 0.106635 0.110598 0.114667 0.118688 0.122859 0.126937 0.131058 0.135210 0.139546 0.143603 0.147978 0.152273 0.156664 0.161023 0.165482 0.169920 0.174331 0.178663 0.183355 0.187977 0.192623 0.197328 0.201817 0.206616 0.211332 0.216181 0.221003 0.225872 0.230763 0.235691 0.240591 0.245710 0.250718 0.255766 0.261036 0.266304 0.271241 0.276546 0.282083 0.287061 0.292888 0.298271 0.303676 0.309444 0.315156 0.320811 0.326614 0.332401 0.338459 0.344357 0.350291 0.356853 0.362469 0.368232 0.375136 0.381687 0.387142 0.393381 0.399897 0.406641 0.413012 0.418728 0.425118 0.432131 0.438468 0.444324 0.450554 0.457186 0.463392 0.469920 0.475892 0.481657 0.488169 0.493211 0.499257 0.505291 0.511207 0.516625 0.522289 0.527776 0.532653 0.538696 0.544185 0.548967 0.554130 0.559370 0.564298 0.569162 0.574475 0.579399 0.584040 0.590009 0.594447 0.600273 0.605283 0.610550 0.615257 0.621370 0.627590 0.633341 0.639132 0.646307 0.652018 0.659208 0.667402 0.674424 0.681251 0.689851 0.697185 0.704726 0.710967 0.717889 0.725093 0.730012 0.735267 0.739538 0.744003 0.747353 0.751576 0.754817 0.758160 0.760957 0.763953 0.766976 0.769838 0.772835 0.775595 0.777754 0.780887 0.783107 0.787040 0.789241 0.792761 0.795063 0.798731 0.802542 0.804539 0.808475 0.811788 0.813948 0.816576 0.818704 0.819467 0.821119 0.821911 0.819908 0.821572 0.820564 0.816114 0.816938 0.814678 0.808652 0.810631 0.808032 0.808604 0.811590 0.813188 0.817618 0.822604 0.828556 0.835948 0.837503 0.842765 0.846148 0.848432 0.850417 0.852983 0.853947 0.857922 0.860684 0.864170 0.867325 0.870723 0.873884 0.877871 0.880898 0.885118 0.888941 0.890904 0.891787 0.893685 0.893926 0.899357 0.906383 0.914768 0.917022 0.926275 0.926928 0.932275 0.925303 0.933786 0.932264 0.929412 0.941612 0.937647 0.939608 0.949020 0.952157 0.952941 0.952941 0.958824 0.964706 0.960784 0.966013 0.966667 0.964706 0.972549 0.968627 0.968627 0.976471 0.976471 0.976471 0.976471 0.976471 0.976471 0.976471 0.976471 0.976471 0.976471 0.976471 0.976471 0.976471 0.976471 0.976471))
(time 0)
(channel green)
(curve
   (curve-type smooth)
   (n-points 17)
   (points 34 -1.0 -1.0 -1.0 -1.0 -1.0 -1.0 -1.0 -1.0 -1.0 -1.0 -1.0 -1.0 -1.0 -1.0 -1.0 -1.0 -1.0 -1.0 -1.0 -1.0 -1.0 -1.0 -1.0 -1.0 -1.0 -1.0 -1.0 -1.0 -1.0 -1.0 -1.0 -1.0 -1.0 -1.0)
(n-samples 256)
(samples 256  0.090721 0.089445 0.089113 0.090973 0.091717 0.094301 0.094981 0.097102 0.098386 0.100167 0.101904 0.103316 0.104855 0.106631 0.108325 0.110129 0.111723 0.113642 0.115302 0.117276 0.118995 0.120947 0.122801 0.124660 0.126610 0.128525 0.130673 0.132479 0.134686 0.136574 0.138835 0.140816 0.143141 0.145186 0.147543 0.149802 0.152061 0.154506 0.156913 0.159367 0.161924 0.164405 0.167118 0.169686 0.172339 0.175071 0.177775 0.180555 0.183343 0.186184 0.189056 0.191844 0.194870 0.197884 0.200761 0.203853 0.207059 0.210153 0.213283 0.216652 0.220052 0.223307 0.226793 0.230186 0.233702 0.237192 0.240925 0.244623 0.248285 0.251965 0.255995 0.259893 0.263835 0.267793 0.272078 0.276356 0.280627 0.284958 0.289291 0.293923 0.298635 0.303362 0.308103 0.312810 0.317729 0.322938 0.328000 0.333171 0.338217 0.343200 0.348479 0.353582 0.358837 0.363935 0.369041 0.374080 0.379200 0.384402 0.389307 0.394479 0.399541 0.404690 0.409608 0.414568 0.419119 0.423932 0.428709 0.433436 0.437804 0.442472 0.447134 0.451565 0.456170 0.460813 0.465186 0.470151 0.474836 0.479662 0.484384 0.489367 0.494561 0.499845 0.504758 0.510022 0.515955 0.521230 0.526845 0.532387 0.538037 0.543364 0.549303 0.554631 0.560498 0.566034 0.571698 0.576641 0.582056 0.587337 0.592675 0.597258 0.602707 0.608343 0.613522 0.619699 0.624812 0.631304 0.637033 0.644253 0.651760 0.659125 0.666027 0.673637 0.678648 0.684195 0.688513 0.694351 0.699236 0.703888 0.707937 0.713203 0.717267 0.721788 0.726168 0.730624 0.734532 0.738618 0.742870 0.746648 0.750798 0.755408 0.760765 0.765783 0.770304 0.773917 0.778055 0.781742 0.784592 0.786891 0.789092 0.791414 0.793502 0.796545 0.798648 0.800641 0.801552 0.802946 0.805576 0.807637 0.808660 0.812222 0.815680 0.819457 0.823679 0.827253 0.830242 0.834483 0.839069 0.844354 0.849755 0.852537 0.861340 0.865465 0.870483 0.873752 0.875006 0.879752 0.883828 0.884292 0.888312 0.891952 0.893521 0.897647 0.901080 0.905341 0.908333 0.913996 0.916139 0.917157 0.913725 0.929412 0.929412 0.929412 0.929412 0.937255 0.937255 0.949020 0.949020 0.949020 0.949020 0.949020 0.949020 0.949020 0.949020 0.949020 0.949020 0.949020 0.949020 0.949020 0.949020 0.949020 0.949020 0.949020 0.949020 0.949020 0.949020 0.949020 0.949020 0.949020 0.949020 0.949020 0.949020 0.949020 0.949020 0.949020 0.949020 0.949020))
(time 0)
(channel blue)
(curve
   (curve-type smooth)
   (n-points 17)
   (points 34 -1.0 -1.0 -1.0 -1.0 -1.0 -1.0 -1.0 -1.0 -1.0 -1.0 -1.0 -1.0 -1.0 -1.0 -1.0 -1.0 -1.0 -1.0 -1.0 -1.0 -1.0 -1.0 -1.0 -1.0 -1.0 -1.0 -1.0 -1.0 -1.0 -1.0 -1.0 -1.0 -1.0 -1.0)
(n-samples 256)
(samples 256  0.008781 0.007788 0.008008 0.009269 0.010404 0.011147 0.012324 0.013754 0.015346 0.016603 0.018004 0.019526 0.021175 0.022674 0.024218 0.025827 0.027315 0.029013 0.030548 0.032242 0.033674 0.035284 0.036877 0.038476 0.040096 0.041635 0.043183 0.044864 0.046382 0.047948 0.049559 0.051216 0.052748 0.054507 0.056142 0.057767 0.059549 0.061341 0.063160 0.064866 0.066788 0.068847 0.070686 0.072605 0.074853 0.076931 0.079110 0.081529 0.083793 0.086295 0.088650 0.091305 0.093814 0.096609 0.099259 0.102007 0.105010 0.107747 0.110669 0.113888 0.116962 0.119783 0.123032 0.126519 0.129879 0.132931 0.136074 0.139551 0.143092 0.146569 0.149976 0.153246 0.156585 0.160014 0.163448 0.166884 0.170310 0.173714 0.177198 0.180706 0.184113 0.187657 0.191176 0.194706 0.198279 0.201795 0.205328 0.208948 0.212500 0.216210 0.219744 0.223598 0.227253 0.230874 0.234717 0.238433 0.242132 0.245901 0.249535 0.253315 0.256881 0.260591 0.264188 0.267798 0.271592 0.274962 0.278591 0.282157 0.285658 0.289155 0.292770 0.296307 0.299895 0.303701 0.307464 0.311338 0.315125 0.319080 0.323121 0.327351 0.331501 0.335715 0.339993 0.344563 0.349294 0.354004 0.358690 0.363825 0.368922 0.374460 0.380308 0.386005 0.390648 0.396928 0.402627 0.407503 0.412477 0.417799 0.422186 0.426419 0.430828 0.434729 0.439725 0.443033 0.446320 0.450992 0.455610 0.458555 0.462268 0.467154 0.470664 0.474946 0.480421 0.485039 0.490016 0.496047 0.502127 0.508288 0.514517 0.521746 0.528264 0.534813 0.541328 0.547598 0.553457 0.558882 0.564683 0.570242 0.576263 0.582762 0.588947 0.595271 0.601539 0.607830 0.614007 0.619815 0.625528 0.631393 0.637307 0.642572 0.647660 0.652333 0.657392 0.662235 0.666587 0.671504 0.675746 0.680905 0.685323 0.690903 0.696225 0.701097 0.707038 0.712311 0.716644 0.722816 0.726142 0.728479 0.730427 0.733766 0.730900 0.733875 0.735631 0.747421 0.744222 0.763496 0.768184 0.778840 0.793649 0.790719 0.791907 0.793961 0.815523 0.820300 0.818722 0.824837 0.838275 0.842017 0.843137 0.831373 0.792157 0.813072 0.813072 0.813072 0.813072 0.813072 0.813072 0.813072 0.813072 0.813072 0.813072 0.813072 0.813072 0.813072 0.813072 0.813072 0.813072 0.813072 0.813072 0.813072 0.813072 0.813072 0.813072 0.813072 0.813072 0.813072 0.813072 0.813072 0.813072 0.813072 0.813072 0.813072 0.813072 0.813072 0.813072 0.813072))
