# GIMP curves tool settings
(time 0)
(channel value)
(curve
   (curve-type smooth)
   (n-points 17)
   (points 34 -1.0 -1.0 -1.0 -1.0 -1.0 -1.0 -1.0 -1.0 -1.0 -1.0 -1.0 -1.0 -1.0 -1.0 -1.0 -1.0 -1.0 -1.0 -1.0 -1.0 -1.0 -1.0 -1.0 -1.0 -1.0 -1.0 -1.0 -1.0 -1.0 -1.0 -1.0 -1.0 -1.0 -1.0)
(n-samples 256)
(samples 256  0.000000 0.003922 0.007843 0.011765 0.015686 0.019608 0.023529 0.027451 0.031373 0.035294 0.039216 0.043137 0.047059 0.050980 0.054902 0.058824 0.062745 0.066667 0.070588 0.074510 0.078431 0.082353 0.086275 0.090196 0.094118 0.098039 0.101961 0.105882 0.109804 0.113725 0.117647 0.121569 0.125490 0.129412 0.133333 0.137255 0.141176 0.145098 0.149020 0.152941 0.156863 0.160784 0.164706 0.168627 0.172549 0.176471 0.180392 0.184314 0.188235 0.192157 0.196078 0.200000 0.203922 0.207843 0.211765 0.215686 0.219608 0.223529 0.227451 0.231373 0.235294 0.239216 0.243137 0.247059 0.250980 0.254902 0.258824 0.262745 0.266667 0.270588 0.274510 0.278431 0.282353 0.286275 0.290196 0.294118 0.298039 0.301961 0.305882 0.309804 0.313725 0.317647 0.321569 0.325490 0.329412 0.333333 0.337255 0.341176 0.345098 0.349020 0.352941 0.356863 0.360784 0.364706 0.368627 0.372549 0.376471 0.380392 0.384314 0.388235 0.392157 0.396078 0.400000 0.403922 0.407843 0.411765 0.415686 0.419608 0.423529 0.427451 0.431373 0.435294 0.439216 0.443137 0.447059 0.450980 0.454902 0.458824 0.462745 0.466667 0.470588 0.474510 0.478431 0.482353 0.486275 0.490196 0.494118 0.498039 0.501961 0.505882 0.509804 0.513725 0.517647 0.521569 0.525490 0.529412 0.533333 0.537255 0.541176 0.545098 0.549020 0.552941 0.556863 0.560784 0.564706 0.568627 0.572549 0.576471 0.580392 0.584314 0.588235 0.592157 0.596078 0.600000 0.603922 0.607843 0.611765 0.615686 0.619608 0.623529 0.627451 0.631373 0.635294 0.639216 0.643137 0.647059 0.650980 0.654902 0.658824 0.662745 0.666667 0.670588 0.674510 0.678431 0.682353 0.686275 0.690196 0.694118 0.698039 0.701961 0.705882 0.709804 0.713725 0.717647 0.721569 0.725490 0.729412 0.733333 0.737255 0.741176 0.745098 0.749020 0.752941 0.756863 0.760784 0.764706 0.768627 0.772549 0.776471 0.780392 0.784314 0.788235 0.792157 0.796078 0.800000 0.803922 0.807843 0.811765 0.815686 0.819608 0.823529 0.827451 0.831373 0.835294 0.839216 0.843137 0.847059 0.850980 0.854902 0.858824 0.862745 0.866667 0.870588 0.874510 0.878431 0.882353 0.886275 0.890196 0.894118 0.898039 0.901961 0.905882 0.909804 0.913725 0.917647 0.921569 0.925490 0.929412 0.933333 0.937255 0.941176 0.945098 0.949020 0.952941 0.956863 0.960784 0.964706 0.968627 0.972549 0.976471 0.980392 0.984314 0.988235 0.992157 0.996078 1.000000))
(time 0)
(channel red)
(curve
   (curve-type smooth)
   (n-points 17)
   (points 34 -1.0 -1.0 -1.0 -1.0 -1.0 -1.0 -1.0 -1.0 -1.0 -1.0 -1.0 -1.0 -1.0 -1.0 -1.0 -1.0 -1.0 -1.0 -1.0 -1.0 -1.0 -1.0 -1.0 -1.0 -1.0 -1.0 -1.0 -1.0 -1.0 -1.0 -1.0 -1.0 -1.0 -1.0)
(n-samples 256)
(samples 256  0.000135 0.000518 0.000790 0.002785 0.004345 0.006005 0.007093 0.011373 0.012419 0.016044 0.017859 0.020322 0.022681 0.025040 0.026601 0.029999 0.032199 0.035088 0.036066 0.037961 0.041715 0.043532 0.046046 0.048302 0.050277 0.052576 0.056381 0.059266 0.061121 0.062355 0.066390 0.069250 0.072364 0.075138 0.077676 0.080656 0.083631 0.087438 0.090033 0.093660 0.096349 0.101092 0.103355 0.107742 0.110864 0.114578 0.118271 0.122271 0.125542 0.130326 0.133263 0.137937 0.141552 0.145828 0.149219 0.153720 0.158193 0.161329 0.165734 0.170129 0.173624 0.177750 0.181834 0.185915 0.189999 0.193788 0.197079 0.201109 0.205212 0.208668 0.212438 0.216367 0.219336 0.223424 0.226994 0.230155 0.233566 0.237261 0.240158 0.243762 0.246875 0.250882 0.253919 0.257079 0.260973 0.264778 0.266913 0.270624 0.274841 0.278020 0.281590 0.284756 0.288494 0.292996 0.296020 0.299080 0.303530 0.306856 0.310980 0.314921 0.318521 0.322056 0.325885 0.330512 0.333850 0.338639 0.342441 0.346456 0.349349 0.353936 0.358596 0.362811 0.366599 0.369607 0.374050 0.378827 0.382830 0.387527 0.390935 0.396076 0.399309 0.403965 0.408375 0.412752 0.418554 0.422468 0.427256 0.432236 0.437969 0.442938 0.447586 0.452246 0.458659 0.463856 0.469813 0.476044 0.482263 0.488198 0.494608 0.501100 0.507687 0.513257 0.519548 0.525232 0.531006 0.536827 0.541599 0.546613 0.552059 0.557179 0.561774 0.566701 0.571907 0.576087 0.581868 0.586485 0.591516 0.595897 0.601259 0.606292 0.610844 0.616052 0.621236 0.626152 0.631007 0.636257 0.640834 0.645619 0.651084 0.655341 0.660042 0.665199 0.669284 0.673993 0.679367 0.683149 0.687757 0.693454 0.697424 0.701623 0.706711 0.711262 0.716035 0.720506 0.724972 0.729393 0.734351 0.738675 0.743585 0.748680 0.753782 0.759233 0.764578 0.768293 0.773052 0.777482 0.781087 0.784734 0.788455 0.791828 0.796057 0.799636 0.803312 0.806797 0.810456 0.814101 0.818125 0.821645 0.826213 0.829864 0.833504 0.836553 0.839311 0.841602 0.847605 0.853942 0.859121 0.862006 0.868477 0.871111 0.875506 0.869748 0.879789 0.886631 0.880392 0.886710 0.889804 0.897255 0.899020 0.906667 0.907451 0.913725 0.917647 0.921569 0.917647 0.922876 0.927451 0.925490 0.933333 0.925490 0.925490 0.937255 0.937255 0.937255 0.937255 0.937255 0.937255 0.937255 0.937255 0.937255 0.937255 0.937255 0.937255 0.937255 0.937255 0.937255))
(time 0)
(channel green)
(curve
   (curve-type smooth)
   (n-points 17)
   (points 34 -1.0 -1.0 -1.0 -1.0 -1.0 -1.0 -1.0 -1.0 -1.0 -1.0 -1.0 -1.0 -1.0 -1.0 -1.0 -1.0 -1.0 -1.0 -1.0 -1.0 -1.0 -1.0 -1.0 -1.0 -1.0 -1.0 -1.0 -1.0 -1.0 -1.0 -1.0 -1.0 -1.0 -1.0)
(n-samples 256)
(samples 256  0.000254 0.000204 0.000983 0.002740 0.004474 0.009145 0.010273 0.014118 0.017449 0.019010 0.024028 0.024663 0.029693 0.030580 0.034800 0.037807 0.040426 0.043246 0.045846 0.048835 0.051858 0.054823 0.057456 0.060532 0.063409 0.066212 0.069138 0.071948 0.074920 0.077844 0.080737 0.083643 0.086512 0.089802 0.092547 0.095584 0.098449 0.101458 0.104252 0.107142 0.110002 0.112990 0.115839 0.118882 0.122084 0.125056 0.128440 0.131640 0.135042 0.138551 0.141839 0.145516 0.149176 0.152742 0.156406 0.160157 0.163660 0.167260 0.171075 0.174490 0.178224 0.181961 0.185635 0.189242 0.193140 0.196972 0.200746 0.204564 0.208598 0.212540 0.216516 0.220390 0.224363 0.228261 0.232395 0.236226 0.240288 0.244518 0.248414 0.252588 0.256654 0.260791 0.265101 0.269443 0.273783 0.278253 0.282653 0.287086 0.291679 0.296345 0.300785 0.305425 0.309992 0.314661 0.319085 0.323977 0.328885 0.333280 0.337868 0.342415 0.346779 0.351461 0.355890 0.360430 0.364961 0.369382 0.373716 0.378114 0.382794 0.386780 0.391182 0.395065 0.399287 0.403551 0.408070 0.412322 0.416704 0.421514 0.425230 0.430059 0.434477 0.438960 0.443793 0.448507 0.453274 0.457777 0.462384 0.466842 0.471635 0.476678 0.481506 0.486346 0.491188 0.496077 0.500860 0.505786 0.510590 0.515794 0.520803 0.526031 0.531079 0.536378 0.541416 0.546835 0.551555 0.557303 0.562513 0.567279 0.571607 0.575989 0.579884 0.584142 0.588204 0.592306 0.596860 0.601067 0.605417 0.609734 0.614028 0.618664 0.623286 0.627626 0.632579 0.637499 0.642360 0.647219 0.652150 0.656995 0.661640 0.666077 0.670128 0.674335 0.678770 0.683692 0.688346 0.692816 0.697315 0.701839 0.705710 0.709607 0.713598 0.717695 0.721534 0.725516 0.729044 0.732102 0.735917 0.740059 0.742826 0.746155 0.749724 0.753400 0.758345 0.763232 0.766369 0.771083 0.775747 0.780943 0.787345 0.790523 0.796487 0.801486 0.804937 0.808239 0.811449 0.816471 0.821394 0.826526 0.830660 0.833597 0.835550 0.841569 0.847299 0.849358 0.851765 0.855308 0.862745 0.863725 0.861176 0.858824 0.858824 0.858824 0.876471 0.870588 0.870588 0.886275 0.886275 0.886275 0.886275 0.886275 0.886275 0.886275 0.886275 0.886275 0.886275 0.886275 0.886275 0.886275 0.886275 0.886275 0.886275 0.886275 0.886275 0.886275 0.886275 0.886275 0.886275 0.886275 0.886275 0.886275 0.886275 0.886275 0.886275 0.886275 0.886275 0.886275))
(time 0)
(channel blue)
(curve
   (curve-type smooth)
   (n-points 17)
   (points 34 -1.0 -1.0 -1.0 -1.0 -1.0 -1.0 -1.0 -1.0 -1.0 -1.0 -1.0 -1.0 -1.0 -1.0 -1.0 -1.0 -1.0 -1.0 -1.0 -1.0 -1.0 -1.0 -1.0 -1.0 -1.0 -1.0 -1.0 -1.0 -1.0 -1.0 -1.0 -1.0 -1.0 -1.0)
(n-samples 256)
(samples 256  0.000040 0.000052 0.000222 0.000863 0.001150 0.002598 0.003878 0.005296 0.006258 0.007819 0.009534 0.011309 0.012423 0.013843 0.015641 0.017089 0.018595 0.020416 0.022499 0.024608 0.026092 0.027908 0.030613 0.032738 0.034156 0.036616 0.038974 0.041146 0.043344 0.045592 0.048067 0.050406 0.053189 0.055552 0.057989 0.060639 0.063538 0.066900 0.069719 0.072678 0.075534 0.079309 0.082557 0.086441 0.089556 0.092805 0.096045 0.099166 0.102681 0.105935 0.109486 0.112179 0.115183 0.118326 0.121512 0.124568 0.127766 0.130997 0.134676 0.136871 0.140346 0.143407 0.146524 0.149715 0.152458 0.155439 0.158209 0.160895 0.164289 0.166558 0.169569 0.171965 0.174758 0.177315 0.180421 0.182945 0.185714 0.188550 0.191995 0.194955 0.197791 0.202164 0.205625 0.210071 0.213623 0.219065 0.223198 0.228805 0.234636 0.239484 0.245511 0.251986 0.259488 0.264461 0.271488 0.279070 0.285648 0.291285 0.298407 0.304827 0.310965 0.316355 0.322194 0.328187 0.334229 0.340128 0.345146 0.349952 0.354465 0.360887 0.365261 0.369216 0.375127 0.378770 0.383419 0.388647 0.392593 0.398544 0.402261 0.405647 0.410714 0.414968 0.418833 0.422265 0.427295 0.430778 0.434784 0.438590 0.442240 0.446279 0.449231 0.453733 0.459200 0.462975 0.466942 0.472790 0.479378 0.484118 0.491046 0.497975 0.504734 0.512075 0.517748 0.526145 0.533701 0.540127 0.546400 0.554599 0.561892 0.568154 0.575319 0.582205 0.588007 0.594717 0.600809 0.606168 0.611571 0.616955 0.621904 0.626751 0.632068 0.637175 0.642170 0.647219 0.652485 0.657877 0.662665 0.668133 0.672786 0.677835 0.682527 0.687298 0.691694 0.696069 0.700281 0.705285 0.709860 0.714215 0.718381 0.722872 0.726927 0.731498 0.735979 0.740315 0.744333 0.748491 0.753403 0.757722 0.761425 0.764965 0.769194 0.772792 0.776620 0.780060 0.783352 0.784837 0.789270 0.792498 0.792854 0.793607 0.793108 0.792810 0.795786 0.798718 0.801599 0.809731 0.817971 0.817729 0.827025 0.833595 0.839049 0.837490 0.847876 0.849366 0.853763 0.859384 0.858353 0.865826 0.867974 0.876471 0.870588 0.881046 0.881046 0.881046 0.881046 0.881046 0.881046 0.881046 0.881046 0.881046 0.881046 0.881046 0.881046 0.881046 0.881046 0.881046 0.881046 0.881046 0.881046 0.881046 0.881046 0.881046 0.881046 0.881046 0.881046 0.881046 0.881046 0.881046 0.881046 0.881046 0.881046 0.881046 0.881046 0.881046 0.881046 0.881046))
