# GIMP curves tool settings
(time 0)
(channel value)
(curve
   (curve-type smooth)
   (n-points 17)
   (points 34 -1.0 -1.0 -1.0 -1.0 -1.0 -1.0 -1.0 -1.0 -1.0 -1.0 -1.0 -1.0 -1.0 -1.0 -1.0 -1.0 -1.0 -1.0 -1.0 -1.0 -1.0 -1.0 -1.0 -1.0 -1.0 -1.0 -1.0 -1.0 -1.0 -1.0 -1.0 -1.0 -1.0 -1.0)
(n-samples 256)
(samples 256  0.000000 0.003922 0.007843 0.011765 0.015686 0.019608 0.023529 0.027451 0.031373 0.035294 0.039216 0.043137 0.047059 0.050980 0.054902 0.058824 0.062745 0.066667 0.070588 0.074510 0.078431 0.082353 0.086275 0.090196 0.094118 0.098039 0.101961 0.105882 0.109804 0.113725 0.117647 0.121569 0.125490 0.129412 0.133333 0.137255 0.141176 0.145098 0.149020 0.152941 0.156863 0.160784 0.164706 0.168627 0.172549 0.176471 0.180392 0.184314 0.188235 0.192157 0.196078 0.200000 0.203922 0.207843 0.211765 0.215686 0.219608 0.223529 0.227451 0.231373 0.235294 0.239216 0.243137 0.247059 0.250980 0.254902 0.258824 0.262745 0.266667 0.270588 0.274510 0.278431 0.282353 0.286275 0.290196 0.294118 0.298039 0.301961 0.305882 0.309804 0.313725 0.317647 0.321569 0.325490 0.329412 0.333333 0.337255 0.341176 0.345098 0.349020 0.352941 0.356863 0.360784 0.364706 0.368627 0.372549 0.376471 0.380392 0.384314 0.388235 0.392157 0.396078 0.400000 0.403922 0.407843 0.411765 0.415686 0.419608 0.423529 0.427451 0.431373 0.435294 0.439216 0.443137 0.447059 0.450980 0.454902 0.458824 0.462745 0.466667 0.470588 0.474510 0.478431 0.482353 0.486275 0.490196 0.494118 0.498039 0.501961 0.505882 0.509804 0.513725 0.517647 0.521569 0.525490 0.529412 0.533333 0.537255 0.541176 0.545098 0.549020 0.552941 0.556863 0.560784 0.564706 0.568627 0.572549 0.576471 0.580392 0.584314 0.588235 0.592157 0.596078 0.600000 0.603922 0.607843 0.611765 0.615686 0.619608 0.623529 0.627451 0.631373 0.635294 0.639216 0.643137 0.647059 0.650980 0.654902 0.658824 0.662745 0.666667 0.670588 0.674510 0.678431 0.682353 0.686275 0.690196 0.694118 0.698039 0.701961 0.705882 0.709804 0.713725 0.717647 0.721569 0.725490 0.729412 0.733333 0.737255 0.741176 0.745098 0.749020 0.752941 0.756863 0.760784 0.764706 0.768627 0.772549 0.776471 0.780392 0.784314 0.788235 0.792157 0.796078 0.800000 0.803922 0.807843 0.811765 0.815686 0.819608 0.823529 0.827451 0.831373 0.835294 0.839216 0.843137 0.847059 0.850980 0.854902 0.858824 0.862745 0.866667 0.870588 0.874510 0.878431 0.882353 0.886275 0.890196 0.894118 0.898039 0.901961 0.905882 0.909804 0.913725 0.917647 0.921569 0.925490 0.929412 0.933333 0.937255 0.941176 0.945098 0.949020 0.952941 0.956863 0.960784 0.964706 0.968627 0.972549 0.976471 0.980392 0.984314 0.988235 0.992157 0.996078 1.000000))
(time 0)
(channel red)
(curve
   (curve-type smooth)
   (n-points 17)
   (points 34 -1.0 -1.0 -1.0 -1.0 -1.0 -1.0 -1.0 -1.0 -1.0 -1.0 -1.0 -1.0 -1.0 -1.0 -1.0 -1.0 -1.0 -1.0 -1.0 -1.0 -1.0 -1.0 -1.0 -1.0 -1.0 -1.0 -1.0 -1.0 -1.0 -1.0 -1.0 -1.0 -1.0 -1.0)
(n-samples 256)
(samples 256  0.035868 0.035975 0.036981 0.039429 0.041575 0.043695 0.045566 0.048901 0.050838 0.054150 0.056049 0.058729 0.061385 0.063859 0.066230 0.069050 0.071617 0.074462 0.076479 0.078693 0.081905 0.084576 0.087291 0.089636 0.091925 0.094606 0.098137 0.101032 0.103216 0.105292 0.108982 0.111756 0.114768 0.117728 0.120453 0.123530 0.126492 0.129998 0.132692 0.136222 0.139232 0.143019 0.145851 0.149745 0.153084 0.156344 0.160085 0.163923 0.167303 0.171428 0.174486 0.178931 0.182219 0.186367 0.189652 0.193885 0.197851 0.201238 0.205133 0.209290 0.212482 0.216491 0.220249 0.224130 0.228117 0.231466 0.234781 0.238814 0.242362 0.245806 0.249657 0.253008 0.256333 0.260186 0.263465 0.266674 0.270119 0.273857 0.276825 0.280270 0.283469 0.287263 0.290350 0.293658 0.297039 0.300506 0.303361 0.306777 0.310359 0.313443 0.316828 0.319907 0.323322 0.326942 0.329859 0.332912 0.336555 0.339521 0.342752 0.346162 0.349165 0.352264 0.355313 0.358724 0.361595 0.364810 0.367930 0.370955 0.373563 0.376751 0.379978 0.382973 0.385482 0.388318 0.391345 0.394402 0.397144 0.400243 0.402918 0.405946 0.408329 0.411357 0.414138 0.417250 0.420590 0.423341 0.426272 0.429387 0.432770 0.436042 0.439220 0.442398 0.446115 0.449615 0.453471 0.457155 0.461164 0.465086 0.469253 0.473495 0.477942 0.481736 0.485850 0.489693 0.493683 0.497417 0.500933 0.504330 0.508114 0.511644 0.514876 0.518313 0.521962 0.524977 0.529022 0.532394 0.535854 0.539079 0.542889 0.546513 0.549829 0.553619 0.557568 0.561208 0.564947 0.568955 0.572638 0.576499 0.580673 0.584348 0.588288 0.592419 0.595909 0.599596 0.603692 0.606778 0.610255 0.613982 0.617191 0.619477 0.622119 0.625526 0.628927 0.630431 0.634911 0.637606 0.642067 0.646506 0.651575 0.657146 0.663620 0.670311 0.677371 0.681144 0.686873 0.691894 0.695896 0.699535 0.703692 0.706538 0.711671 0.715262 0.719547 0.723964 0.728106 0.732373 0.737359 0.742072 0.747443 0.752021 0.756201 0.759654 0.763573 0.766420 0.774928 0.783187 0.794689 0.796135 0.808507 0.812614 0.818301 0.810738 0.823228 0.820321 0.820728 0.833115 0.830196 0.837647 0.846078 0.851765 0.854902 0.854902 0.866667 0.870588 0.850980 0.877124 0.874510 0.866667 0.878431 0.878431 0.878431 0.882353 0.882353 0.882353 0.882353 0.882353 0.882353 0.882353 0.882353 0.882353 0.882353 0.882353 0.882353 0.882353 0.882353 0.882353))
(time 0)
(channel green)
(curve
   (curve-type smooth)
   (n-points 17)
   (points 34 -1.0 -1.0 -1.0 -1.0 -1.0 -1.0 -1.0 -1.0 -1.0 -1.0 -1.0 -1.0 -1.0 -1.0 -1.0 -1.0 -1.0 -1.0 -1.0 -1.0 -1.0 -1.0 -1.0 -1.0 -1.0 -1.0 -1.0 -1.0 -1.0 -1.0 -1.0 -1.0 -1.0 -1.0)
(n-samples 256)
(samples 256  0.030170 0.029751 0.031151 0.032942 0.035077 0.037911 0.039320 0.041936 0.044106 0.045968 0.048794 0.050339 0.053290 0.054978 0.057609 0.060049 0.062187 0.064440 0.066564 0.068943 0.071262 0.073637 0.075881 0.078232 0.080587 0.082996 0.085345 0.087710 0.090170 0.092589 0.095151 0.097592 0.100178 0.102710 0.105313 0.107812 0.110506 0.113049 0.115890 0.118347 0.121298 0.123871 0.126803 0.129551 0.132435 0.135370 0.138107 0.141233 0.144158 0.147028 0.150150 0.152879 0.155929 0.158996 0.161813 0.164792 0.167796 0.170620 0.173455 0.176633 0.179550 0.182078 0.185406 0.188307 0.191138 0.193886 0.197123 0.199918 0.202553 0.205516 0.208717 0.211610 0.214580 0.217307 0.220803 0.223983 0.227128 0.230401 0.233429 0.237051 0.240635 0.244124 0.247639 0.251082 0.254698 0.258780 0.262485 0.266280 0.269971 0.273687 0.277415 0.281067 0.284810 0.288500 0.291950 0.295611 0.299096 0.302503 0.305679 0.309068 0.312238 0.315578 0.318702 0.321710 0.324486 0.327403 0.330142 0.333015 0.335479 0.338143 0.340680 0.343079 0.345716 0.348244 0.350776 0.353402 0.356011 0.358745 0.361199 0.364143 0.366741 0.369769 0.372074 0.375146 0.378050 0.381011 0.384104 0.387026 0.389915 0.392893 0.396136 0.398915 0.402181 0.404933 0.408133 0.410999 0.413855 0.416868 0.420040 0.422811 0.425937 0.429180 0.432186 0.435700 0.438978 0.442343 0.445715 0.449736 0.453862 0.458089 0.462367 0.466876 0.470714 0.474886 0.478599 0.482461 0.486245 0.490345 0.493767 0.497977 0.501598 0.505360 0.509311 0.513160 0.516957 0.520566 0.524253 0.527841 0.531506 0.535257 0.538813 0.542542 0.546239 0.549984 0.553851 0.557516 0.561290 0.564917 0.568487 0.571927 0.575515 0.579284 0.582701 0.586453 0.589284 0.592287 0.595914 0.599496 0.602212 0.605631 0.609508 0.613223 0.618114 0.622885 0.626034 0.630582 0.635839 0.641620 0.648873 0.652101 0.660670 0.667173 0.672129 0.675070 0.677620 0.685820 0.692293 0.696894 0.703183 0.705824 0.709378 0.715608 0.724370 0.729682 0.731863 0.739419 0.742685 0.746569 0.741961 0.745098 0.745098 0.737255 0.772549 0.756863 0.756863 0.784314 0.784314 0.784314 0.784314 0.784314 0.784314 0.784314 0.784314 0.784314 0.784314 0.784314 0.784314 0.784314 0.784314 0.784314 0.784314 0.784314 0.784314 0.784314 0.784314 0.784314 0.784314 0.784314 0.784314 0.784314 0.784314 0.784314 0.784314 0.784314 0.784314 0.784314))
(time 0)
(channel blue)
(curve
   (curve-type smooth)
   (n-points 17)
   (points 34 -1.0 -1.0 -1.0 -1.0 -1.0 -1.0 -1.0 -1.0 -1.0 -1.0 -1.0 -1.0 -1.0 -1.0 -1.0 -1.0 -1.0 -1.0 -1.0 -1.0 -1.0 -1.0 -1.0 -1.0 -1.0 -1.0 -1.0 -1.0 -1.0 -1.0 -1.0 -1.0 -1.0 -1.0)
(n-samples 256)
(samples 256  0.005431 0.004949 0.005115 0.006264 0.007484 0.009555 0.011362 0.013134 0.014979 0.016971 0.018995 0.021124 0.023111 0.025120 0.027320 0.029454 0.031618 0.033899 0.036227 0.038621 0.040935 0.043277 0.045885 0.048376 0.050783 0.053444 0.056098 0.058803 0.061626 0.064395 0.067246 0.070278 0.073342 0.076377 0.079386 0.082580 0.085933 0.089280 0.092523 0.095751 0.099051 0.102650 0.106005 0.109567 0.112851 0.116269 0.119661 0.123027 0.126420 0.129746 0.133105 0.136311 0.139594 0.142880 0.146081 0.149317 0.152507 0.155719 0.158919 0.161773 0.164948 0.168007 0.170841 0.173890 0.176699 0.179668 0.182512 0.185328 0.188398 0.191086 0.194122 0.196975 0.200055 0.202889 0.205983 0.208851 0.211819 0.215034 0.218070 0.221098 0.224171 0.227700 0.230818 0.234425 0.237561 0.241610 0.244949 0.248928 0.252886 0.256529 0.260562 0.264648 0.269049 0.272767 0.276845 0.281300 0.285277 0.289151 0.293259 0.297271 0.301091 0.304677 0.308406 0.312171 0.315861 0.319636 0.322987 0.326362 0.329559 0.333340 0.336516 0.339623 0.343243 0.346184 0.349233 0.352654 0.355644 0.359094 0.362000 0.364819 0.368175 0.371128 0.373988 0.377078 0.380187 0.383062 0.386035 0.389053 0.391985 0.394986 0.397647 0.400915 0.404109 0.407157 0.409849 0.413582 0.417118 0.420049 0.423750 0.427208 0.430826 0.434386 0.437810 0.441231 0.444844 0.448102 0.451667 0.455249 0.458669 0.462042 0.465546 0.468864 0.472290 0.475885 0.479266 0.482521 0.486015 0.489397 0.492786 0.496434 0.499942 0.503553 0.506863 0.510153 0.513408 0.516642 0.519774 0.523184 0.526324 0.530143 0.533473 0.537125 0.540499 0.543926 0.547417 0.551323 0.554921 0.558692 0.562379 0.566150 0.569609 0.573414 0.577236 0.580830 0.584372 0.587975 0.592116 0.595929 0.599713 0.603558 0.607950 0.612123 0.616422 0.620184 0.623875 0.627546 0.630842 0.633613 0.634325 0.635798 0.633520 0.633203 0.635367 0.643137 0.643641 0.656645 0.664655 0.670629 0.682268 0.686993 0.690113 0.692078 0.707108 0.711419 0.714105 0.721942 0.726275 0.728852 0.736819 0.745098 0.729412 0.743791 0.743791 0.743791 0.743791 0.743791 0.743791 0.743791 0.743791 0.743791 0.743791 0.743791 0.743791 0.743791 0.743791 0.743791 0.743791 0.743791 0.743791 0.743791 0.743791 0.743791 0.743791 0.743791 0.743791 0.743791 0.743791 0.743791 0.743791 0.743791 0.743791 0.743791 0.743791 0.743791 0.743791 0.743791))
