# GIMP curves tool settings
(time 0)
(channel value)
(curve
   (curve-type smooth)
   (n-points 17)
   (points 34 -1.0 -1.0 -1.0 -1.0 -1.0 -1.0 -1.0 -1.0 -1.0 -1.0 -1.0 -1.0 -1.0 -1.0 -1.0 -1.0 -1.0 -1.0 -1.0 -1.0 -1.0 -1.0 -1.0 -1.0 -1.0 -1.0 -1.0 -1.0 -1.0 -1.0 -1.0 -1.0 -1.0 -1.0)
(n-samples 256)
(samples 256  0.000000 0.003922 0.007843 0.011765 0.015686 0.019608 0.023529 0.027451 0.031373 0.035294 0.039216 0.043137 0.047059 0.050980 0.054902 0.058824 0.062745 0.066667 0.070588 0.074510 0.078431 0.082353 0.086275 0.090196 0.094118 0.098039 0.101961 0.105882 0.109804 0.113725 0.117647 0.121569 0.125490 0.129412 0.133333 0.137255 0.141176 0.145098 0.149020 0.152941 0.156863 0.160784 0.164706 0.168627 0.172549 0.176471 0.180392 0.184314 0.188235 0.192157 0.196078 0.200000 0.203922 0.207843 0.211765 0.215686 0.219608 0.223529 0.227451 0.231373 0.235294 0.239216 0.243137 0.247059 0.250980 0.254902 0.258824 0.262745 0.266667 0.270588 0.274510 0.278431 0.282353 0.286275 0.290196 0.294118 0.298039 0.301961 0.305882 0.309804 0.313725 0.317647 0.321569 0.325490 0.329412 0.333333 0.337255 0.341176 0.345098 0.349020 0.352941 0.356863 0.360784 0.364706 0.368627 0.372549 0.376471 0.380392 0.384314 0.388235 0.392157 0.396078 0.400000 0.403922 0.407843 0.411765 0.415686 0.419608 0.423529 0.427451 0.431373 0.435294 0.439216 0.443137 0.447059 0.450980 0.454902 0.458824 0.462745 0.466667 0.470588 0.474510 0.478431 0.482353 0.486275 0.490196 0.494118 0.498039 0.501961 0.505882 0.509804 0.513725 0.517647 0.521569 0.525490 0.529412 0.533333 0.537255 0.541176 0.545098 0.549020 0.552941 0.556863 0.560784 0.564706 0.568627 0.572549 0.576471 0.580392 0.584314 0.588235 0.592157 0.596078 0.600000 0.603922 0.607843 0.611765 0.615686 0.619608 0.623529 0.627451 0.631373 0.635294 0.639216 0.643137 0.647059 0.650980 0.654902 0.658824 0.662745 0.666667 0.670588 0.674510 0.678431 0.682353 0.686275 0.690196 0.694118 0.698039 0.701961 0.705882 0.709804 0.713725 0.717647 0.721569 0.725490 0.729412 0.733333 0.737255 0.741176 0.745098 0.749020 0.752941 0.756863 0.760784 0.764706 0.768627 0.772549 0.776471 0.780392 0.784314 0.788235 0.792157 0.796078 0.800000 0.803922 0.807843 0.811765 0.815686 0.819608 0.823529 0.827451 0.831373 0.835294 0.839216 0.843137 0.847059 0.850980 0.854902 0.858824 0.862745 0.866667 0.870588 0.874510 0.878431 0.882353 0.886275 0.890196 0.894118 0.898039 0.901961 0.905882 0.909804 0.913725 0.917647 0.921569 0.925490 0.929412 0.933333 0.937255 0.941176 0.945098 0.949020 0.952941 0.956863 0.960784 0.964706 0.968627 0.972549 0.976471 0.980392 0.984314 0.988235 0.992157 0.996078 1.000000))
(time 0)
(channel red)
(curve
   (curve-type smooth)
   (n-points 17)
   (points 34 -1.0 -1.0 -1.0 -1.0 -1.0 -1.0 -1.0 -1.0 -1.0 -1.0 -1.0 -1.0 -1.0 -1.0 -1.0 -1.0 -1.0 -1.0 -1.0 -1.0 -1.0 -1.0 -1.0 -1.0 -1.0 -1.0 -1.0 -1.0 -1.0 -1.0 -1.0 -1.0 -1.0 -1.0)
(n-samples 256)
(samples 256  0.035483 0.035196 0.036214 0.038663 0.040652 0.042683 0.044316 0.047231 0.049177 0.052248 0.053615 0.055959 0.058288 0.060525 0.062766 0.064858 0.067105 0.069691 0.071298 0.072571 0.075125 0.077783 0.080148 0.081517 0.082761 0.085211 0.088464 0.090758 0.091826 0.093251 0.096904 0.098616 0.101109 0.103478 0.105445 0.108051 0.110462 0.113437 0.115384 0.118695 0.121224 0.124486 0.127000 0.130650 0.133865 0.136327 0.140109 0.144105 0.147218 0.151336 0.153955 0.158955 0.161795 0.166429 0.169383 0.174095 0.178092 0.181539 0.185352 0.190171 0.192876 0.197190 0.200950 0.204996 0.209564 0.212685 0.215708 0.220281 0.223785 0.227284 0.231419 0.234575 0.238154 0.242419 0.245437 0.248674 0.252333 0.256553 0.259189 0.262634 0.265988 0.270351 0.273493 0.276850 0.280322 0.283889 0.286966 0.290564 0.294546 0.297471 0.301162 0.304372 0.307978 0.311941 0.314959 0.318230 0.322055 0.324906 0.328537 0.332178 0.335124 0.338392 0.341306 0.344729 0.347759 0.350847 0.353703 0.356921 0.359125 0.362379 0.365507 0.368485 0.370515 0.373048 0.376000 0.378808 0.381509 0.384277 0.386456 0.389480 0.391307 0.394121 0.396699 0.399725 0.403360 0.405779 0.408536 0.411671 0.415111 0.418527 0.421623 0.425129 0.429126 0.433130 0.437342 0.441554 0.446591 0.451304 0.455982 0.461088 0.466474 0.470965 0.475964 0.480523 0.485289 0.489492 0.493468 0.497067 0.501210 0.504900 0.508494 0.511826 0.515683 0.518752 0.522772 0.526121 0.529593 0.532587 0.536340 0.539751 0.542795 0.546484 0.550081 0.553563 0.557150 0.560754 0.564548 0.568426 0.572314 0.576090 0.580038 0.583978 0.587193 0.590285 0.593555 0.595577 0.597552 0.599111 0.600905 0.600428 0.598820 0.600618 0.601419 0.597698 0.601816 0.601250 0.604766 0.608414 0.612811 0.619472 0.626691 0.634967 0.644460 0.646432 0.653405 0.657688 0.661292 0.663498 0.667157 0.666998 0.672302 0.674229 0.678069 0.681337 0.684856 0.687918 0.693090 0.697434 0.703973 0.708238 0.712359 0.714053 0.717546 0.719402 0.728255 0.745432 0.758551 0.762603 0.778401 0.780523 0.787800 0.771709 0.786576 0.774332 0.775910 0.791721 0.785882 0.803137 0.813725 0.817255 0.814118 0.823529 0.843137 0.827451 0.803922 0.844444 0.829412 0.831373 0.843137 0.827451 0.827451 0.839216 0.839216 0.839216 0.839216 0.839216 0.839216 0.839216 0.839216 0.839216 0.839216 0.839216 0.839216 0.839216 0.839216 0.839216))
(time 0)
(channel green)
(curve
   (curve-type smooth)
   (n-points 17)
   (points 34 -1.0 -1.0 -1.0 -1.0 -1.0 -1.0 -1.0 -1.0 -1.0 -1.0 -1.0 -1.0 -1.0 -1.0 -1.0 -1.0 -1.0 -1.0 -1.0 -1.0 -1.0 -1.0 -1.0 -1.0 -1.0 -1.0 -1.0 -1.0 -1.0 -1.0 -1.0 -1.0 -1.0 -1.0)
(n-samples 256)
(samples 256  0.030392 0.029466 0.030555 0.032025 0.034173 0.036721 0.037752 0.040307 0.041826 0.043687 0.046203 0.047400 0.050324 0.051671 0.053905 0.056351 0.058207 0.060014 0.061771 0.063796 0.065808 0.067755 0.069680 0.071648 0.073597 0.075624 0.077649 0.079593 0.081877 0.083850 0.086105 0.088190 0.090530 0.092734 0.095162 0.097257 0.099806 0.102095 0.105033 0.107038 0.110283 0.112409 0.115523 0.118129 0.120935 0.124041 0.126447 0.129795 0.132577 0.135196 0.138498 0.140658 0.143671 0.146682 0.149068 0.151932 0.154780 0.157310 0.159700 0.163020 0.165666 0.167368 0.170832 0.173404 0.175789 0.177989 0.181366 0.183562 0.185541 0.188028 0.191284 0.193834 0.196388 0.198587 0.202425 0.205447 0.208582 0.211659 0.214656 0.218593 0.222555 0.226286 0.230043 0.233646 0.237690 0.242711 0.246880 0.251173 0.255316 0.259329 0.263515 0.267586 0.271969 0.275824 0.279530 0.283366 0.286869 0.290540 0.293626 0.297061 0.300096 0.303581 0.306490 0.309366 0.311518 0.314046 0.316444 0.318747 0.320487 0.322456 0.324345 0.325950 0.327748 0.330000 0.331630 0.333705 0.335971 0.338293 0.340203 0.342781 0.345070 0.348085 0.349778 0.352723 0.355802 0.358603 0.361661 0.364563 0.367473 0.370065 0.373495 0.376014 0.379544 0.382175 0.385623 0.387927 0.390505 0.393431 0.396509 0.398865 0.401946 0.405170 0.408226 0.411915 0.415425 0.419010 0.423009 0.428244 0.433712 0.439501 0.445213 0.451519 0.456152 0.461387 0.465735 0.470244 0.474537 0.479497 0.483023 0.488352 0.492197 0.496401 0.500969 0.505325 0.509356 0.513073 0.517069 0.520795 0.524687 0.528685 0.532249 0.536268 0.539911 0.543833 0.548065 0.551858 0.555469 0.559079 0.562076 0.565144 0.568097 0.571741 0.574320 0.577528 0.579731 0.581244 0.584642 0.587592 0.588949 0.591534 0.595045 0.597937 0.603563 0.607644 0.610092 0.615446 0.621391 0.627842 0.637071 0.638080 0.652647 0.661954 0.667087 0.667392 0.667929 0.676037 0.683828 0.686847 0.693048 0.693884 0.697357 0.707765 0.716206 0.720622 0.724608 0.734415 0.738462 0.738235 0.723137 0.719608 0.719608 0.709804 0.752941 0.737255 0.737255 0.772549 0.772549 0.772549 0.772549 0.772549 0.772549 0.772549 0.772549 0.772549 0.772549 0.772549 0.772549 0.772549 0.772549 0.772549 0.772549 0.772549 0.772549 0.772549 0.772549 0.772549 0.772549 0.772549 0.772549 0.772549 0.772549 0.772549 0.772549 0.772549 0.772549 0.772549))
(time 0)
(channel blue)
(curve
   (curve-type smooth)
   (n-points 17)
   (points 34 -1.0 -1.0 -1.0 -1.0 -1.0 -1.0 -1.0 -1.0 -1.0 -1.0 -1.0 -1.0 -1.0 -1.0 -1.0 -1.0 -1.0 -1.0 -1.0 -1.0 -1.0 -1.0 -1.0 -1.0 -1.0 -1.0 -1.0 -1.0 -1.0 -1.0 -1.0 -1.0 -1.0 -1.0)
(n-samples 256)
(samples 256  0.004009 0.003726 0.004158 0.005324 0.006404 0.008520 0.010377 0.012049 0.013787 0.015687 0.017592 0.019611 0.021448 0.023350 0.025473 0.027547 0.029688 0.031930 0.034293 0.036688 0.039149 0.041596 0.044300 0.046912 0.049511 0.052406 0.055299 0.058246 0.061451 0.064526 0.067702 0.071125 0.074640 0.078047 0.081489 0.085159 0.088915 0.092753 0.096417 0.100138 0.103838 0.107962 0.111757 0.115793 0.119463 0.123321 0.127068 0.130805 0.134564 0.138202 0.141873 0.145277 0.148855 0.152389 0.155789 0.159180 0.162539 0.165856 0.169149 0.172023 0.175269 0.178305 0.181146 0.184145 0.186871 0.189736 0.192550 0.195203 0.198312 0.200884 0.203947 0.206733 0.209781 0.212525 0.215640 0.218325 0.221349 0.224558 0.227505 0.230467 0.233559 0.237105 0.240167 0.243801 0.246933 0.251150 0.254450 0.258544 0.262519 0.266283 0.270350 0.274599 0.279005 0.282751 0.286818 0.291274 0.295308 0.299012 0.303105 0.306932 0.310640 0.314081 0.317592 0.321207 0.324655 0.328207 0.331367 0.334451 0.337347 0.340854 0.343685 0.346377 0.349693 0.352122 0.354858 0.357824 0.360389 0.363362 0.365815 0.368392 0.371167 0.373664 0.376231 0.378739 0.381287 0.383912 0.386189 0.388927 0.391196 0.393522 0.396129 0.398549 0.401482 0.404224 0.406439 0.409530 0.412458 0.415119 0.418024 0.420982 0.423558 0.426611 0.429627 0.432482 0.435143 0.437917 0.440758 0.443428 0.446325 0.449044 0.452088 0.454392 0.456899 0.459510 0.462514 0.465136 0.468103 0.470774 0.473716 0.476671 0.479562 0.482451 0.484862 0.487431 0.489820 0.492032 0.494213 0.496492 0.498751 0.501604 0.504108 0.506820 0.509329 0.511915 0.514487 0.517375 0.520064 0.522898 0.525749 0.528496 0.531134 0.533918 0.536817 0.539525 0.542161 0.544807 0.547845 0.550562 0.553729 0.556903 0.560423 0.563632 0.567417 0.570635 0.573670 0.577312 0.579798 0.581358 0.582100 0.583080 0.580048 0.579328 0.582338 0.588328 0.586132 0.602518 0.608627 0.613725 0.626385 0.628954 0.631373 0.636784 0.655065 0.656401 0.659583 0.665173 0.674353 0.675350 0.677124 0.670588 0.635294 0.674510 0.674510 0.674510 0.674510 0.674510 0.674510 0.674510 0.674510 0.674510 0.674510 0.674510 0.674510 0.674510 0.674510 0.674510 0.674510 0.674510 0.674510 0.674510 0.674510 0.674510 0.674510 0.674510 0.674510 0.674510 0.674510 0.674510 0.674510 0.674510 0.674510 0.674510 0.674510 0.674510 0.674510 0.674510))
