# GIMP curves tool settings
(time 0)
(channel value)
(curve
   (curve-type smooth)
   (n-points 17)
   (points 34 -1.0 -1.0 -1.0 -1.0 -1.0 -1.0 -1.0 -1.0 -1.0 -1.0 -1.0 -1.0 -1.0 -1.0 -1.0 -1.0 -1.0 -1.0 -1.0 -1.0 -1.0 -1.0 -1.0 -1.0 -1.0 -1.0 -1.0 -1.0 -1.0 -1.0 -1.0 -1.0 -1.0 -1.0)
(n-samples 256)
(samples 256  0.000000 0.003922 0.007843 0.011765 0.015686 0.019608 0.023529 0.027451 0.031373 0.035294 0.039216 0.043137 0.047059 0.050980 0.054902 0.058824 0.062745 0.066667 0.070588 0.074510 0.078431 0.082353 0.086275 0.090196 0.094118 0.098039 0.101961 0.105882 0.109804 0.113725 0.117647 0.121569 0.125490 0.129412 0.133333 0.137255 0.141176 0.145098 0.149020 0.152941 0.156863 0.160784 0.164706 0.168627 0.172549 0.176471 0.180392 0.184314 0.188235 0.192157 0.196078 0.200000 0.203922 0.207843 0.211765 0.215686 0.219608 0.223529 0.227451 0.231373 0.235294 0.239216 0.243137 0.247059 0.250980 0.254902 0.258824 0.262745 0.266667 0.270588 0.274510 0.278431 0.282353 0.286275 0.290196 0.294118 0.298039 0.301961 0.305882 0.309804 0.313725 0.317647 0.321569 0.325490 0.329412 0.333333 0.337255 0.341176 0.345098 0.349020 0.352941 0.356863 0.360784 0.364706 0.368627 0.372549 0.376471 0.380392 0.384314 0.388235 0.392157 0.396078 0.400000 0.403922 0.407843 0.411765 0.415686 0.419608 0.423529 0.427451 0.431373 0.435294 0.439216 0.443137 0.447059 0.450980 0.454902 0.458824 0.462745 0.466667 0.470588 0.474510 0.478431 0.482353 0.486275 0.490196 0.494118 0.498039 0.501961 0.505882 0.509804 0.513725 0.517647 0.521569 0.525490 0.529412 0.533333 0.537255 0.541176 0.545098 0.549020 0.552941 0.556863 0.560784 0.564706 0.568627 0.572549 0.576471 0.580392 0.584314 0.588235 0.592157 0.596078 0.600000 0.603922 0.607843 0.611765 0.615686 0.619608 0.623529 0.627451 0.631373 0.635294 0.639216 0.643137 0.647059 0.650980 0.654902 0.658824 0.662745 0.666667 0.670588 0.674510 0.678431 0.682353 0.686275 0.690196 0.694118 0.698039 0.701961 0.705882 0.709804 0.713725 0.717647 0.721569 0.725490 0.729412 0.733333 0.737255 0.741176 0.745098 0.749020 0.752941 0.756863 0.760784 0.764706 0.768627 0.772549 0.776471 0.780392 0.784314 0.788235 0.792157 0.796078 0.800000 0.803922 0.807843 0.811765 0.815686 0.819608 0.823529 0.827451 0.831373 0.835294 0.839216 0.843137 0.847059 0.850980 0.854902 0.858824 0.862745 0.866667 0.870588 0.874510 0.878431 0.882353 0.886275 0.890196 0.894118 0.898039 0.901961 0.905882 0.909804 0.913725 0.917647 0.921569 0.925490 0.929412 0.933333 0.937255 0.941176 0.945098 0.949020 0.952941 0.956863 0.960784 0.964706 0.968627 0.972549 0.976471 0.980392 0.984314 0.988235 0.992157 0.996078 1.000000))
(time 0)
(channel red)
(curve
   (curve-type smooth)
   (n-points 17)
   (points 34 -1.0 -1.0 -1.0 -1.0 -1.0 -1.0 -1.0 -1.0 -1.0 -1.0 -1.0 -1.0 -1.0 -1.0 -1.0 -1.0 -1.0 -1.0 -1.0 -1.0 -1.0 -1.0 -1.0 -1.0 -1.0 -1.0 -1.0 -1.0 -1.0 -1.0 -1.0 -1.0 -1.0 -1.0)
(n-samples 256)
(samples 256  0.002127 0.001073 0.001791 0.002706 0.003960 0.005806 0.007114 0.009701 0.010448 0.012823 0.014243 0.015877 0.017470 0.019030 0.020387 0.022498 0.024087 0.025920 0.027317 0.029136 0.031350 0.032802 0.034743 0.036693 0.038822 0.040603 0.042704 0.044869 0.046917 0.048692 0.050713 0.053287 0.055427 0.057532 0.059838 0.062032 0.064366 0.066697 0.069051 0.071379 0.073671 0.076396 0.078612 0.081266 0.083498 0.086341 0.088794 0.091163 0.093786 0.096428 0.099057 0.101749 0.104474 0.106981 0.109774 0.112445 0.115371 0.118039 0.121046 0.123700 0.126673 0.129703 0.132749 0.135704 0.138437 0.141737 0.144954 0.147919 0.151259 0.154336 0.157524 0.161199 0.164228 0.167475 0.171092 0.174682 0.178119 0.181361 0.184989 0.188859 0.192203 0.195776 0.199438 0.203486 0.207282 0.211233 0.214837 0.218876 0.222908 0.227104 0.231118 0.235262 0.239769 0.243886 0.248034 0.252153 0.256737 0.261167 0.265428 0.270000 0.274555 0.278734 0.283597 0.288615 0.292841 0.298122 0.302662 0.306984 0.311897 0.316601 0.321531 0.326865 0.331848 0.336699 0.341668 0.346931 0.352173 0.357497 0.362765 0.368205 0.373717 0.379293 0.384905 0.390174 0.395622 0.401693 0.407619 0.413160 0.418895 0.425080 0.431258 0.436773 0.443273 0.449426 0.455608 0.462711 0.469158 0.475513 0.482377 0.489241 0.495766 0.503024 0.509718 0.516748 0.523967 0.530809 0.537827 0.544536 0.551535 0.558267 0.564976 0.571457 0.577945 0.584196 0.591005 0.597338 0.603595 0.609957 0.616331 0.622552 0.628685 0.634941 0.641382 0.647641 0.653726 0.660323 0.666475 0.672637 0.678745 0.684824 0.690931 0.696679 0.702360 0.708600 0.713987 0.720238 0.725996 0.731323 0.737726 0.744196 0.750335 0.756915 0.762930 0.769086 0.774571 0.780127 0.785508 0.790912 0.796044 0.801080 0.805956 0.811716 0.816587 0.821757 0.826828 0.832340 0.836550 0.841892 0.845672 0.850595 0.854654 0.859297 0.863911 0.868052 0.872714 0.877277 0.881090 0.884252 0.888541 0.892109 0.895614 0.898584 0.901041 0.904374 0.908647 0.912933 0.919732 0.920091 0.927059 0.927778 0.932026 0.927918 0.938311 0.941176 0.938655 0.944662 0.947059 0.942745 0.949020 0.949020 0.947451 0.952941 0.947059 0.972549 0.960784 0.963399 0.962745 0.976471 0.956863 0.972549 0.972549 0.992157 0.992157 0.992157 0.992157 0.992157 0.992157 0.992157 0.992157 0.992157 0.992157 0.992157 0.992157 0.992157 0.992157 0.992157))
(time 0)
(channel green)
(curve
   (curve-type smooth)
   (n-points 17)
   (points 34 -1.0 -1.0 -1.0 -1.0 -1.0 -1.0 -1.0 -1.0 -1.0 -1.0 -1.0 -1.0 -1.0 -1.0 -1.0 -1.0 -1.0 -1.0 -1.0 -1.0 -1.0 -1.0 -1.0 -1.0 -1.0 -1.0 -1.0 -1.0 -1.0 -1.0 -1.0 -1.0 -1.0 -1.0)
(n-samples 256)
(samples 256  0.002579 0.003371 0.004003 0.005800 0.006385 0.008885 0.009368 0.010877 0.012565 0.013232 0.015302 0.016105 0.018232 0.019220 0.021036 0.022676 0.024179 0.025640 0.027226 0.028826 0.030541 0.032151 0.033795 0.035458 0.037060 0.038808 0.040530 0.042226 0.044062 0.045861 0.047663 0.049546 0.051248 0.053193 0.054976 0.056936 0.059012 0.060884 0.062889 0.064938 0.067091 0.069215 0.071293 0.073459 0.075704 0.077947 0.080246 0.082615 0.084958 0.087321 0.089675 0.092077 0.094596 0.097151 0.099649 0.102238 0.104890 0.107497 0.110225 0.112962 0.115711 0.118427 0.121339 0.124253 0.127212 0.130157 0.133261 0.136325 0.139371 0.142442 0.145910 0.149147 0.152502 0.155826 0.159575 0.163192 0.166796 0.170572 0.174337 0.178364 0.182471 0.186609 0.190783 0.195041 0.199400 0.203939 0.208440 0.213014 0.217623 0.222217 0.227013 0.231649 0.236494 0.241184 0.245891 0.250675 0.255368 0.260295 0.264965 0.269809 0.274660 0.279606 0.284271 0.289174 0.293612 0.298446 0.303041 0.307874 0.312304 0.316973 0.321680 0.326172 0.330627 0.335343 0.339877 0.344681 0.349585 0.354524 0.358928 0.364301 0.369174 0.374461 0.378922 0.384298 0.389445 0.394533 0.399917 0.405453 0.410764 0.416263 0.421989 0.427153 0.432887 0.438248 0.444552 0.449598 0.454988 0.460539 0.466288 0.471160 0.477033 0.482966 0.488718 0.495353 0.501775 0.507894 0.514755 0.523001 0.531670 0.540877 0.549769 0.559202 0.566791 0.575162 0.582342 0.589907 0.597200 0.604853 0.611540 0.619462 0.625942 0.632806 0.639788 0.646572 0.653320 0.659521 0.666164 0.672737 0.679415 0.685789 0.692159 0.698590 0.704692 0.710968 0.717218 0.723467 0.729078 0.734896 0.740050 0.745640 0.750768 0.756386 0.761751 0.766870 0.771618 0.776157 0.781324 0.786559 0.790845 0.796122 0.801115 0.806040 0.811518 0.816960 0.821842 0.827442 0.833266 0.838943 0.844408 0.849167 0.854902 0.860310 0.867192 0.869468 0.872932 0.877771 0.882120 0.888698 0.892844 0.895757 0.899829 0.903843 0.911164 0.915348 0.916373 0.922786 0.925189 0.925490 0.925490 0.925490 0.925490 0.952941 0.935294 0.925490 0.925490 0.937255 0.937255 0.937255 0.937255 0.937255 0.937255 0.937255 0.937255 0.937255 0.937255 0.937255 0.937255 0.937255 0.937255 0.937255 0.937255 0.937255 0.937255 0.937255 0.937255 0.937255 0.937255 0.937255 0.937255 0.937255 0.937255 0.937255 0.937255 0.937255 0.937255 0.937255))
(time 0)
(channel blue)
(curve
   (curve-type smooth)
   (n-points 17)
   (points 34 -1.0 -1.0 -1.0 -1.0 -1.0 -1.0 -1.0 -1.0 -1.0 -1.0 -1.0 -1.0 -1.0 -1.0 -1.0 -1.0 -1.0 -1.0 -1.0 -1.0 -1.0 -1.0 -1.0 -1.0 -1.0 -1.0 -1.0 -1.0 -1.0 -1.0 -1.0 -1.0 -1.0 -1.0)
(n-samples 256)
(samples 256  0.026099 0.023402 0.021803 0.023345 0.024172 0.025215 0.027655 0.030504 0.034161 0.037399 0.040796 0.044643 0.048827 0.052668 0.056335 0.060139 0.063703 0.067449 0.070925 0.074344 0.076746 0.080120 0.082755 0.085482 0.087569 0.088835 0.090675 0.092220 0.092173 0.093131 0.093408 0.093171 0.093050 0.093228 0.092791 0.092469 0.092525 0.092363 0.092548 0.092567 0.093035 0.092976 0.093342 0.093661 0.094629 0.095020 0.095900 0.097167 0.098488 0.100201 0.102183 0.104069 0.106156 0.109055 0.112161 0.115421 0.119219 0.123715 0.128729 0.133815 0.139789 0.145741 0.154266 0.160909 0.169525 0.177088 0.185719 0.195355 0.202754 0.211417 0.218918 0.227062 0.233976 0.242773 0.249154 0.258015 0.265369 0.270063 0.277966 0.284801 0.291980 0.295195 0.301123 0.305463 0.311927 0.311266 0.316661 0.318169 0.319307 0.321041 0.321494 0.321452 0.320200 0.321796 0.322257 0.321315 0.321264 0.323722 0.323756 0.324880 0.326578 0.329823 0.331596 0.334163 0.336740 0.337945 0.342434 0.346488 0.350758 0.352951 0.358302 0.364019 0.367488 0.374459 0.379116 0.384913 0.390030 0.394424 0.401079 0.408766 0.414075 0.420507 0.426392 0.435306 0.441631 0.449006 0.455960 0.464283 0.470775 0.479694 0.488449 0.496132 0.499951 0.509980 0.515740 0.519864 0.523627 0.529125 0.531702 0.533743 0.535568 0.536664 0.540576 0.539826 0.540156 0.542906 0.545499 0.545116 0.546967 0.551046 0.551719 0.554499 0.560129 0.563404 0.567663 0.573466 0.579744 0.585403 0.591823 0.599555 0.605966 0.614033 0.620806 0.628157 0.634678 0.641265 0.646979 0.652319 0.657917 0.664079 0.670317 0.676644 0.683294 0.689085 0.695322 0.701801 0.707779 0.715005 0.722115 0.728348 0.734433 0.739597 0.745810 0.751795 0.757761 0.762382 0.766906 0.772874 0.778733 0.785222 0.790957 0.796744 0.803205 0.809407 0.814299 0.818919 0.823578 0.827805 0.830754 0.832755 0.832954 0.836853 0.839874 0.845795 0.846993 0.861728 0.869804 0.873856 0.883120 0.886013 0.889195 0.890667 0.905882 0.906690 0.910436 0.917647 0.918588 0.921849 0.925054 0.921569 0.909804 0.908497 0.908497 0.908497 0.908497 0.908497 0.908497 0.908497 0.908497 0.908497 0.908497 0.908497 0.908497 0.908497 0.908497 0.908497 0.908497 0.908497 0.908497 0.908497 0.908497 0.908497 0.908497 0.908497 0.908497 0.908497 0.908497 0.908497 0.908497 0.908497 0.908497 0.908497 0.908497 0.908497 0.908497 0.908497))
