# GIMP curves tool settings
(time 0)
(channel value)
(curve
   (curve-type smooth)
   (n-points 17)
   (points 34 -1.0 -1.0 -1.0 -1.0 -1.0 -1.0 -1.0 -1.0 -1.0 -1.0 -1.0 -1.0 -1.0 -1.0 -1.0 -1.0 -1.0 -1.0 -1.0 -1.0 -1.0 -1.0 -1.0 -1.0 -1.0 -1.0 -1.0 -1.0 -1.0 -1.0 -1.0 -1.0 -1.0 -1.0)
(n-samples 256)
(samples 256  0.000000 0.003922 0.007843 0.011765 0.015686 0.019608 0.023529 0.027451 0.031373 0.035294 0.039216 0.043137 0.047059 0.050980 0.054902 0.058824 0.062745 0.066667 0.070588 0.074510 0.078431 0.082353 0.086275 0.090196 0.094118 0.098039 0.101961 0.105882 0.109804 0.113725 0.117647 0.121569 0.125490 0.129412 0.133333 0.137255 0.141176 0.145098 0.149020 0.152941 0.156863 0.160784 0.164706 0.168627 0.172549 0.176471 0.180392 0.184314 0.188235 0.192157 0.196078 0.200000 0.203922 0.207843 0.211765 0.215686 0.219608 0.223529 0.227451 0.231373 0.235294 0.239216 0.243137 0.247059 0.250980 0.254902 0.258824 0.262745 0.266667 0.270588 0.274510 0.278431 0.282353 0.286275 0.290196 0.294118 0.298039 0.301961 0.305882 0.309804 0.313725 0.317647 0.321569 0.325490 0.329412 0.333333 0.337255 0.341176 0.345098 0.349020 0.352941 0.356863 0.360784 0.364706 0.368627 0.372549 0.376471 0.380392 0.384314 0.388235 0.392157 0.396078 0.400000 0.403922 0.407843 0.411765 0.415686 0.419608 0.423529 0.427451 0.431373 0.435294 0.439216 0.443137 0.447059 0.450980 0.454902 0.458824 0.462745 0.466667 0.470588 0.474510 0.478431 0.482353 0.486275 0.490196 0.494118 0.498039 0.501961 0.505882 0.509804 0.513725 0.517647 0.521569 0.525490 0.529412 0.533333 0.537255 0.541176 0.545098 0.549020 0.552941 0.556863 0.560784 0.564706 0.568627 0.572549 0.576471 0.580392 0.584314 0.588235 0.592157 0.596078 0.600000 0.603922 0.607843 0.611765 0.615686 0.619608 0.623529 0.627451 0.631373 0.635294 0.639216 0.643137 0.647059 0.650980 0.654902 0.658824 0.662745 0.666667 0.670588 0.674510 0.678431 0.682353 0.686275 0.690196 0.694118 0.698039 0.701961 0.705882 0.709804 0.713725 0.717647 0.721569 0.725490 0.729412 0.733333 0.737255 0.741176 0.745098 0.749020 0.752941 0.756863 0.760784 0.764706 0.768627 0.772549 0.776471 0.780392 0.784314 0.788235 0.792157 0.796078 0.800000 0.803922 0.807843 0.811765 0.815686 0.819608 0.823529 0.827451 0.831373 0.835294 0.839216 0.843137 0.847059 0.850980 0.854902 0.858824 0.862745 0.866667 0.870588 0.874510 0.878431 0.882353 0.886275 0.890196 0.894118 0.898039 0.901961 0.905882 0.909804 0.913725 0.917647 0.921569 0.925490 0.929412 0.933333 0.937255 0.941176 0.945098 0.949020 0.952941 0.956863 0.960784 0.964706 0.968627 0.972549 0.976471 0.980392 0.984314 0.988235 0.992157 0.996078 1.000000))
(time 0)
(channel red)
(curve
   (curve-type smooth)
   (n-points 17)
   (points 34 -1.0 -1.0 -1.0 -1.0 -1.0 -1.0 -1.0 -1.0 -1.0 -1.0 -1.0 -1.0 -1.0 -1.0 -1.0 -1.0 -1.0 -1.0 -1.0 -1.0 -1.0 -1.0 -1.0 -1.0 -1.0 -1.0 -1.0 -1.0 -1.0 -1.0 -1.0 -1.0 -1.0 -1.0)
(n-samples 256)
(samples 256  0.042730 0.042281 0.042889 0.045029 0.047199 0.048743 0.050038 0.053960 0.055534 0.058939 0.060399 0.062844 0.065276 0.067463 0.069308 0.072058 0.074289 0.076956 0.078052 0.079503 0.082698 0.084813 0.087172 0.088865 0.090248 0.092448 0.096091 0.098588 0.099864 0.100873 0.104655 0.106851 0.109524 0.111895 0.113969 0.116617 0.119080 0.122340 0.124329 0.127642 0.129941 0.133788 0.135814 0.139590 0.142341 0.145167 0.148517 0.152116 0.154872 0.158862 0.161189 0.165500 0.168249 0.172129 0.174774 0.178725 0.182327 0.184981 0.188489 0.192305 0.194745 0.198234 0.201366 0.204697 0.208190 0.210908 0.213368 0.216803 0.219798 0.222477 0.225567 0.228274 0.230737 0.234072 0.236539 0.238974 0.241707 0.244723 0.246800 0.249563 0.251914 0.255215 0.257509 0.260040 0.262769 0.265671 0.267592 0.270504 0.273593 0.275966 0.278745 0.281223 0.284086 0.287295 0.289591 0.292063 0.295313 0.297628 0.300554 0.303566 0.306008 0.308593 0.311177 0.314258 0.316575 0.319513 0.322048 0.324826 0.326594 0.329635 0.332444 0.335150 0.337183 0.339221 0.341994 0.344821 0.347245 0.349999 0.352081 0.355093 0.356897 0.359659 0.362242 0.365133 0.368655 0.371128 0.374019 0.377073 0.380641 0.384108 0.387252 0.390534 0.394656 0.398549 0.402801 0.407171 0.412007 0.416514 0.421450 0.426504 0.431932 0.436463 0.441387 0.446059 0.450819 0.455096 0.459002 0.462742 0.466950 0.470676 0.474278 0.477808 0.481634 0.484796 0.488912 0.492333 0.495820 0.499008 0.502854 0.506358 0.509640 0.513355 0.517190 0.520723 0.524403 0.528163 0.531845 0.535762 0.539717 0.543431 0.547263 0.551218 0.554488 0.557889 0.561447 0.563932 0.566701 0.569214 0.571678 0.572618 0.573269 0.575887 0.577898 0.576883 0.580784 0.582025 0.585825 0.589456 0.593935 0.599357 0.605668 0.612631 0.620126 0.622820 0.628541 0.632824 0.636278 0.638888 0.642326 0.643659 0.648358 0.650705 0.654435 0.658003 0.661522 0.664989 0.669618 0.673439 0.679002 0.683233 0.686826 0.689102 0.692273 0.693199 0.703279 0.713225 0.723554 0.725888 0.741900 0.742680 0.751261 0.739309 0.752941 0.745811 0.745658 0.761656 0.756471 0.766275 0.774510 0.782745 0.778824 0.796078 0.800000 0.792157 0.780392 0.806536 0.803922 0.807843 0.811765 0.803922 0.803922 0.815686 0.815686 0.815686 0.815686 0.815686 0.815686 0.815686 0.815686 0.815686 0.815686 0.815686 0.815686 0.815686 0.815686 0.815686))
(time 0)
(channel green)
(curve
   (curve-type smooth)
   (n-points 17)
   (points 34 -1.0 -1.0 -1.0 -1.0 -1.0 -1.0 -1.0 -1.0 -1.0 -1.0 -1.0 -1.0 -1.0 -1.0 -1.0 -1.0 -1.0 -1.0 -1.0 -1.0 -1.0 -1.0 -1.0 -1.0 -1.0 -1.0 -1.0 -1.0 -1.0 -1.0 -1.0 -1.0 -1.0 -1.0)
(n-samples 256)
(samples 256  0.036019 0.035066 0.035810 0.037990 0.040121 0.043443 0.045073 0.047950 0.050598 0.052318 0.055621 0.056967 0.060274 0.061693 0.064617 0.067084 0.069235 0.071357 0.073412 0.075729 0.077900 0.080201 0.082306 0.084524 0.086699 0.088850 0.091048 0.093216 0.095514 0.097683 0.099975 0.102164 0.104500 0.106778 0.109089 0.111301 0.113668 0.115967 0.118504 0.120591 0.123265 0.125450 0.128037 0.130441 0.132935 0.135583 0.137902 0.140684 0.143239 0.145688 0.148462 0.150694 0.153394 0.156008 0.158346 0.160940 0.163420 0.165806 0.168134 0.170848 0.173245 0.175237 0.178043 0.180416 0.182686 0.184912 0.187621 0.189781 0.191867 0.194177 0.196875 0.199151 0.201535 0.203603 0.206566 0.209087 0.211652 0.214290 0.216772 0.219781 0.222727 0.225600 0.228429 0.231246 0.234263 0.237684 0.240773 0.243900 0.247034 0.250074 0.253199 0.256193 0.259401 0.262382 0.265289 0.268365 0.271233 0.274049 0.276704 0.279502 0.282150 0.284962 0.287556 0.290241 0.292525 0.295013 0.297230 0.299651 0.301868 0.303995 0.306012 0.307939 0.310089 0.312146 0.314221 0.316466 0.318662 0.321014 0.323141 0.325632 0.327882 0.330522 0.332716 0.335331 0.338110 0.340740 0.343474 0.346039 0.348819 0.351474 0.354339 0.357012 0.360060 0.362881 0.365816 0.368440 0.371187 0.374078 0.377023 0.379687 0.382681 0.385715 0.388611 0.392074 0.395098 0.398514 0.401667 0.405805 0.409904 0.414321 0.418842 0.423445 0.427437 0.431716 0.435393 0.439369 0.443153 0.447373 0.450706 0.455133 0.458760 0.462627 0.466579 0.470609 0.474367 0.477918 0.481726 0.485428 0.489161 0.492919 0.496657 0.500500 0.504300 0.508315 0.512230 0.515988 0.519685 0.523207 0.526334 0.529428 0.532675 0.536434 0.539578 0.542906 0.545418 0.547771 0.550806 0.554058 0.555906 0.559085 0.562536 0.566072 0.570924 0.575300 0.577960 0.582765 0.587954 0.593547 0.601334 0.603369 0.612647 0.618659 0.623915 0.625770 0.627902 0.637317 0.642089 0.646839 0.653272 0.654551 0.657630 0.663373 0.670348 0.675321 0.677745 0.686275 0.691704 0.694608 0.685490 0.688235 0.688235 0.678431 0.713725 0.698039 0.698039 0.721569 0.721569 0.721569 0.721569 0.721569 0.721569 0.721569 0.721569 0.721569 0.721569 0.721569 0.721569 0.721569 0.721569 0.721569 0.721569 0.721569 0.721569 0.721569 0.721569 0.721569 0.721569 0.721569 0.721569 0.721569 0.721569 0.721569 0.721569 0.721569 0.721569 0.721569))
(time 0)
(channel blue)
(curve
   (curve-type smooth)
   (n-points 17)
   (points 34 -1.0 -1.0 -1.0 -1.0 -1.0 -1.0 -1.0 -1.0 -1.0 -1.0 -1.0 -1.0 -1.0 -1.0 -1.0 -1.0 -1.0 -1.0 -1.0 -1.0 -1.0 -1.0 -1.0 -1.0 -1.0 -1.0 -1.0 -1.0 -1.0 -1.0 -1.0 -1.0 -1.0 -1.0)
(n-samples 256)
(samples 256  0.005722 0.005328 0.006039 0.007982 0.009918 0.012868 0.015505 0.018092 0.020690 0.023456 0.026374 0.029335 0.032100 0.034829 0.037742 0.040535 0.043310 0.046253 0.049189 0.052177 0.054941 0.057813 0.060951 0.063926 0.066654 0.069731 0.072738 0.075765 0.078835 0.081889 0.084937 0.088181 0.091423 0.094578 0.097648 0.100952 0.104353 0.107719 0.110932 0.114075 0.117308 0.120795 0.124010 0.127398 0.130509 0.133702 0.136875 0.140040 0.143208 0.146312 0.149464 0.152387 0.155390 0.158387 0.161338 0.164257 0.167241 0.170061 0.172967 0.175577 0.178407 0.181136 0.183758 0.186480 0.189092 0.191685 0.194274 0.196773 0.199502 0.201841 0.204458 0.206941 0.209520 0.212015 0.214678 0.217090 0.219734 0.222366 0.224911 0.227406 0.230046 0.232841 0.235373 0.238295 0.240766 0.243836 0.246495 0.249480 0.252501 0.255212 0.258251 0.261193 0.264544 0.267257 0.270266 0.273556 0.276410 0.279242 0.282323 0.285274 0.288137 0.290773 0.293598 0.296382 0.299044 0.301894 0.304405 0.306886 0.309249 0.312081 0.314472 0.316747 0.319498 0.321743 0.323918 0.326443 0.328755 0.331292 0.333510 0.335691 0.338115 0.340459 0.342643 0.344986 0.347136 0.349455 0.351612 0.354082 0.356347 0.358579 0.360748 0.363065 0.365453 0.367994 0.369891 0.372868 0.375293 0.377729 0.380169 0.382818 0.385303 0.387641 0.390252 0.392721 0.394984 0.397470 0.399829 0.402128 0.404542 0.406893 0.409191 0.411329 0.413772 0.416122 0.418512 0.420906 0.423353 0.425674 0.428277 0.431034 0.433532 0.436086 0.438483 0.440770 0.442956 0.445118 0.447210 0.449414 0.451509 0.454129 0.456425 0.458946 0.461311 0.463762 0.466268 0.468929 0.471397 0.474161 0.476903 0.479614 0.482123 0.484665 0.487456 0.490063 0.492677 0.495255 0.497947 0.500659 0.503469 0.506723 0.509965 0.513173 0.516599 0.519962 0.522959 0.525994 0.528448 0.530569 0.531867 0.533528 0.532120 0.532670 0.534445 0.541269 0.541264 0.551658 0.556658 0.561479 0.572890 0.574052 0.576804 0.578196 0.594199 0.596540 0.599494 0.605415 0.611922 0.615126 0.619172 0.613725 0.592157 0.620915 0.620915 0.620915 0.620915 0.620915 0.620915 0.620915 0.620915 0.620915 0.620915 0.620915 0.620915 0.620915 0.620915 0.620915 0.620915 0.620915 0.620915 0.620915 0.620915 0.620915 0.620915 0.620915 0.620915 0.620915 0.620915 0.620915 0.620915 0.620915 0.620915 0.620915 0.620915 0.620915 0.620915 0.620915))
