# GIMP curves tool settings
(time 0)
(channel value)
(curve
   (curve-type smooth)
   (n-points 17)
   (points 34 -1.0 -1.0 -1.0 -1.0 -1.0 -1.0 -1.0 -1.0 -1.0 -1.0 -1.0 -1.0 -1.0 -1.0 -1.0 -1.0 -1.0 -1.0 -1.0 -1.0 -1.0 -1.0 -1.0 -1.0 -1.0 -1.0 -1.0 -1.0 -1.0 -1.0 -1.0 -1.0 -1.0 -1.0)
(n-samples 256)
(samples 256  0.000000 0.003922 0.007843 0.011765 0.015686 0.019608 0.023529 0.027451 0.031373 0.035294 0.039216 0.043137 0.047059 0.050980 0.054902 0.058824 0.062745 0.066667 0.070588 0.074510 0.078431 0.082353 0.086275 0.090196 0.094118 0.098039 0.101961 0.105882 0.109804 0.113725 0.117647 0.121569 0.125490 0.129412 0.133333 0.137255 0.141176 0.145098 0.149020 0.152941 0.156863 0.160784 0.164706 0.168627 0.172549 0.176471 0.180392 0.184314 0.188235 0.192157 0.196078 0.200000 0.203922 0.207843 0.211765 0.215686 0.219608 0.223529 0.227451 0.231373 0.235294 0.239216 0.243137 0.247059 0.250980 0.254902 0.258824 0.262745 0.266667 0.270588 0.274510 0.278431 0.282353 0.286275 0.290196 0.294118 0.298039 0.301961 0.305882 0.309804 0.313725 0.317647 0.321569 0.325490 0.329412 0.333333 0.337255 0.341176 0.345098 0.349020 0.352941 0.356863 0.360784 0.364706 0.368627 0.372549 0.376471 0.380392 0.384314 0.388235 0.392157 0.396078 0.400000 0.403922 0.407843 0.411765 0.415686 0.419608 0.423529 0.427451 0.431373 0.435294 0.439216 0.443137 0.447059 0.450980 0.454902 0.458824 0.462745 0.466667 0.470588 0.474510 0.478431 0.482353 0.486275 0.490196 0.494118 0.498039 0.501961 0.505882 0.509804 0.513725 0.517647 0.521569 0.525490 0.529412 0.533333 0.537255 0.541176 0.545098 0.549020 0.552941 0.556863 0.560784 0.564706 0.568627 0.572549 0.576471 0.580392 0.584314 0.588235 0.592157 0.596078 0.600000 0.603922 0.607843 0.611765 0.615686 0.619608 0.623529 0.627451 0.631373 0.635294 0.639216 0.643137 0.647059 0.650980 0.654902 0.658824 0.662745 0.666667 0.670588 0.674510 0.678431 0.682353 0.686275 0.690196 0.694118 0.698039 0.701961 0.705882 0.709804 0.713725 0.717647 0.721569 0.725490 0.729412 0.733333 0.737255 0.741176 0.745098 0.749020 0.752941 0.756863 0.760784 0.764706 0.768627 0.772549 0.776471 0.780392 0.784314 0.788235 0.792157 0.796078 0.800000 0.803922 0.807843 0.811765 0.815686 0.819608 0.823529 0.827451 0.831373 0.835294 0.839216 0.843137 0.847059 0.850980 0.854902 0.858824 0.862745 0.866667 0.870588 0.874510 0.878431 0.882353 0.886275 0.890196 0.894118 0.898039 0.901961 0.905882 0.909804 0.913725 0.917647 0.921569 0.925490 0.929412 0.933333 0.937255 0.941176 0.945098 0.949020 0.952941 0.956863 0.960784 0.964706 0.968627 0.972549 0.976471 0.980392 0.984314 0.988235 0.992157 0.996078 1.000000))
(time 0)
(channel red)
(curve
   (curve-type smooth)
   (n-points 17)
   (points 34 -1.0 -1.0 -1.0 -1.0 -1.0 -1.0 -1.0 -1.0 -1.0 -1.0 -1.0 -1.0 -1.0 -1.0 -1.0 -1.0 -1.0 -1.0 -1.0 -1.0 -1.0 -1.0 -1.0 -1.0 -1.0 -1.0 -1.0 -1.0 -1.0 -1.0 -1.0 -1.0 -1.0 -1.0)
(n-samples 256)
(samples 256  0.000522 0.000150 0.000537 0.001946 0.003650 0.007028 0.009546 0.014527 0.015870 0.021058 0.023915 0.027610 0.031019 0.034351 0.036940 0.041607 0.044516 0.048219 0.050875 0.054354 0.058911 0.061718 0.065113 0.069173 0.072832 0.076251 0.080379 0.084451 0.088124 0.091249 0.095388 0.099726 0.103782 0.107802 0.111634 0.115676 0.119594 0.124123 0.128170 0.132241 0.136092 0.141193 0.144755 0.149399 0.153149 0.157884 0.161871 0.165891 0.170068 0.174723 0.178621 0.182781 0.187186 0.191107 0.195355 0.199530 0.203784 0.207698 0.212158 0.215970 0.220286 0.224445 0.228831 0.232894 0.236571 0.241007 0.245038 0.248777 0.253226 0.257158 0.260830 0.265450 0.268745 0.272607 0.276814 0.280593 0.284294 0.287972 0.291778 0.295738 0.299145 0.302800 0.306490 0.309921 0.314106 0.318063 0.320831 0.324426 0.328632 0.332394 0.335973 0.339337 0.343059 0.347348 0.350927 0.354087 0.358149 0.362181 0.366017 0.369829 0.373767 0.377255 0.381534 0.386026 0.389587 0.394644 0.398744 0.402531 0.406614 0.411065 0.415596 0.420100 0.425018 0.428845 0.433431 0.438497 0.443111 0.447973 0.452853 0.457827 0.462544 0.467319 0.472353 0.476699 0.481992 0.486524 0.491443 0.495955 0.500873 0.505304 0.509498 0.513576 0.518371 0.521615 0.525955 0.529764 0.532890 0.536215 0.539837 0.542736 0.545971 0.549192 0.552963 0.556462 0.559834 0.564209 0.568445 0.572930 0.577300 0.582237 0.586771 0.591542 0.596153 0.601059 0.605840 0.610523 0.615257 0.619974 0.624860 0.629807 0.634255 0.639351 0.643654 0.648721 0.652954 0.658427 0.662521 0.666831 0.672173 0.676301 0.680693 0.685709 0.690029 0.695202 0.700593 0.705969 0.711658 0.718677 0.724281 0.731375 0.740364 0.746140 0.753540 0.763387 0.767751 0.774941 0.779806 0.784125 0.788643 0.791786 0.794797 0.797111 0.798748 0.803522 0.806299 0.810316 0.814554 0.818893 0.823186 0.828429 0.832097 0.836452 0.840529 0.844755 0.848448 0.852502 0.855452 0.859474 0.862074 0.865680 0.869592 0.874289 0.877963 0.881626 0.884185 0.884314 0.884934 0.889628 0.888627 0.892288 0.894055 0.900000 0.901056 0.912299 0.912605 0.911547 0.921176 0.920000 0.919608 0.923922 0.937255 0.937255 0.931373 0.949020 0.945098 0.955556 0.949020 0.964706 0.964706 0.952941 0.952941 0.972549 0.972549 0.972549 0.972549 0.972549 0.972549 0.972549 0.972549 0.972549 0.972549 0.972549 0.972549 0.972549 0.972549 0.972549))
(time 0)
(channel green)
(curve
   (curve-type smooth)
   (n-points 17)
   (points 34 -1.0 -1.0 -1.0 -1.0 -1.0 -1.0 -1.0 -1.0 -1.0 -1.0 -1.0 -1.0 -1.0 -1.0 -1.0 -1.0 -1.0 -1.0 -1.0 -1.0 -1.0 -1.0 -1.0 -1.0 -1.0 -1.0 -1.0 -1.0 -1.0 -1.0 -1.0 -1.0 -1.0 -1.0)
(n-samples 256)
(samples 256  0.001068 0.001883 0.003622 0.006587 0.009009 0.012862 0.015164 0.018631 0.021926 0.024521 0.028323 0.030775 0.034633 0.037308 0.040826 0.044149 0.047228 0.050416 0.053472 0.056787 0.059992 0.063254 0.066357 0.069676 0.072966 0.076169 0.079554 0.082803 0.086166 0.089546 0.092937 0.096343 0.099761 0.103321 0.106682 0.110233 0.113682 0.117196 0.120704 0.124179 0.127733 0.131370 0.134970 0.138584 0.142274 0.145959 0.149669 0.153422 0.157245 0.161079 0.164887 0.168690 0.172713 0.176543 0.180415 0.184379 0.188280 0.192091 0.196035 0.199933 0.203869 0.207709 0.211713 0.215618 0.219553 0.223524 0.227592 0.231569 0.235509 0.239603 0.243775 0.247825 0.251886 0.255956 0.260374 0.264485 0.268735 0.273028 0.277375 0.281796 0.286299 0.290729 0.295241 0.299824 0.304316 0.309185 0.313759 0.318574 0.323281 0.327828 0.332558 0.337198 0.341902 0.346578 0.351081 0.355774 0.360223 0.364768 0.369121 0.373637 0.377935 0.382430 0.386764 0.391136 0.395193 0.399434 0.403605 0.407745 0.411782 0.415819 0.419903 0.423813 0.427841 0.431904 0.435853 0.439980 0.444191 0.448492 0.452665 0.456748 0.460968 0.465413 0.469373 0.473786 0.478281 0.482639 0.487125 0.491412 0.495840 0.500437 0.505136 0.509357 0.514006 0.518316 0.522852 0.527203 0.531750 0.536029 0.540563 0.544664 0.549286 0.553904 0.558420 0.563234 0.567732 0.572687 0.577412 0.582783 0.588074 0.593520 0.598959 0.604401 0.609314 0.614418 0.619073 0.623888 0.628524 0.633419 0.637787 0.642829 0.647196 0.651736 0.656379 0.660927 0.665357 0.669679 0.674194 0.678572 0.682947 0.687379 0.691737 0.696140 0.700456 0.704786 0.709088 0.713329 0.717281 0.721233 0.724807 0.728531 0.732062 0.736054 0.739625 0.743389 0.746372 0.749449 0.753060 0.756505 0.759723 0.763137 0.766454 0.769989 0.774330 0.778627 0.781835 0.785915 0.789906 0.794945 0.799548 0.802786 0.809575 0.814010 0.817052 0.820366 0.823394 0.829515 0.833003 0.837233 0.842577 0.844776 0.845780 0.850196 0.856903 0.859635 0.862255 0.869101 0.869382 0.868137 0.870588 0.874510 0.874510 0.878431 0.898039 0.890196 0.890196 0.898039 0.898039 0.898039 0.898039 0.898039 0.898039 0.898039 0.898039 0.898039 0.898039 0.898039 0.898039 0.898039 0.898039 0.898039 0.898039 0.898039 0.898039 0.898039 0.898039 0.898039 0.898039 0.898039 0.898039 0.898039 0.898039 0.898039 0.898039 0.898039 0.898039 0.898039))
(time 0)
(channel blue)
(curve
   (curve-type smooth)
   (n-points 17)
   (points 34 -1.0 -1.0 -1.0 -1.0 -1.0 -1.0 -1.0 -1.0 -1.0 -1.0 -1.0 -1.0 -1.0 -1.0 -1.0 -1.0 -1.0 -1.0 -1.0 -1.0 -1.0 -1.0 -1.0 -1.0 -1.0 -1.0 -1.0 -1.0 -1.0 -1.0 -1.0 -1.0 -1.0 -1.0)
(n-samples 256)
(samples 256  0.045193 0.040587 0.037906 0.040536 0.042692 0.044860 0.049490 0.054804 0.061527 0.067635 0.073814 0.080710 0.088088 0.094758 0.100865 0.107167 0.113132 0.118921 0.124267 0.129450 0.132795 0.137929 0.141336 0.144953 0.147591 0.149102 0.151016 0.152872 0.152018 0.152790 0.152902 0.151827 0.151017 0.151203 0.150395 0.149763 0.149602 0.149276 0.149641 0.149746 0.150591 0.150575 0.151124 0.151870 0.153359 0.154142 0.155443 0.157192 0.159208 0.161600 0.164542 0.167095 0.169822 0.173554 0.177706 0.181950 0.186808 0.192421 0.198723 0.204660 0.212051 0.219072 0.229195 0.236732 0.246598 0.255275 0.264906 0.275405 0.283374 0.292679 0.300727 0.309106 0.315871 0.324722 0.330906 0.339470 0.346177 0.350827 0.358409 0.365030 0.371425 0.374781 0.380316 0.384506 0.390859 0.390614 0.395877 0.397636 0.398983 0.401206 0.402017 0.402860 0.402112 0.403933 0.405002 0.404687 0.404970 0.407589 0.407966 0.409151 0.410630 0.414032 0.415499 0.418081 0.420612 0.421472 0.425619 0.429028 0.432887 0.434563 0.439369 0.444056 0.446958 0.452862 0.456789 0.462083 0.465777 0.469573 0.475106 0.481542 0.485678 0.490758 0.495893 0.502430 0.507715 0.513501 0.518970 0.525437 0.530509 0.537715 0.543613 0.549923 0.552830 0.560616 0.565659 0.567867 0.570451 0.574475 0.576115 0.577428 0.578731 0.579365 0.581737 0.581015 0.581818 0.583832 0.585572 0.585737 0.587569 0.590051 0.591523 0.594233 0.598653 0.601425 0.604956 0.609114 0.613756 0.617836 0.622025 0.626906 0.631818 0.637327 0.642381 0.647973 0.653128 0.658596 0.663254 0.667669 0.671967 0.676004 0.680576 0.684928 0.689709 0.693619 0.697758 0.702338 0.706557 0.711480 0.716204 0.720687 0.725029 0.728703 0.733225 0.737686 0.742191 0.745743 0.749099 0.753682 0.758094 0.762239 0.766150 0.769807 0.774211 0.778716 0.782245 0.785175 0.789785 0.794000 0.797865 0.800734 0.804534 0.809542 0.811853 0.814961 0.820944 0.824546 0.830656 0.831087 0.837511 0.838431 0.843304 0.848784 0.851879 0.854902 0.858697 0.865920 0.865725 0.866947 0.868410 0.870588 0.878431 0.884967 0.884967 0.884967 0.884967 0.884967 0.884967 0.884967 0.884967 0.884967 0.884967 0.884967 0.884967 0.884967 0.884967 0.884967 0.884967 0.884967 0.884967 0.884967 0.884967 0.884967 0.884967 0.884967 0.884967 0.884967 0.884967 0.884967 0.884967 0.884967 0.884967 0.884967 0.884967 0.884967 0.884967 0.884967))
