# GIMP curves tool settings
(time 0)
(channel value)
(curve
   (curve-type smooth)
   (n-points 17)
   (points 34 -1.0 -1.0 -1.0 -1.0 -1.0 -1.0 -1.0 -1.0 -1.0 -1.0 -1.0 -1.0 -1.0 -1.0 -1.0 -1.0 -1.0 -1.0 -1.0 -1.0 -1.0 -1.0 -1.0 -1.0 -1.0 -1.0 -1.0 -1.0 -1.0 -1.0 -1.0 -1.0 -1.0 -1.0)
(n-samples 256)
(samples 256  0.000000 0.003922 0.007843 0.011765 0.015686 0.019608 0.023529 0.027451 0.031373 0.035294 0.039216 0.043137 0.047059 0.050980 0.054902 0.058824 0.062745 0.066667 0.070588 0.074510 0.078431 0.082353 0.086275 0.090196 0.094118 0.098039 0.101961 0.105882 0.109804 0.113725 0.117647 0.121569 0.125490 0.129412 0.133333 0.137255 0.141176 0.145098 0.149020 0.152941 0.156863 0.160784 0.164706 0.168627 0.172549 0.176471 0.180392 0.184314 0.188235 0.192157 0.196078 0.200000 0.203922 0.207843 0.211765 0.215686 0.219608 0.223529 0.227451 0.231373 0.235294 0.239216 0.243137 0.247059 0.250980 0.254902 0.258824 0.262745 0.266667 0.270588 0.274510 0.278431 0.282353 0.286275 0.290196 0.294118 0.298039 0.301961 0.305882 0.309804 0.313725 0.317647 0.321569 0.325490 0.329412 0.333333 0.337255 0.341176 0.345098 0.349020 0.352941 0.356863 0.360784 0.364706 0.368627 0.372549 0.376471 0.380392 0.384314 0.388235 0.392157 0.396078 0.400000 0.403922 0.407843 0.411765 0.415686 0.419608 0.423529 0.427451 0.431373 0.435294 0.439216 0.443137 0.447059 0.450980 0.454902 0.458824 0.462745 0.466667 0.470588 0.474510 0.478431 0.482353 0.486275 0.490196 0.494118 0.498039 0.501961 0.505882 0.509804 0.513725 0.517647 0.521569 0.525490 0.529412 0.533333 0.537255 0.541176 0.545098 0.549020 0.552941 0.556863 0.560784 0.564706 0.568627 0.572549 0.576471 0.580392 0.584314 0.588235 0.592157 0.596078 0.600000 0.603922 0.607843 0.611765 0.615686 0.619608 0.623529 0.627451 0.631373 0.635294 0.639216 0.643137 0.647059 0.650980 0.654902 0.658824 0.662745 0.666667 0.670588 0.674510 0.678431 0.682353 0.686275 0.690196 0.694118 0.698039 0.701961 0.705882 0.709804 0.713725 0.717647 0.721569 0.725490 0.729412 0.733333 0.737255 0.741176 0.745098 0.749020 0.752941 0.756863 0.760784 0.764706 0.768627 0.772549 0.776471 0.780392 0.784314 0.788235 0.792157 0.796078 0.800000 0.803922 0.807843 0.811765 0.815686 0.819608 0.823529 0.827451 0.831373 0.835294 0.839216 0.843137 0.847059 0.850980 0.854902 0.858824 0.862745 0.866667 0.870588 0.874510 0.878431 0.882353 0.886275 0.890196 0.894118 0.898039 0.901961 0.905882 0.909804 0.913725 0.917647 0.921569 0.925490 0.929412 0.933333 0.937255 0.941176 0.945098 0.949020 0.952941 0.956863 0.960784 0.964706 0.968627 0.972549 0.976471 0.980392 0.984314 0.988235 0.992157 0.996078 1.000000))
(time 0)
(channel red)
(curve
   (curve-type smooth)
   (n-points 17)
   (points 34 -1.0 -1.0 -1.0 -1.0 -1.0 -1.0 -1.0 -1.0 -1.0 -1.0 -1.0 -1.0 -1.0 -1.0 -1.0 -1.0 -1.0 -1.0 -1.0 -1.0 -1.0 -1.0 -1.0 -1.0 -1.0 -1.0 -1.0 -1.0 -1.0 -1.0 -1.0 -1.0 -1.0 -1.0)
(n-samples 256)
(samples 256  0.012063 0.010692 0.011386 0.013412 0.015083 0.016867 0.017851 0.020818 0.022378 0.025129 0.026366 0.028377 0.030372 0.032172 0.034155 0.036139 0.038200 0.040479 0.041976 0.043477 0.046076 0.048387 0.050635 0.052074 0.053954 0.056084 0.059012 0.061466 0.062874 0.064512 0.067664 0.070088 0.072457 0.074820 0.077102 0.079631 0.082344 0.085111 0.087278 0.090409 0.092985 0.096084 0.098692 0.102152 0.104901 0.107961 0.111186 0.114469 0.117546 0.121085 0.123882 0.128042 0.131240 0.134751 0.138065 0.141971 0.145625 0.148821 0.152585 0.156443 0.159721 0.163311 0.167056 0.170662 0.174574 0.177839 0.181288 0.185230 0.188607 0.192026 0.195764 0.199281 0.202854 0.206871 0.210335 0.213792 0.217398 0.221045 0.224615 0.228414 0.231755 0.236092 0.239435 0.243413 0.247226 0.251101 0.254690 0.258918 0.262938 0.266872 0.270818 0.274905 0.279220 0.283737 0.287319 0.291414 0.295793 0.299705 0.303885 0.308133 0.312061 0.316065 0.319850 0.324336 0.328000 0.332172 0.335815 0.339765 0.343216 0.346926 0.350999 0.354857 0.358095 0.361435 0.365327 0.369076 0.372630 0.376336 0.379366 0.383385 0.386271 0.390308 0.393598 0.397675 0.401777 0.405639 0.409310 0.413307 0.417466 0.422320 0.426093 0.430957 0.435806 0.441005 0.446745 0.452560 0.458976 0.465286 0.472121 0.479655 0.486953 0.494049 0.500752 0.507499 0.514738 0.520981 0.527053 0.532351 0.538240 0.543429 0.548331 0.553021 0.558188 0.562120 0.567593 0.571631 0.576241 0.579939 0.584619 0.588932 0.591912 0.596536 0.599758 0.603660 0.606197 0.610202 0.612855 0.616994 0.620774 0.623951 0.628223 0.632755 0.635590 0.639967 0.644178 0.647155 0.650963 0.655096 0.657151 0.660089 0.665038 0.668630 0.675533 0.681777 0.686981 0.692994 0.698818 0.704335 0.710380 0.717551 0.724896 0.732465 0.740557 0.744312 0.749963 0.754820 0.758621 0.761745 0.765736 0.767899 0.773335 0.776566 0.780883 0.784840 0.788854 0.792834 0.797599 0.801122 0.806887 0.811599 0.815204 0.816993 0.819175 0.820869 0.828512 0.839800 0.850434 0.852572 0.867149 0.866601 0.874199 0.861345 0.876923 0.873797 0.871429 0.886710 0.885882 0.890196 0.895098 0.908235 0.905882 0.913725 0.923529 0.921569 0.905882 0.929412 0.929412 0.933333 0.941176 0.925490 0.925490 0.945098 0.945098 0.945098 0.945098 0.945098 0.945098 0.945098 0.945098 0.945098 0.945098 0.945098 0.945098 0.945098 0.945098 0.945098))
(time 0)
(channel green)
(curve
   (curve-type smooth)
   (n-points 17)
   (points 34 -1.0 -1.0 -1.0 -1.0 -1.0 -1.0 -1.0 -1.0 -1.0 -1.0 -1.0 -1.0 -1.0 -1.0 -1.0 -1.0 -1.0 -1.0 -1.0 -1.0 -1.0 -1.0 -1.0 -1.0 -1.0 -1.0 -1.0 -1.0 -1.0 -1.0 -1.0 -1.0 -1.0 -1.0)
(n-samples 256)
(samples 256  0.010556 0.009580 0.009052 0.012080 0.013951 0.016955 0.018427 0.019986 0.022036 0.022709 0.025198 0.026509 0.028774 0.029773 0.032485 0.034313 0.035923 0.037519 0.039210 0.041101 0.042978 0.044816 0.046557 0.048182 0.050224 0.051782 0.053627 0.055378 0.057322 0.059051 0.061156 0.063071 0.065173 0.066971 0.069489 0.071527 0.073889 0.076045 0.078899 0.080981 0.083947 0.086184 0.089415 0.092220 0.095077 0.098252 0.100923 0.104532 0.107569 0.110545 0.114016 0.116664 0.120067 0.123409 0.126321 0.129680 0.132960 0.136178 0.139128 0.142992 0.146287 0.148807 0.152956 0.156255 0.159443 0.162445 0.166621 0.169573 0.172435 0.175742 0.179716 0.183076 0.186461 0.189552 0.194113 0.197834 0.201681 0.205527 0.208846 0.213673 0.218190 0.222522 0.226742 0.230899 0.235575 0.241269 0.246120 0.251091 0.256278 0.261078 0.265887 0.270965 0.276255 0.280925 0.285518 0.290289 0.294706 0.299476 0.303584 0.308241 0.312407 0.317097 0.321252 0.325925 0.329727 0.333894 0.337936 0.342059 0.345919 0.349756 0.353317 0.356740 0.360233 0.363836 0.367258 0.370889 0.374408 0.378230 0.381811 0.385882 0.389164 0.393409 0.396882 0.400980 0.405121 0.409149 0.413607 0.417612 0.421962 0.425935 0.430043 0.434428 0.438645 0.442813 0.447327 0.451707 0.455734 0.460179 0.465042 0.469368 0.474184 0.479336 0.484143 0.489946 0.494979 0.501321 0.508342 0.516506 0.526299 0.536222 0.545801 0.555412 0.562620 0.570325 0.575729 0.581775 0.587109 0.593398 0.597689 0.604458 0.608648 0.614143 0.618869 0.623766 0.627542 0.630500 0.633469 0.637045 0.640724 0.644432 0.648643 0.652743 0.656673 0.661208 0.665417 0.670034 0.674223 0.678012 0.679855 0.681952 0.684261 0.687564 0.690382 0.695912 0.702511 0.709383 0.716469 0.722964 0.727970 0.732520 0.737766 0.742760 0.748915 0.754437 0.756964 0.762662 0.769363 0.775637 0.784259 0.786134 0.797990 0.802910 0.810224 0.810908 0.813748 0.822002 0.826752 0.831505 0.836618 0.838572 0.839812 0.848157 0.854422 0.858688 0.861471 0.870453 0.873906 0.876471 0.862745 0.868627 0.868627 0.862745 0.890196 0.878431 0.878431 0.905882 0.905882 0.905882 0.905882 0.905882 0.905882 0.905882 0.905882 0.905882 0.905882 0.905882 0.905882 0.905882 0.905882 0.905882 0.905882 0.905882 0.905882 0.905882 0.905882 0.905882 0.905882 0.905882 0.905882 0.905882 0.905882 0.905882 0.905882 0.905882 0.905882 0.905882))
(time 0)
(channel blue)
(curve
   (curve-type smooth)
   (n-points 17)
   (points 34 -1.0 -1.0 -1.0 -1.0 -1.0 -1.0 -1.0 -1.0 -1.0 -1.0 -1.0 -1.0 -1.0 -1.0 -1.0 -1.0 -1.0 -1.0 -1.0 -1.0 -1.0 -1.0 -1.0 -1.0 -1.0 -1.0 -1.0 -1.0 -1.0 -1.0 -1.0 -1.0 -1.0 -1.0)
(n-samples 256)
(samples 256  0.009176 0.009989 0.011309 0.013235 0.015432 0.017720 0.020291 0.022532 0.025108 0.027755 0.030188 0.032781 0.035340 0.037944 0.040554 0.043308 0.046144 0.048752 0.051663 0.054471 0.057164 0.060242 0.062910 0.065623 0.068455 0.071045 0.073706 0.076351 0.078978 0.081630 0.084221 0.086622 0.089297 0.092140 0.094782 0.097362 0.100104 0.103016 0.106108 0.108774 0.111931 0.115049 0.117789 0.120981 0.123859 0.127145 0.130270 0.133627 0.136971 0.140384 0.143790 0.147212 0.150874 0.154576 0.158490 0.162286 0.166216 0.170365 0.174482 0.178800 0.183070 0.187482 0.192273 0.196681 0.201369 0.205813 0.210566 0.215397 0.219801 0.224503 0.229138 0.234005 0.238410 0.243087 0.247441 0.252339 0.256680 0.261098 0.265756 0.270383 0.274806 0.278872 0.283432 0.287424 0.291948 0.295413 0.299872 0.303471 0.307013 0.311022 0.314388 0.318563 0.321719 0.325560 0.328993 0.332405 0.336025 0.339905 0.343350 0.347060 0.350509 0.354597 0.357994 0.361840 0.365745 0.368984 0.373252 0.377123 0.381091 0.384981 0.389387 0.393707 0.397606 0.402192 0.406390 0.411132 0.415135 0.419236 0.423895 0.428881 0.432456 0.437018 0.441816 0.446732 0.450876 0.455528 0.459809 0.464453 0.468546 0.473381 0.477878 0.481972 0.485593 0.490172 0.494024 0.497609 0.500420 0.504279 0.506933 0.509632 0.511732 0.513768 0.516977 0.518199 0.519847 0.523045 0.525326 0.527228 0.529525 0.532732 0.534843 0.537564 0.540954 0.544316 0.548189 0.552589 0.557646 0.562670 0.568128 0.574700 0.580853 0.588092 0.596180 0.604305 0.613354 0.621722 0.628683 0.635133 0.640525 0.646033 0.650989 0.655771 0.660694 0.665433 0.669749 0.674533 0.678708 0.681934 0.684472 0.687325 0.690349 0.693216 0.696419 0.698956 0.701493 0.704338 0.708150 0.711776 0.715981 0.719823 0.721921 0.724700 0.725594 0.727769 0.734193 0.744365 0.748567 0.750875 0.756731 0.762692 0.766807 0.777470 0.785528 0.794164 0.795662 0.809320 0.815993 0.823039 0.834655 0.837647 0.841302 0.842196 0.858742 0.861476 0.864010 0.870401 0.874824 0.877871 0.879739 0.884314 0.878431 0.887582 0.887582 0.887582 0.887582 0.887582 0.887582 0.887582 0.887582 0.887582 0.887582 0.887582 0.887582 0.887582 0.887582 0.887582 0.887582 0.887582 0.887582 0.887582 0.887582 0.887582 0.887582 0.887582 0.887582 0.887582 0.887582 0.887582 0.887582 0.887582 0.887582 0.887582 0.887582 0.887582 0.887582 0.887582))
