# GIMP curves tool settings

(time 0)
(channel value)
(curve
    (curve-type smooth)
    (n-points 17)
    (points 34 0.000000 0.000000 -1.000000 -1.000000 -1.000000 -1.000000 -1.000000 -1.000000 -1.000000 -1.000000 -1.000000 -1.000000 -1.000000 -1.000000 -1.000000 -1.000000 -1.000000 -1.000000 -1.000000 -1.000000 -1.000000 -1.000000 -1.000000 -1.000000 -1.000000 -1.000000 -1.000000 -1.000000 -1.000000 -1.000000 -1.000000 -1.000000 1.000000 1.000000)
    (n-samples 256)
    (samples 256 0.000000 0.003922 0.007843 0.011765 0.015686 0.019608 0.023529 0.027451 0.031373 0.035294 0.039216 0.043137 0.047059 0.050980 0.054902 0.058824 0.062745 0.066667 0.070588 0.074510 0.078431 0.082353 0.086275 0.090196 0.094118 0.098039 0.101961 0.105882 0.109804 0.113725 0.117647 0.121569 0.125490 0.129412 0.133333 0.137255 0.141176 0.145098 0.149020 0.152941 0.156863 0.160784 0.164706 0.168627 0.172549 0.176471 0.180392 0.184314 0.188235 0.192157 0.196078 0.200000 0.203922 0.207843 0.211765 0.215686 0.219608 0.223529 0.227451 0.231373 0.235294 0.239216 0.243137 0.247059 0.250980 0.254902 0.258824 0.262745 0.266667 0.270588 0.274510 0.278431 0.282353 0.286275 0.290196 0.294118 0.298039 0.301961 0.305882 0.309804 0.313725 0.317647 0.321569 0.325490 0.329412 0.333333 0.337255 0.341176 0.345098 0.349020 0.352941 0.356863 0.360784 0.364706 0.368627 0.372549 0.376471 0.380392 0.384314 0.388235 0.392157 0.396078 0.400000 0.403922 0.407843 0.411765 0.415686 0.419608 0.423529 0.427451 0.431373 0.435294 0.439216 0.443137 0.447059 0.450980 0.454902 0.458824 0.462745 0.466667 0.470588 0.474510 0.478431 0.482353 0.486275 0.490196 0.494118 0.498039 0.501961 0.505882 0.509804 0.513725 0.517647 0.521569 0.525490 0.529412 0.533333 0.537255 0.541176 0.545098 0.549020 0.552941 0.556863 0.560784 0.564706 0.568627 0.572549 0.576471 0.580392 0.584314 0.588235 0.592157 0.596078 0.600000 0.603922 0.607843 0.611765 0.615686 0.619608 0.623529 0.627451 0.631373 0.635294 0.639216 0.643137 0.647059 0.650980 0.654902 0.658824 0.662745 0.666667 0.670588 0.674510 0.678431 0.682353 0.686275 0.690196 0.694118 0.698039 0.701961 0.705882 0.709804 0.713725 0.717647 0.721569 0.725490 0.729412 0.733333 0.737255 0.741176 0.745098 0.749020 0.752941 0.756863 0.760784 0.764706 0.768627 0.772549 0.776471 0.780392 0.784314 0.788235 0.792157 0.796078 0.800000 0.803922 0.807843 0.811765 0.815686 0.819608 0.823529 0.827451 0.831373 0.835294 0.839216 0.843137 0.847059 0.850980 0.854902 0.858824 0.862745 0.866667 0.870588 0.874510 0.878431 0.882353 0.886275 0.890196 0.894118 0.898039 0.901961 0.905882 0.909804 0.913725 0.917647 0.921569 0.925490 0.929412 0.933333 0.937255 0.941176 0.945098 0.949020 0.952941 0.956863 0.960784 0.964706 0.968627 0.972549 0.976471 0.980392 0.984314 0.988235 0.992157 0.996078 1.000000))
(time 0)
(channel red)
(curve
    (curve-type smooth)
    (n-points 17)
    (points 34 0.000000 0.000000 0.219608 0.086275 -1.000000 -1.000000 -1.000000 -1.000000 -1.000000 -1.000000 -1.000000 -1.000000 -1.000000 -1.000000 -1.000000 -1.000000 -1.000000 -1.000000 -1.000000 -1.000000 -1.000000 -1.000000 -1.000000 -1.000000 -1.000000 -1.000000 -1.000000 -1.000000 -1.000000 -1.000000 -1.000000 -1.000000 0.827451 1.000000)
    (n-samples 256)
    (samples 256 0.000000 0.000000 0.000000 0.000000 0.000000 0.000000 0.000000 0.000000 0.000000 0.000000 0.000000 0.000033 0.000176 0.000357 0.000577 0.000840 0.001149 0.001507 0.001917 0.002382 0.002905 0.003490 0.004138 0.004854 0.005641 0.006500 0.007437 0.008453 0.009551 0.010735 0.012008 0.013373 0.014832 0.016390 0.018048 0.019811 0.021680 0.023660 0.025753 0.027962 0.030291 0.032742 0.035318 0.038023 0.040859 0.043831 0.046939 0.050189 0.053583 0.057123 0.060813 0.064656 0.068656 0.072814 0.077135 0.081621 0.086275 0.091025 0.095798 0.100593 0.105410 0.110248 0.115108 0.119990 0.124893 0.129817 0.134763 0.139729 0.144716 0.149724 0.154752 0.159800 0.164869 0.169958 0.175066 0.180195 0.185343 0.190510 0.195697 0.200903 0.206128 0.211373 0.216635 0.221917 0.227217 0.232535 0.237871 0.243226 0.248598 0.253988 0.259396 0.264821 0.270263 0.275723 0.281200 0.286693 0.292203 0.297730 0.303274 0.308833 0.314409 0.320001 0.325608 0.331232 0.336871 0.342525 0.348195 0.353880 0.359580 0.365295 0.371024 0.376768 0.382527 0.388299 0.394086 0.399887 0.405702 0.411530 0.417373 0.423228 0.429097 0.434979 0.440873 0.446781 0.452702 0.458634 0.464580 0.470537 0.476507 0.482489 0.488483 0.494488 0.500505 0.506533 0.512572 0.518623 0.524684 0.530757 0.536840 0.542933 0.549037 0.555151 0.561276 0.567410 0.573554 0.579708 0.585871 0.592044 0.598226 0.604417 0.610617 0.616825 0.623043 0.629269 0.635503 0.641745 0.647996 0.654254 0.660521 0.666795 0.673076 0.679365 0.685661 0.691964 0.698274 0.704591 0.710914 0.717244 0.723581 0.729923 0.736272 0.742626 0.748986 0.755352 0.761724 0.768100 0.774482 0.780869 0.787261 0.793658 0.800059 0.806465 0.812875 0.819289 0.825707 0.832129 0.838555 0.844985 0.851418 0.857854 0.864293 0.870736 0.877181 0.883629 0.890080 0.896533 0.902989 0.909447 0.915906 0.922368 0.928831 0.935296 0.941762 0.948230 0.954699 0.961168 0.967639 0.974110 0.980582 0.987055 0.993527 1.000000 1.000000 1.000000 1.000000 1.000000 1.000000 1.000000 1.000000 1.000000 1.000000 1.000000 1.000000 1.000000 1.000000 1.000000 1.000000 1.000000 1.000000 1.000000 1.000000 1.000000 1.000000 1.000000 1.000000 1.000000 1.000000 1.000000 1.000000 1.000000 1.000000 1.000000 1.000000 1.000000 1.000000 1.000000 1.000000 1.000000 1.000000 1.000000 1.000000 1.000000 1.000000 1.000000 1.000000 1.000000))
(time 0)
(channel green)
(curve
    (curve-type smooth)
    (n-points 17)
    (points 34 0.000000 0.000000 0.219608 0.152941 0.815686 0.886275 -1.000000 -1.000000 -1.000000 -1.000000 -1.000000 -1.000000 -1.000000 -1.000000 -1.000000 -1.000000 -1.000000 -1.000000 -1.000000 -1.000000 -1.000000 -1.000000 -1.000000 -1.000000 -1.000000 -1.000000 -1.000000 -1.000000 -1.000000 -1.000000 -1.000000 -1.000000 1.000000 1.000000)
    (n-samples 256)
    (samples 256 0.000000 0.001966 0.003934 0.005905 0.007880 0.009861 0.011850 0.013847 0.015854 0.017873 0.019906 0.021952 0.024015 0.026096 0.028196 0.030316 0.032458 0.034623 0.036813 0.039030 0.041275 0.043548 0.045853 0.048189 0.050560 0.052965 0.055407 0.057887 0.060407 0.062968 0.065571 0.068218 0.070910 0.073649 0.076436 0.079274 0.082162 0.085103 0.088098 0.091149 0.094257 0.097424 0.100650 0.103938 0.107289 0.110704 0.114185 0.117734 0.121351 0.125039 0.128798 0.132630 0.136537 0.140520 0.144581 0.148721 0.152941 0.157213 0.161507 0.165823 0.170160 0.174518 0.178898 0.183297 0.187717 0.192157 0.196617 0.201096 0.205594 0.210110 0.214646 0.219199 0.223771 0.228360 0.232966 0.237589 0.242229 0.246886 0.251558 0.256247 0.260951 0.265670 0.270404 0.275153 0.279916 0.284693 0.289484 0.294289 0.299107 0.303937 0.308781 0.313636 0.318504 0.323383 0.328274 0.333176 0.338089 0.343012 0.347945 0.352889 0.357842 0.362805 0.367776 0.372757 0.377746 0.382743 0.387748 0.392761 0.397781 0.402808 0.407841 0.412881 0.417928 0.422980 0.428038 0.433101 0.438168 0.443241 0.448318 0.453399 0.458484 0.463572 0.468664 0.473758 0.478855 0.483955 0.489056 0.494160 0.499264 0.504370 0.509477 0.514584 0.519691 0.524799 0.529906 0.535012 0.540118 0.545222 0.550325 0.555426 0.560525 0.565622 0.570715 0.575806 0.580894 0.585978 0.591059 0.596135 0.601206 0.606273 0.611335 0.616392 0.621443 0.626488 0.631527 0.636560 0.641585 0.646604 0.651615 0.656618 0.661614 0.666601 0.671580 0.676550 0.681511 0.686462 0.691404 0.696335 0.701256 0.706167 0.711067 0.715955 0.720832 0.725698 0.730551 0.735392 0.740220 0.745035 0.749837 0.754626 0.759400 0.764161 0.768907 0.773638 0.778354 0.783055 0.787740 0.792410 0.797063 0.801700 0.806320 0.810923 0.815508 0.820076 0.824626 0.829158 0.833671 0.838165 0.842641 0.847096 0.851532 0.855948 0.860344 0.864719 0.869073 0.873406 0.877718 0.882008 0.886275 0.890473 0.894557 0.898528 0.902390 0.906144 0.909794 0.913341 0.916789 0.920139 0.923394 0.926557 0.929630 0.932616 0.935518 0.938336 0.941075 0.943737 0.946324 0.948838 0.951283 0.953660 0.955973 0.958223 0.960413 0.962546 0.964624 0.966649 0.968625 0.970553 0.972436 0.974277 0.976078 0.977842 0.979570 0.981267 0.982933 0.984572 0.986186 0.987777 0.989349 0.990903 0.992442 0.993968 0.995485 0.996994 0.998498 1.000000))
(time 0)
(channel blue)
(curve
    (curve-type smooth)
    (n-points 17)
    (points 34 0.000000 0.078431 -1.000000 -1.000000 -1.000000 -1.000000 -1.000000 -1.000000 -1.000000 -1.000000 -1.000000 -1.000000 -1.000000 -1.000000 -1.000000 -1.000000 -1.000000 -1.000000 -1.000000 -1.000000 -1.000000 -1.000000 -1.000000 -1.000000 -1.000000 -1.000000 -1.000000 -1.000000 -1.000000 -1.000000 -1.000000 -1.000000 1.000000 0.921569)
    (n-samples 256)
    (samples 256 0.078431 0.081737 0.085044 0.088350 0.091657 0.094963 0.098270 0.101576 0.104882 0.108189 0.111495 0.114802 0.118108 0.121415 0.124721 0.128027 0.131334 0.134640 0.137947 0.141253 0.144559 0.147866 0.151172 0.154479 0.157785 0.161092 0.164398 0.167704 0.171011 0.174317 0.177624 0.180930 0.184237 0.187543 0.190849 0.194156 0.197462 0.200769 0.204075 0.207382 0.210688 0.213994 0.217301 0.220607 0.223914 0.227220 0.230526 0.233833 0.237139 0.240446 0.243752 0.247059 0.250365 0.253671 0.256978 0.260284 0.263591 0.266897 0.270204 0.273510 0.276816 0.280123 0.283429 0.286736 0.290042 0.293349 0.296655 0.299961 0.303268 0.306574 0.309881 0.313187 0.316493 0.319800 0.323106 0.326413 0.329719 0.333026 0.336332 0.339638 0.342945 0.346251 0.349558 0.352864 0.356171 0.359477 0.362783 0.366090 0.369396 0.372703 0.376009 0.379316 0.382622 0.385928 0.389235 0.392541 0.395848 0.399154 0.402461 0.405767 0.409073 0.412380 0.415686 0.418993 0.422299 0.425605 0.428912 0.432218 0.435525 0.438831 0.442138 0.445444 0.448750 0.452057 0.455363 0.458670 0.461976 0.465283 0.468589 0.471895 0.475202 0.478508 0.481815 0.485121 0.488428 0.491734 0.495040 0.498347 0.501653 0.504960 0.508266 0.511572 0.514879 0.518185 0.521492 0.524798 0.528105 0.531411 0.534717 0.538024 0.541330 0.544637 0.547943 0.551250 0.554556 0.557862 0.561169 0.564475 0.567782 0.571088 0.574395 0.577701 0.581007 0.584314 0.587620 0.590927 0.594233 0.597539 0.600846 0.604152 0.607459 0.610765 0.614072 0.617378 0.620684 0.623991 0.627297 0.630604 0.633910 0.637217 0.640523 0.643829 0.647136 0.650442 0.653749 0.657055 0.660362 0.663668 0.666974 0.670281 0.673587 0.676894 0.680200 0.683507 0.686813 0.690119 0.693426 0.696732 0.700039 0.703345 0.706651 0.709958 0.713264 0.716571 0.719877 0.723184 0.726490 0.729796 0.733103 0.736409 0.739716 0.743022 0.746329 0.749635 0.752941 0.756248 0.759554 0.762861 0.766167 0.769474 0.772780 0.776086 0.779393 0.782699 0.786006 0.789312 0.792618 0.795925 0.799231 0.802538 0.805844 0.809151 0.812457 0.815763 0.819070 0.822376 0.825683 0.828989 0.832296 0.835602 0.838908 0.842215 0.845521 0.848828 0.852134 0.855441 0.858747 0.862053 0.865360 0.868666 0.871973 0.875279 0.878585 0.881892 0.885198 0.888505 0.891811 0.895118 0.898424 0.901730 0.905037 0.908343 0.911650 0.914956 0.918263 0.921569))
(time 0)
(channel alpha)
(curve
    (curve-type smooth)
    (n-points 17)
    (points 34 0.000000 0.000000 -1.000000 -1.000000 0.121569 0.121569 -1.000000 -1.000000 0.247059 0.247059 -1.000000 -1.000000 0.372549 0.372549 -1.000000 -1.000000 0.498039 0.498039 -1.000000 -1.000000 0.623529 0.623529 -1.000000 -1.000000 0.749020 0.749020 -1.000000 -1.000000 0.874510 0.874510 -1.000000 -1.000000 1.000000 1.000000)
    (n-samples 256)
    (samples 256 0.000000 0.003922 0.007843 0.011765 0.015686 0.019608 0.023530 0.027451 0.031373 0.035294 0.039216 0.043137 0.047059 0.050981 0.054902 0.058824 0.062745 0.066667 0.070589 0.074510 0.078432 0.082353 0.086275 0.090196 0.094118 0.098040 0.101961 0.105883 0.109804 0.113726 0.117647 0.121569 0.125491 0.129412 0.133334 0.137255 0.141177 0.145098 0.149020 0.152942 0.156863 0.160785 0.164706 0.168628 0.172549 0.176471 0.180392 0.184314 0.188236 0.192157 0.196079 0.200000 0.203922 0.207843 0.211765 0.215687 0.219608 0.223530 0.227451 0.231373 0.235294 0.239216 0.243137 0.247059 0.250981 0.254902 0.258824 0.262745 0.266667 0.270588 0.274510 0.278431 0.282353 0.286275 0.290196 0.294118 0.298039 0.301961 0.305882 0.309804 0.313726 0.317647 0.321569 0.325490 0.329412 0.333333 0.337255 0.341177 0.345098 0.349020 0.352941 0.356863 0.360784 0.364706 0.368627 0.372549 0.376471 0.380392 0.384314 0.388235 0.392157 0.396078 0.400000 0.403921 0.407843 0.411765 0.415686 0.419608 0.423529 0.427451 0.431372 0.435294 0.439216 0.443137 0.447059 0.450980 0.454902 0.458823 0.462745 0.466667 0.470588 0.474510 0.478431 0.482353 0.486274 0.490196 0.494117 0.498039 0.501961 0.505882 0.509804 0.513725 0.517647 0.521568 0.525490 0.529411 0.533333 0.537255 0.541176 0.545098 0.549019 0.552941 0.556862 0.560784 0.564705 0.568627 0.572549 0.576470 0.580392 0.584313 0.588235 0.592156 0.596078 0.600000 0.603921 0.607843 0.611764 0.615686 0.619607 0.623529 0.627451 0.631372 0.635294 0.639215 0.643137 0.647059 0.650980 0.654902 0.658823 0.662745 0.666666 0.670588 0.674510 0.678431 0.682353 0.686274 0.690196 0.694118 0.698039 0.701961 0.705883 0.709804 0.713726 0.717647 0.721569 0.725490 0.729412 0.733334 0.737255 0.741177 0.745098 0.749020 0.752942 0.756863 0.760785 0.764706 0.768628 0.772549 0.776471 0.780393 0.784314 0.788236 0.792157 0.796079 0.800000 0.803922 0.807844 0.811765 0.815687 0.819608 0.823530 0.827451 0.831373 0.835294 0.839216 0.843138 0.847059 0.850981 0.854902 0.858824 0.862745 0.866667 0.870588 0.874510 0.878432 0.882353 0.886275 0.890196 0.894118 0.898039 0.901961 0.905883 0.909804 0.913726 0.917647 0.921569 0.925490 0.929412 0.933333 0.937255 0.941177 0.945098 0.949020 0.952941 0.956863 0.960784 0.964706 0.968627 0.972549 0.976471 0.980392 0.984314 0.988235 0.992157 0.996078 1.000000))

# end of curves tool settings
