# GIMP curves tool settings

(time 0)
(channel value)
(curve
       (curve-type free)
       (n-points 17)
       (points 34 -1.0 -1.0 -1.0 -1.0 -1.0 -1.0 -1.0 -1.0 -1.0 -1.0 -1.0 -1.0 -1.0 -1.0 -1.0 -1.0 -1.0 -1.0 -1.0 -1.0 -1.0 -1.0 -1.0 -1.0 -1.0 -1.0 -1.0 -1.0 -1.0 -1.0 -1.0 -1.0 -1.0 -1.0)
       (n-samples 256)
       (samples 256 0.000000 0.003922 0.007843 0.011765 0.015686 0.019608 0.023529 0.027451 0.031373 0.035294 0.039216 0.043137 0.047059 0.050980 0.054902 0.058824 0.062745 0.066667 0.070588 0.074510 0.078431 0.082353 0.086275 0.090196 0.094118 0.098039 0.101961 0.105882 0.109804 0.113725 0.117647 0.121569 0.125490 0.129412 0.133333 0.137255 0.141176 0.145098 0.149020 0.152941 0.156863 0.160784 0.164706 0.168627 0.172549 0.176471 0.180392 0.184314 0.188235 0.192157 0.196078 0.200000 0.203922 0.207843 0.211765 0.215686 0.219608 0.223529 0.227451 0.231373 0.235294 0.239216 0.243137 0.247059 0.250980 0.254902 0.258824 0.262745 0.266667 0.270588 0.274510 0.278431 0.282353 0.286275 0.290196 0.294118 0.298039 0.301961 0.305882 0.309804 0.313725 0.317647 0.321569 0.325490 0.329412 0.333333 0.337255 0.341176 0.345098 0.349020 0.352941 0.356863 0.360784 0.364706 0.368627 0.372549 0.376471 0.380392 0.384314 0.388235 0.392157 0.396078 0.400000 0.403922 0.407843 0.411765 0.415686 0.419608 0.423529 0.427451 0.431373 0.435294 0.439216 0.443137 0.447059 0.450980 0.454902 0.458824 0.462745 0.466667 0.470588 0.474510 0.478431 0.482353 0.486275 0.490196 0.494118 0.498039 0.501961 0.505882 0.509804 0.513725 0.517647 0.521569 0.525490 0.529412 0.533333 0.537255 0.541176 0.545098 0.549020 0.552941 0.556863 0.560784 0.564706 0.568627 0.572549 0.576471 0.580392 0.584314 0.588235 0.592157 0.596078 0.600000 0.603922 0.607843 0.611765 0.615686 0.619608 0.623529 0.627451 0.631373 0.635294 0.639216 0.643137 0.647059 0.650980 0.654902 0.658824 0.662745 0.666667 0.670588 0.674510 0.678431 0.682353 0.686275 0.690196 0.694118 0.698039 0.701961 0.705882 0.709804 0.713725 0.717647 0.721569 0.725490 0.729412 0.733333 0.737255 0.741176 0.745098 0.749020 0.752941 0.756863 0.760784 0.764706 0.768627 0.772549 0.776471 0.780392 0.784314 0.788235 0.792157 0.796078 0.800000 0.803922 0.807843 0.811765 0.815686 0.819608 0.823529 0.827451 0.831373 0.835294 0.839216 0.843137 0.847059 0.850980 0.854902 0.858824 0.862745 0.866667 0.870588 0.874510 0.878431 0.882353 0.886275 0.890196 0.894118 0.898039 0.901961 0.905882 0.909804 0.913725 0.917647 0.921569 0.925490 0.929412 0.933333 0.937255 0.941176 0.945098 0.949020 0.952941 0.956863 0.960784 0.964706 0.968627 0.972549 0.976471 0.980392 0.984314 0.988235 0.992157 0.996078 1.000000))
(time 0)
(channel red)
(curve
       (curve-type free)
       (n-points 17)
       (points 34 -1.0 -1.0 -1.0 -1.0 -1.0 -1.0 -1.0 -1.0 -1.0 -1.0 -1.0 -1.0 -1.0 -1.0 -1.0 -1.0 -1.0 -1.0 -1.0 -1.0 -1.0 -1.0 -1.0 -1.0 -1.0 -1.0 -1.0 -1.0 -1.0 -1.0 -1.0 -1.0 -1.0 -1.0)
       (n-samples 256)
       (samples 256 0.000413 0.001366 0.002080 0.003099 0.003785 0.004911 0.005593 0.006384 0.007603 0.008458 0.010038 0.011908 0.014404 0.016492 0.018479 0.020317 0.022568 0.024058 0.026388 0.028784 0.031095 0.032971 0.035631 0.037917 0.040060 0.043096 0.045172 0.047211 0.049760 0.052000 0.053844 0.056279 0.058411 0.060409 0.062974 0.064539 0.067183 0.069268 0.071735 0.074062 0.075839 0.078425 0.081523 0.083332 0.086642 0.089520 0.091796 0.093607 0.096951 0.100396 0.102927 0.106365 0.109019 0.112204 0.114326 0.116075 0.119115 0.121458 0.124590 0.127289 0.130089 0.132648 0.135715 0.138308 0.141435 0.144035 0.146319 0.149954 0.152518 0.154825 0.157924 0.161508 0.164118 0.167014 0.169922 0.172036 0.175130 0.177953 0.180647 0.183876 0.187232 0.189493 0.192887 0.196011 0.199003 0.201808 0.205793 0.208653 0.211331 0.214097 0.217510 0.220693 0.224838 0.226694 0.230709 0.234442 0.238088 0.241660 0.244504 0.247554 0.251549 0.255446 0.259991 0.262940 0.265899 0.269935 0.272263 0.276975 0.280457 0.284073 0.287077 0.290578 0.294913 0.297990 0.301730 0.305038 0.309326 0.312160 0.316363 0.319329 0.323268 0.327419 0.331707 0.334493 0.337931 0.341382 0.345631 0.349352 0.352572 0.355604 0.359247 0.362888 0.366630 0.370191 0.373970 0.376719 0.381112 0.383900 0.387749 0.392318 0.395708 0.398918 0.402019 0.404524 0.409583 0.411353 0.414977 0.418259 0.421300 0.424181 0.428310 0.431510 0.434739 0.438287 0.441041 0.445748 0.448959 0.451819 0.456319 0.460905 0.465359 0.470033 0.474948 0.478765 0.483551 0.487837 0.491719 0.496649 0.502502 0.506408 0.510848 0.516664 0.520231 0.526060 0.530896 0.535836 0.539918 0.545829 0.550971 0.555649 0.559359 0.566159 0.570934 0.576132 0.579337 0.585629 0.589628 0.594900 0.600438 0.604765 0.610097 0.614737 0.620609 0.625387 0.630610 0.637257 0.640359 0.646420 0.651485 0.656652 0.663288 0.669275 0.674151 0.680296 0.685570 0.691808 0.697781 0.702349 0.709345 0.714846 0.720620 0.726038 0.732885 0.738159 0.744547 0.749424 0.754670 0.758724 0.762779 0.768677 0.773349 0.780730 0.786591 0.792936 0.799291 0.804738 0.811433 0.816464 0.822259 0.826926 0.832865 0.837614 0.842176 0.847112 0.852761 0.857042 0.863587 0.868175 0.873984 0.878361 0.883174 0.886916 0.892466 0.896139 0.902429 0.907090 0.913466 0.916273 0.920314 0.925211 0.929935 0.934467 0.942051 0.952412 0.963892 0.978347))
(time 0)
(channel green)
(curve
       (curve-type free)
       (n-points 17)
       (points 34 -1.0 -1.0 -1.0 -1.0 -1.0 -1.0 -1.0 -1.0 -1.0 -1.0 -1.0 -1.0 -1.0 -1.0 -1.0 -1.0 -1.0 -1.0 -1.0 -1.0 -1.0 -1.0 -1.0 -1.0 -1.0 -1.0 -1.0 -1.0 -1.0 -1.0 -1.0 -1.0 -1.0 -1.0)
       (n-samples 256)
       (samples 256 0.000302 0.000663 0.001164 0.001833 0.002389 0.002902 0.003550 0.004196 0.005324 0.006703 0.008122 0.009565 0.010944 0.012319 0.014100 0.015861 0.017702 0.019827 0.021751 0.023706 0.025892 0.027614 0.030075 0.032136 0.034287 0.036900 0.039148 0.041947 0.044744 0.047996 0.051012 0.054488 0.057107 0.060397 0.062896 0.066314 0.069850 0.072405 0.076105 0.078295 0.081642 0.084349 0.087242 0.091067 0.095080 0.098664 0.102731 0.106080 0.109342 0.113113 0.116067 0.119109 0.122296 0.124930 0.129057 0.131813 0.134571 0.138036 0.141442 0.144993 0.147442 0.151391 0.155171 0.158577 0.161552 0.165361 0.168526 0.172666 0.177483 0.180561 0.185082 0.189393 0.193226 0.197164 0.201103 0.205098 0.208541 0.212264 0.217053 0.219904 0.223314 0.227276 0.231104 0.234794 0.238400 0.242161 0.245865 0.249814 0.253828 0.257591 0.260995 0.264930 0.269434 0.272562 0.276411 0.280530 0.285023 0.288932 0.293469 0.297588 0.302152 0.307055 0.310980 0.315387 0.319990 0.324401 0.328985 0.332946 0.337745 0.342270 0.346371 0.350559 0.355504 0.359270 0.363409 0.367445 0.372187 0.376695 0.380810 0.385195 0.389572 0.393846 0.398559 0.402706 0.407468 0.413046 0.417085 0.421705 0.426043 0.429631 0.434140 0.438274 0.442447 0.446629 0.450180 0.454014 0.458644 0.463811 0.467050 0.471723 0.475549 0.479962 0.484556 0.488511 0.493930 0.496764 0.501638 0.506676 0.511580 0.515798 0.520680 0.526045 0.530960 0.535048 0.540381 0.546008 0.550050 0.553634 0.557923 0.561437 0.566708 0.569688 0.573931 0.577324 0.582272 0.586817 0.591224 0.595193 0.600800 0.605784 0.610275 0.614773 0.618550 0.623899 0.628281 0.634309 0.635954 0.642168 0.646158 0.652213 0.655661 0.660751 0.665694 0.669839 0.674527 0.678375 0.683693 0.689253 0.694351 0.698290 0.702676 0.706624 0.710223 0.714083 0.718005 0.721387 0.725524 0.730785 0.735233 0.740092 0.745383 0.750456 0.754077 0.758872 0.764312 0.769282 0.773337 0.778036 0.783214 0.787231 0.791653 0.795871 0.801094 0.804899 0.808747 0.812858 0.817717 0.822555 0.825517 0.829743 0.834104 0.838469 0.842288 0.847607 0.850968 0.854600 0.860261 0.864897 0.870046 0.874376 0.877781 0.882327 0.887163 0.892085 0.896329 0.901972 0.908411 0.914939 0.919356 0.926210 0.930485 0.934623 0.941084 0.945110 0.948371 0.951967 0.956151 0.961872 0.966338 0.969921 0.974197 0.978929 0.983671 0.987680 0.990213 0.994385))
(time 0)
(channel blue)
(curve
       (curve-type free)
       (n-points 17)
       (points 34 -1.0 -1.0 -1.0 -1.0 -1.0 -1.0 -1.0 -1.0 -1.0 -1.0 -1.0 -1.0 -1.0 -1.0 -1.0 -1.0 -1.0 -1.0 -1.0 -1.0 -1.0 -1.0 -1.0 -1.0 -1.0 -1.0 -1.0 -1.0 -1.0 -1.0 -1.0 -1.0 -1.0 -1.0)
       (n-samples 256)
       (samples 256 0.005681 0.004690 0.004011 0.003940 0.003344 0.003466 0.004132 0.004773 0.005660 0.006755 0.008032 0.009363 0.010388 0.011762 0.012945 0.014842 0.016530 0.018574 0.020627 0.023233 0.025500 0.027614 0.030519 0.032686 0.035649 0.038316 0.041704 0.043930 0.046968 0.049910 0.053086 0.056522 0.059230 0.062685 0.066150 0.069655 0.073511 0.077041 0.079825 0.083829 0.087294 0.090833 0.094640 0.098051 0.102134 0.106021 0.109897 0.113572 0.117258 0.121288 0.125751 0.129797 0.134167 0.137740 0.142209 0.145230 0.149719 0.154012 0.157433 0.160895 0.165021 0.169218 0.173456 0.177440 0.182179 0.186144 0.190284 0.193807 0.198827 0.202600 0.207274 0.210907 0.215413 0.219574 0.224668 0.228570 0.233207 0.237791 0.242653 0.247204 0.252039 0.256215 0.260359 0.265518 0.269217 0.273346 0.278065 0.283267 0.286114 0.292338 0.295817 0.300914 0.305639 0.310249 0.314988 0.320012 0.324929 0.328826 0.333558 0.338423 0.343146 0.347459 0.351210 0.356451 0.359693 0.366000 0.369496 0.374329 0.378736 0.383483 0.387703 0.391951 0.396616 0.399660 0.403738 0.408433 0.410919 0.416575 0.421718 0.424955 0.430728 0.433697 0.439614 0.444038 0.447804 0.454533 0.459269 0.464324 0.468522 0.472646 0.479736 0.483566 0.487284 0.492490 0.497549 0.501898 0.506363 0.510999 0.516665 0.521023 0.526182 0.531344 0.536142 0.541287 0.544959 0.549967 0.556313 0.560227 0.565443 0.569298 0.573176 0.578619 0.583263 0.588194 0.593053 0.596568 0.601543 0.606977 0.610183 0.615664 0.621256 0.626204 0.630976 0.634388 0.640657 0.644092 0.648106 0.651442 0.656443 0.658983 0.664322 0.668140 0.672813 0.676088 0.680369 0.684299 0.689627 0.693663 0.698473 0.702647 0.708395 0.709891 0.714010 0.718416 0.722779 0.725513 0.728672 0.732157 0.735986 0.739424 0.742832 0.746879 0.752381 0.756797 0.760212 0.764069 0.767344 0.770565 0.775300 0.780216 0.784960 0.788753 0.793143 0.797687 0.800392 0.805296 0.808276 0.812158 0.816232 0.820621 0.824143 0.823677 0.831556 0.837350 0.842389 0.845453 0.851346 0.856956 0.858977 0.868745 0.872222 0.873967 0.883300 0.889294 0.894963 0.894871 0.900751 0.897903 0.905292 0.907388 0.914158 0.918713 0.926504 0.928105 0.929136 0.933053 0.936312 0.937879 0.938480 0.941740 0.945011 0.948083 0.952534 0.956390 0.960147 0.965311 0.970602 0.975797 0.978688 0.981995 0.983876 0.988738 0.993021 0.996349 0.997520 0.998513))
(time 0)
(channel alpha)
(curve
       (curve-type free)
       (n-points 17)
       (points 34 -1.0 -1.0 -1.0 -1.0 -1.0 -1.0 -1.0 -1.0 -1.0 -1.0 -1.0 -1.0 -1.0 -1.0 -1.0 -1.0 -1.0 -1.0 -1.0 -1.0 -1.0 -1.0 -1.0 -1.0 -1.0 -1.0 -1.0 -1.0 -1.0 -1.0 -1.0 -1.0 -1.0 -1.0)
       (n-samples 256)
       (samples 256 0.000000 0.003922 0.007843 0.011765 0.015686 0.019608 0.023529 0.027451 0.031373 0.035294 0.039216 0.043137 0.047059 0.050980 0.054902 0.058824 0.062745 0.066667 0.070588 0.074510 0.078431 0.082353 0.086275 0.090196 0.094118 0.098039 0.101961 0.105882 0.109804 0.113725 0.117647 0.121569 0.125490 0.129412 0.133333 0.137255 0.141176 0.145098 0.149020 0.152941 0.156863 0.160784 0.164706 0.168627 0.172549 0.176471 0.180392 0.184314 0.188235 0.192157 0.196078 0.200000 0.203922 0.207843 0.211765 0.215686 0.219608 0.223529 0.227451 0.231373 0.235294 0.239216 0.243137 0.247059 0.250980 0.254902 0.258824 0.262745 0.266667 0.270588 0.274510 0.278431 0.282353 0.286275 0.290196 0.294118 0.298039 0.301961 0.305882 0.309804 0.313725 0.317647 0.321569 0.325490 0.329412 0.333333 0.337255 0.341176 0.345098 0.349020 0.352941 0.356863 0.360784 0.364706 0.368627 0.372549 0.376471 0.380392 0.384314 0.388235 0.392157 0.396078 0.400000 0.403922 0.407843 0.411765 0.415686 0.419608 0.423529 0.427451 0.431373 0.435294 0.439216 0.443137 0.447059 0.450980 0.454902 0.458824 0.462745 0.466667 0.470588 0.474510 0.478431 0.482353 0.486275 0.490196 0.494118 0.498039 0.501961 0.505882 0.509804 0.513725 0.517647 0.521569 0.525490 0.529412 0.533333 0.537255 0.541176 0.545098 0.549020 0.552941 0.556863 0.560784 0.564706 0.568627 0.572549 0.576471 0.580392 0.584314 0.588235 0.592157 0.596078 0.600000 0.603922 0.607843 0.611765 0.615686 0.619608 0.623529 0.627451 0.631373 0.635294 0.639216 0.643137 0.647059 0.650980 0.654902 0.658824 0.662745 0.666667 0.670588 0.674510 0.678431 0.682353 0.686275 0.690196 0.694118 0.698039 0.701961 0.705882 0.709804 0.713725 0.717647 0.721569 0.725490 0.729412 0.733333 0.737255 0.741176 0.745098 0.749020 0.752941 0.756863 0.760784 0.764706 0.768627 0.772549 0.776471 0.780392 0.784314 0.788235 0.792157 0.796078 0.800000 0.803922 0.807843 0.811765 0.815686 0.819608 0.823529 0.827451 0.831373 0.835294 0.839216 0.843137 0.847059 0.850980 0.854902 0.858824 0.862745 0.866667 0.870588 0.874510 0.878431 0.882353 0.886275 0.890196 0.894118 0.898039 0.901961 0.905882 0.909804 0.913725 0.917647 0.921569 0.925490 0.929412 0.933333 0.937255 0.941176 0.945098 0.949020 0.952941 0.956863 0.960784 0.964706 0.968627 0.972549 0.976471 0.980392 0.984314 0.988235 0.992157 0.996078 1.000000))
# end of curves tool settings
