# GIMP curves tool settings

(time 0)
(channel value)
(curve
       (curve-type free)
       (n-points 17)
       (points 34 -1.0 -1.0 -1.0 -1.0 -1.0 -1.0 -1.0 -1.0 -1.0 -1.0 -1.0 -1.0 -1.0 -1.0 -1.0 -1.0 -1.0 -1.0 -1.0 -1.0 -1.0 -1.0 -1.0 -1.0 -1.0 -1.0 -1.0 -1.0 -1.0 -1.0 -1.0 -1.0 -1.0 -1.0)
       (n-samples 256)
       (samples 256 0.000000 0.003922 0.007843 0.011765 0.015686 0.019608 0.023529 0.027451 0.031373 0.035294 0.039216 0.043137 0.047059 0.050980 0.054902 0.058824 0.062745 0.066667 0.070588 0.074510 0.078431 0.082353 0.086275 0.090196 0.094118 0.098039 0.101961 0.105882 0.109804 0.113725 0.117647 0.121569 0.125490 0.129412 0.133333 0.137255 0.141176 0.145098 0.149020 0.152941 0.156863 0.160784 0.164706 0.168627 0.172549 0.176471 0.180392 0.184314 0.188235 0.192157 0.196078 0.200000 0.203922 0.207843 0.211765 0.215686 0.219608 0.223529 0.227451 0.231373 0.235294 0.239216 0.243137 0.247059 0.250980 0.254902 0.258824 0.262745 0.266667 0.270588 0.274510 0.278431 0.282353 0.286275 0.290196 0.294118 0.298039 0.301961 0.305882 0.309804 0.313725 0.317647 0.321569 0.325490 0.329412 0.333333 0.337255 0.341176 0.345098 0.349020 0.352941 0.356863 0.360784 0.364706 0.368627 0.372549 0.376471 0.380392 0.384314 0.388235 0.392157 0.396078 0.400000 0.403922 0.407843 0.411765 0.415686 0.419608 0.423529 0.427451 0.431373 0.435294 0.439216 0.443137 0.447059 0.450980 0.454902 0.458824 0.462745 0.466667 0.470588 0.474510 0.478431 0.482353 0.486275 0.490196 0.494118 0.498039 0.501961 0.505882 0.509804 0.513725 0.517647 0.521569 0.525490 0.529412 0.533333 0.537255 0.541176 0.545098 0.549020 0.552941 0.556863 0.560784 0.564706 0.568627 0.572549 0.576471 0.580392 0.584314 0.588235 0.592157 0.596078 0.600000 0.603922 0.607843 0.611765 0.615686 0.619608 0.623529 0.627451 0.631373 0.635294 0.639216 0.643137 0.647059 0.650980 0.654902 0.658824 0.662745 0.666667 0.670588 0.674510 0.678431 0.682353 0.686275 0.690196 0.694118 0.698039 0.701961 0.705882 0.709804 0.713725 0.717647 0.721569 0.725490 0.729412 0.733333 0.737255 0.741176 0.745098 0.749020 0.752941 0.756863 0.760784 0.764706 0.768627 0.772549 0.776471 0.780392 0.784314 0.788235 0.792157 0.796078 0.800000 0.803922 0.807843 0.811765 0.815686 0.819608 0.823529 0.827451 0.831373 0.835294 0.839216 0.843137 0.847059 0.850980 0.854902 0.858824 0.862745 0.866667 0.870588 0.874510 0.878431 0.882353 0.886275 0.890196 0.894118 0.898039 0.901961 0.905882 0.909804 0.913725 0.917647 0.921569 0.925490 0.929412 0.933333 0.937255 0.941176 0.945098 0.949020 0.952941 0.956863 0.960784 0.964706 0.968627 0.972549 0.976471 0.980392 0.984314 0.988235 0.992157 0.996078 1.000000))
(time 0)
(channel red)
(curve
       (curve-type free)
       (n-points 17)
       (points 34 -1.0 -1.0 -1.0 -1.0 -1.0 -1.0 -1.0 -1.0 -1.0 -1.0 -1.0 -1.0 -1.0 -1.0 -1.0 -1.0 -1.0 -1.0 -1.0 -1.0 -1.0 -1.0 -1.0 -1.0 -1.0 -1.0 -1.0 -1.0 -1.0 -1.0 -1.0 -1.0 -1.0 -1.0)
       (n-samples 256)
       (samples 256 0.006373 0.006373 0.004108 0.004774 0.003972 0.004689 0.003858 0.001659 0.001993 0.004408 0.007936 0.010547 0.013025 0.015892 0.017640 0.019418 0.021822 0.023832 0.025611 0.027163 0.029837 0.032828 0.035397 0.037721 0.039770 0.041600 0.044108 0.046628 0.049139 0.052680 0.055268 0.057961 0.061041 0.064137 0.066750 0.070125 0.073078 0.076308 0.079569 0.082230 0.085281 0.088323 0.091366 0.094267 0.097158 0.099915 0.102548 0.105956 0.109016 0.111861 0.114763 0.117879 0.120948 0.124083 0.126567 0.129592 0.132692 0.135276 0.138442 0.140967 0.144061 0.146934 0.149918 0.152937 0.155441 0.159011 0.161561 0.164617 0.167531 0.170550 0.173774 0.177013 0.179848 0.183352 0.185423 0.189058 0.191206 0.194915 0.198392 0.201677 0.205962 0.209096 0.212109 0.215815 0.218589 0.223042 0.226264 0.229703 0.232754 0.236972 0.240873 0.244353 0.247857 0.251385 0.256003 0.259183 0.263592 0.267907 0.271335 0.276422 0.280304 0.284179 0.288394 0.291979 0.296059 0.301337 0.302672 0.307790 0.311654 0.315058 0.319672 0.323339 0.327566 0.331175 0.333639 0.337453 0.340530 0.345537 0.349072 0.352147 0.356832 0.359728 0.363200 0.367219 0.371171 0.374262 0.376297 0.380928 0.383177 0.387417 0.392034 0.396609 0.399564 0.402344 0.407145 0.410660 0.414686 0.418303 0.422138 0.426462 0.431361 0.435755 0.439584 0.442921 0.446925 0.449885 0.454769 0.458242 0.462827 0.467717 0.471943 0.475491 0.481902 0.486236 0.490107 0.495093 0.499594 0.508166 0.511733 0.514313 0.515390 0.519582 0.524060 0.527247 0.530371 0.534730 0.537539 0.543560 0.547149 0.550276 0.553488 0.557488 0.564611 0.569452 0.576083 0.582998 0.587842 0.595249 0.599869 0.604877 0.608941 0.611579 0.615956 0.623676 0.628595 0.632408 0.638303 0.642930 0.648302 0.651439 0.656828 0.662509 0.668040 0.674534 0.678094 0.685100 0.689232 0.695261 0.700170 0.706445 0.709392 0.712588 0.718899 0.725664 0.735017 0.743587 0.745775 0.742603 0.737920 0.740069 0.745724 0.748148 0.748644 0.749299 0.756408 0.762809 0.767539 0.772393 0.775957 0.781002 0.785332 0.789860 0.794392 0.797974 0.802683 0.806192 0.810982 0.816819 0.819263 0.827099 0.832704 0.838194 0.840790 0.849792 0.857240 0.860372 0.864337 0.871126 0.875156 0.880165 0.888785 0.897102 0.904148 0.907416 0.916190 0.923279 0.932293 0.934550 0.941812 0.949318 0.953591 0.958675 0.967729 0.971831 0.982947 0.988761))
(time 0)
(channel green)
(curve
       (curve-type free)
       (n-points 17)
       (points 34 -1.0 -1.0 -1.0 -1.0 -1.0 -1.0 -1.0 -1.0 -1.0 -1.0 -1.0 -1.0 -1.0 -1.0 -1.0 -1.0 -1.0 -1.0 -1.0 -1.0 -1.0 -1.0 -1.0 -1.0 -1.0 -1.0 -1.0 -1.0 -1.0 -1.0 -1.0 -1.0 -1.0 -1.0)
       (n-samples 256)
       (samples 256 0.000169 0.000258 0.000288 0.000365 0.000516 0.000674 0.000832 0.001111 0.001615 0.002320 0.003413 0.004656 0.005828 0.007260 0.008318 0.009810 0.011630 0.013652 0.015614 0.017732 0.019908 0.022089 0.023950 0.026050 0.028481 0.030964 0.033622 0.036288 0.039335 0.042570 0.046399 0.049800 0.053435 0.056325 0.059659 0.062379 0.065288 0.067674 0.071041 0.073406 0.076349 0.078892 0.081820 0.085070 0.088155 0.091011 0.093903 0.097352 0.100276 0.103623 0.106700 0.110408 0.113737 0.117307 0.121344 0.124024 0.128258 0.131318 0.134454 0.138151 0.142092 0.144922 0.148629 0.152313 0.154985 0.158837 0.162924 0.165737 0.169014 0.172886 0.176989 0.179567 0.183487 0.186413 0.191036 0.194211 0.197642 0.202028 0.205325 0.208704 0.212651 0.216285 0.219905 0.223832 0.229142 0.232389 0.235980 0.240023 0.243711 0.247461 0.251580 0.256001 0.260856 0.265556 0.270081 0.274993 0.278278 0.282047 0.285957 0.290440 0.294753 0.298423 0.301948 0.305599 0.309590 0.313925 0.317420 0.321435 0.324798 0.329797 0.335077 0.339628 0.343281 0.347038 0.351934 0.357685 0.360376 0.366043 0.369729 0.373715 0.377719 0.382424 0.386463 0.389717 0.394548 0.398359 0.401922 0.407398 0.411490 0.415583 0.419533 0.425101 0.429162 0.433360 0.437019 0.441731 0.444603 0.448286 0.453301 0.457484 0.463068 0.468142 0.473932 0.478078 0.481383 0.485686 0.488807 0.493730 0.497749 0.502734 0.506108 0.511314 0.516081 0.522106 0.524177 0.528805 0.533542 0.537708 0.543178 0.547255 0.551157 0.556394 0.560495 0.564024 0.568825 0.572632 0.578259 0.583185 0.586439 0.591846 0.596485 0.601108 0.605813 0.610211 0.614633 0.619201 0.622808 0.627922 0.631978 0.636098 0.641699 0.646179 0.650406 0.654865 0.659548 0.665059 0.669779 0.673415 0.677891 0.683126 0.687962 0.691246 0.697415 0.701792 0.707498 0.712915 0.716912 0.722524 0.726941 0.732436 0.736796 0.741824 0.746275 0.750537 0.755411 0.760717 0.765923 0.769707 0.773780 0.778240 0.780987 0.786195 0.790183 0.794022 0.798870 0.804098 0.808086 0.812270 0.817163 0.821779 0.824939 0.829847 0.834507 0.837623 0.844810 0.848676 0.853261 0.856642 0.861735 0.866859 0.869220 0.876736 0.880282 0.884065 0.889704 0.895480 0.898482 0.904085 0.908890 0.914691 0.919278 0.923843 0.929797 0.933511 0.939095 0.944059 0.949818 0.954085 0.958861 0.963803 0.968994 0.973122 0.977879 0.982136 0.986727 0.991090))
(time 0)
(channel blue)
(curve
       (curve-type free)
       (n-points 17)
       (points 34 -1.0 -1.0 -1.0 -1.0 -1.0 -1.0 -1.0 -1.0 -1.0 -1.0 -1.0 -1.0 -1.0 -1.0 -1.0 -1.0 -1.0 -1.0 -1.0 -1.0 -1.0 -1.0 -1.0 -1.0 -1.0 -1.0 -1.0 -1.0 -1.0 -1.0 -1.0 -1.0 -1.0 -1.0)
       (n-samples 256)
       (samples 256 0.000895 0.001002 0.001124 0.001316 0.001409 0.001690 0.002102 0.002539 0.003001 0.003422 0.003896 0.004497 0.005113 0.005953 0.006863 0.008136 0.009551 0.011180 0.013184 0.015200 0.017922 0.020611 0.023135 0.025976 0.028882 0.031473 0.034245 0.037371 0.040198 0.043132 0.046307 0.049764 0.052774 0.056051 0.059199 0.062473 0.064954 0.068104 0.070970 0.074045 0.077581 0.080781 0.083647 0.087696 0.090412 0.093879 0.097167 0.099968 0.103325 0.106232 0.109868 0.113251 0.117152 0.120854 0.123682 0.128207 0.131475 0.135709 0.138416 0.142205 0.145563 0.149218 0.153039 0.157395 0.161002 0.164524 0.167020 0.171153 0.174879 0.177715 0.181855 0.185290 0.190377 0.194112 0.198571 0.202105 0.205661 0.210691 0.214350 0.219224 0.223113 0.227981 0.230946 0.235513 0.240048 0.243480 0.248452 0.251318 0.256130 0.261516 0.265849 0.269870 0.275263 0.280440 0.284606 0.288553 0.292149 0.295710 0.299560 0.303443 0.309486 0.311951 0.317451 0.320842 0.323945 0.327459 0.331896 0.337212 0.340243 0.343854 0.349124 0.352621 0.357002 0.363131 0.366726 0.371486 0.375092 0.379086 0.383941 0.388517 0.392854 0.396845 0.401383 0.405060 0.408887 0.413392 0.415712 0.418920 0.422846 0.426906 0.431470 0.435659 0.439283 0.443793 0.447807 0.450651 0.456691 0.458603 0.464547 0.468076 0.473613 0.476794 0.480366 0.485375 0.488093 0.492736 0.498983 0.501993 0.507000 0.509943 0.515778 0.520432 0.521577 0.525886 0.531707 0.533918 0.539978 0.543972 0.547201 0.551972 0.555141 0.561919 0.565656 0.570087 0.573292 0.578451 0.582404 0.587875 0.591271 0.594051 0.600345 0.605067 0.609054 0.611119 0.617687 0.618889 0.626863 0.632411 0.637454 0.641867 0.646597 0.652195 0.658544 0.660919 0.665362 0.671614 0.675684 0.681509 0.683754 0.690209 0.693780 0.697735 0.701101 0.707445 0.708056 0.715353 0.718769 0.725431 0.729777 0.733198 0.736658 0.742655 0.746627 0.751841 0.754124 0.759094 0.762964 0.767888 0.772887 0.775184 0.779336 0.781944 0.785899 0.792374 0.792953 0.796606 0.798507 0.801482 0.804894 0.810214 0.812388 0.816301 0.820691 0.821914 0.825290 0.830990 0.834306 0.835560 0.840687 0.843254 0.848413 0.849736 0.854828 0.852694 0.856185 0.853472 0.858357 0.859080 0.861912 0.865615 0.869945 0.876718 0.883831 0.887369 0.894049 0.893654 0.900512 0.906880 0.916124 0.923665 0.926820 0.941830 0.949150 0.966964 0.962514 0.993925))
(time 0)
(channel alpha)
(curve
       (curve-type free)
       (n-points 17)
       (points 34 -1.0 -1.0 -1.0 -1.0 -1.0 -1.0 -1.0 -1.0 -1.0 -1.0 -1.0 -1.0 -1.0 -1.0 -1.0 -1.0 -1.0 -1.0 -1.0 -1.0 -1.0 -1.0 -1.0 -1.0 -1.0 -1.0 -1.0 -1.0 -1.0 -1.0 -1.0 -1.0 -1.0 -1.0)
       (n-samples 256)
       (samples 256 0.000000 0.003922 0.007843 0.011765 0.015686 0.019608 0.023529 0.027451 0.031373 0.035294 0.039216 0.043137 0.047059 0.050980 0.054902 0.058824 0.062745 0.066667 0.070588 0.074510 0.078431 0.082353 0.086275 0.090196 0.094118 0.098039 0.101961 0.105882 0.109804 0.113725 0.117647 0.121569 0.125490 0.129412 0.133333 0.137255 0.141176 0.145098 0.149020 0.152941 0.156863 0.160784 0.164706 0.168627 0.172549 0.176471 0.180392 0.184314 0.188235 0.192157 0.196078 0.200000 0.203922 0.207843 0.211765 0.215686 0.219608 0.223529 0.227451 0.231373 0.235294 0.239216 0.243137 0.247059 0.250980 0.254902 0.258824 0.262745 0.266667 0.270588 0.274510 0.278431 0.282353 0.286275 0.290196 0.294118 0.298039 0.301961 0.305882 0.309804 0.313725 0.317647 0.321569 0.325490 0.329412 0.333333 0.337255 0.341176 0.345098 0.349020 0.352941 0.356863 0.360784 0.364706 0.368627 0.372549 0.376471 0.380392 0.384314 0.388235 0.392157 0.396078 0.400000 0.403922 0.407843 0.411765 0.415686 0.419608 0.423529 0.427451 0.431373 0.435294 0.439216 0.443137 0.447059 0.450980 0.454902 0.458824 0.462745 0.466667 0.470588 0.474510 0.478431 0.482353 0.486275 0.490196 0.494118 0.498039 0.501961 0.505882 0.509804 0.513725 0.517647 0.521569 0.525490 0.529412 0.533333 0.537255 0.541176 0.545098 0.549020 0.552941 0.556863 0.560784 0.564706 0.568627 0.572549 0.576471 0.580392 0.584314 0.588235 0.592157 0.596078 0.600000 0.603922 0.607843 0.611765 0.615686 0.619608 0.623529 0.627451 0.631373 0.635294 0.639216 0.643137 0.647059 0.650980 0.654902 0.658824 0.662745 0.666667 0.670588 0.674510 0.678431 0.682353 0.686275 0.690196 0.694118 0.698039 0.701961 0.705882 0.709804 0.713725 0.717647 0.721569 0.725490 0.729412 0.733333 0.737255 0.741176 0.745098 0.749020 0.752941 0.756863 0.760784 0.764706 0.768627 0.772549 0.776471 0.780392 0.784314 0.788235 0.792157 0.796078 0.800000 0.803922 0.807843 0.811765 0.815686 0.819608 0.823529 0.827451 0.831373 0.835294 0.839216 0.843137 0.847059 0.850980 0.854902 0.858824 0.862745 0.866667 0.870588 0.874510 0.878431 0.882353 0.886275 0.890196 0.894118 0.898039 0.901961 0.905882 0.909804 0.913725 0.917647 0.921569 0.925490 0.929412 0.933333 0.937255 0.941176 0.945098 0.949020 0.952941 0.956863 0.960784 0.964706 0.968627 0.972549 0.976471 0.980392 0.984314 0.988235 0.992157 0.996078 1.000000))
# end of curves tool settings
