# GIMP curves tool settings

(time 0)
(channel value)
(curve
       (curve-type free)
       (n-points 17)
       (points 34 -1.0 -1.0 -1.0 -1.0 -1.0 -1.0 -1.0 -1.0 -1.0 -1.0 -1.0 -1.0 -1.0 -1.0 -1.0 -1.0 -1.0 -1.0 -1.0 -1.0 -1.0 -1.0 -1.0 -1.0 -1.0 -1.0 -1.0 -1.0 -1.0 -1.0 -1.0 -1.0 -1.0 -1.0)
       (n-samples 256)
       (samples 256 0.000000 0.003922 0.007843 0.011765 0.015686 0.019608 0.023529 0.027451 0.031373 0.035294 0.039216 0.043137 0.047059 0.050980 0.054902 0.058824 0.062745 0.066667 0.070588 0.074510 0.078431 0.082353 0.086275 0.090196 0.094118 0.098039 0.101961 0.105882 0.109804 0.113725 0.117647 0.121569 0.125490 0.129412 0.133333 0.137255 0.141176 0.145098 0.149020 0.152941 0.156863 0.160784 0.164706 0.168627 0.172549 0.176471 0.180392 0.184314 0.188235 0.192157 0.196078 0.200000 0.203922 0.207843 0.211765 0.215686 0.219608 0.223529 0.227451 0.231373 0.235294 0.239216 0.243137 0.247059 0.250980 0.254902 0.258824 0.262745 0.266667 0.270588 0.274510 0.278431 0.282353 0.286275 0.290196 0.294118 0.298039 0.301961 0.305882 0.309804 0.313725 0.317647 0.321569 0.325490 0.329412 0.333333 0.337255 0.341176 0.345098 0.349020 0.352941 0.356863 0.360784 0.364706 0.368627 0.372549 0.376471 0.380392 0.384314 0.388235 0.392157 0.396078 0.400000 0.403922 0.407843 0.411765 0.415686 0.419608 0.423529 0.427451 0.431373 0.435294 0.439216 0.443137 0.447059 0.450980 0.454902 0.458824 0.462745 0.466667 0.470588 0.474510 0.478431 0.482353 0.486275 0.490196 0.494118 0.498039 0.501961 0.505882 0.509804 0.513725 0.517647 0.521569 0.525490 0.529412 0.533333 0.537255 0.541176 0.545098 0.549020 0.552941 0.556863 0.560784 0.564706 0.568627 0.572549 0.576471 0.580392 0.584314 0.588235 0.592157 0.596078 0.600000 0.603922 0.607843 0.611765 0.615686 0.619608 0.623529 0.627451 0.631373 0.635294 0.639216 0.643137 0.647059 0.650980 0.654902 0.658824 0.662745 0.666667 0.670588 0.674510 0.678431 0.682353 0.686275 0.690196 0.694118 0.698039 0.701961 0.705882 0.709804 0.713725 0.717647 0.721569 0.725490 0.729412 0.733333 0.737255 0.741176 0.745098 0.749020 0.752941 0.756863 0.760784 0.764706 0.768627 0.772549 0.776471 0.780392 0.784314 0.788235 0.792157 0.796078 0.800000 0.803922 0.807843 0.811765 0.815686 0.819608 0.823529 0.827451 0.831373 0.835294 0.839216 0.843137 0.847059 0.850980 0.854902 0.858824 0.862745 0.866667 0.870588 0.874510 0.878431 0.882353 0.886275 0.890196 0.894118 0.898039 0.901961 0.905882 0.909804 0.913725 0.917647 0.921569 0.925490 0.929412 0.933333 0.937255 0.941176 0.945098 0.949020 0.952941 0.956863 0.960784 0.964706 0.968627 0.972549 0.976471 0.980392 0.984314 0.988235 0.992157 0.996078 1.000000))
(time 0)
(channel red)
(curve
       (curve-type free)
       (n-points 17)
       (points 34 -1.0 -1.0 -1.0 -1.0 -1.0 -1.0 -1.0 -1.0 -1.0 -1.0 -1.0 -1.0 -1.0 -1.0 -1.0 -1.0 -1.0 -1.0 -1.0 -1.0 -1.0 -1.0 -1.0 -1.0 -1.0 -1.0 -1.0 -1.0 -1.0 -1.0 -1.0 -1.0 -1.0 -1.0)
       (n-samples 256)
       (samples 256 0.003050 0.003050 0.003050 0.002580 0.002232 0.002663 0.002624 0.003124 0.003426 0.004872 0.006705 0.007704 0.008871 0.010126 0.011662 0.013525 0.015658 0.017156 0.019708 0.021808 0.024663 0.026322 0.028400 0.031541 0.033687 0.036707 0.038677 0.041399 0.044360 0.047322 0.050664 0.053571 0.056019 0.059714 0.063262 0.066704 0.069401 0.072194 0.075330 0.078573 0.082159 0.084901 0.088063 0.091089 0.093808 0.096619 0.100029 0.102784 0.106354 0.108600 0.112541 0.115547 0.118334 0.121510 0.125602 0.127649 0.131383 0.133966 0.136787 0.140207 0.143728 0.146972 0.149665 0.153713 0.156917 0.160225 0.164852 0.167377 0.170817 0.175253 0.178355 0.182677 0.185235 0.189663 0.192513 0.195872 0.199606 0.203070 0.206612 0.210096 0.213787 0.218286 0.221217 0.225849 0.229296 0.233117 0.236945 0.239968 0.243849 0.247619 0.252037 0.255430 0.259064 0.262521 0.266002 0.270780 0.274668 0.277034 0.281327 0.285797 0.289053 0.292015 0.296634 0.300679 0.303804 0.307180 0.310150 0.314682 0.318899 0.322129 0.325081 0.329301 0.332031 0.335106 0.338386 0.342136 0.345020 0.350346 0.354786 0.360547 0.363745 0.366966 0.369018 0.371054 0.375659 0.382224 0.387331 0.392081 0.396083 0.398891 0.402405 0.407530 0.410626 0.414322 0.418270 0.420864 0.425320 0.429623 0.433851 0.437807 0.442435 0.445960 0.450379 0.453340 0.457382 0.462949 0.468134 0.471916 0.475687 0.480580 0.484579 0.488369 0.493026 0.494672 0.498828 0.500271 0.501749 0.500792 0.504237 0.506032 0.511022 0.518792 0.524659 0.530944 0.538754 0.542986 0.547521 0.552191 0.553881 0.561193 0.563632 0.568202 0.572804 0.576773 0.580698 0.584547 0.588194 0.591391 0.595254 0.596618 0.601094 0.602671 0.607017 0.610264 0.615488 0.618324 0.624016 0.627914 0.632394 0.636750 0.640970 0.644610 0.648553 0.654368 0.657339 0.666752 0.671110 0.677175 0.679249 0.685874 0.688715 0.692583 0.696086 0.701741 0.705570 0.710949 0.715667 0.719909 0.724400 0.730139 0.732338 0.737269 0.744266 0.746735 0.752649 0.757069 0.760891 0.765966 0.771658 0.778233 0.783653 0.787565 0.791366 0.798536 0.805129 0.811193 0.819181 0.824199 0.830628 0.836325 0.841311 0.845501 0.850501 0.854429 0.861183 0.867476 0.873650 0.880630 0.887088 0.893756 0.900870 0.908934 0.914931 0.921333 0.926243 0.930360 0.933844 0.938432 0.943445 0.947526 0.951951 0.957975 0.964989 0.971299 0.976899 0.983560))
(time 0)
(channel green)
(curve
       (curve-type free)
       (n-points 17)
       (points 34 -1.0 -1.0 -1.0 -1.0 -1.0 -1.0 -1.0 -1.0 -1.0 -1.0 -1.0 -1.0 -1.0 -1.0 -1.0 -1.0 -1.0 -1.0 -1.0 -1.0 -1.0 -1.0 -1.0 -1.0 -1.0 -1.0 -1.0 -1.0 -1.0 -1.0 -1.0 -1.0 -1.0 -1.0)
       (n-samples 256)
       (samples 256 0.000713 0.000713 0.000891 0.001256 0.001415 0.001500 0.002069 0.002476 0.003449 0.003871 0.005235 0.006589 0.007877 0.009153 0.011460 0.013216 0.015559 0.018203 0.019775 0.022205 0.024820 0.027097 0.029377 0.031605 0.034314 0.036593 0.039424 0.042420 0.045323 0.048462 0.051663 0.055332 0.058079 0.062066 0.064491 0.068457 0.071555 0.074426 0.077330 0.080260 0.083123 0.085472 0.088426 0.091533 0.094870 0.097937 0.100863 0.103553 0.106527 0.109409 0.112624 0.115942 0.119805 0.122901 0.126557 0.129368 0.132132 0.136215 0.140787 0.143890 0.147775 0.151441 0.155441 0.158631 0.161962 0.164934 0.168443 0.171618 0.175488 0.179123 0.182850 0.185913 0.190402 0.192945 0.196856 0.200261 0.203568 0.207289 0.210976 0.214614 0.218813 0.221780 0.225564 0.228898 0.233106 0.236391 0.240370 0.243594 0.247715 0.251117 0.254978 0.257515 0.261674 0.264886 0.268709 0.272621 0.276379 0.281125 0.284767 0.288900 0.293672 0.296550 0.300407 0.304691 0.308512 0.312219 0.315807 0.319860 0.323407 0.326968 0.331236 0.334362 0.338798 0.342911 0.346959 0.351357 0.355031 0.359584 0.364093 0.369009 0.373007 0.375946 0.380761 0.384355 0.388411 0.391817 0.396528 0.400494 0.404100 0.407700 0.412046 0.416189 0.418954 0.423916 0.427796 0.432303 0.436719 0.442196 0.446584 0.450123 0.454535 0.458027 0.463043 0.466413 0.471125 0.475084 0.479386 0.484483 0.488907 0.492704 0.496579 0.500721 0.505049 0.509880 0.513378 0.517913 0.523109 0.527387 0.530658 0.535263 0.539242 0.542691 0.547003 0.550772 0.556250 0.559273 0.563753 0.569305 0.571788 0.577805 0.581278 0.585567 0.590391 0.594469 0.599251 0.603806 0.607917 0.612325 0.616451 0.620256 0.624984 0.628368 0.633516 0.637668 0.641857 0.647507 0.652109 0.656707 0.661911 0.666401 0.671073 0.675116 0.679636 0.683665 0.687590 0.692223 0.696491 0.701034 0.705507 0.709735 0.714568 0.719068 0.724270 0.729599 0.734632 0.738744 0.743119 0.747883 0.753479 0.756984 0.761861 0.766320 0.771186 0.775942 0.781411 0.787488 0.793467 0.798931 0.803906 0.809065 0.814745 0.819820 0.824725 0.829516 0.833793 0.838279 0.842885 0.847629 0.852321 0.857247 0.861533 0.865974 0.870626 0.875897 0.881860 0.887757 0.893557 0.898617 0.903175 0.907841 0.913143 0.918589 0.923717 0.928684 0.932993 0.936955 0.942136 0.950130 0.956050 0.961606 0.965789 0.969672 0.973526 0.977733 0.982605 0.985057))
(time 0)
(channel blue)
(curve
       (curve-type free)
       (n-points 17)
       (points 34 -1.0 -1.0 -1.0 -1.0 -1.0 -1.0 -1.0 -1.0 -1.0 -1.0 -1.0 -1.0 -1.0 -1.0 -1.0 -1.0 -1.0 -1.0 -1.0 -1.0 -1.0 -1.0 -1.0 -1.0 -1.0 -1.0 -1.0 -1.0 -1.0 -1.0 -1.0 -1.0 -1.0 -1.0)
       (n-samples 256)
       (samples 256 0.000178 0.001602 0.004128 0.002428 0.003237 0.004314 0.005158 0.004288 0.005134 0.006536 0.006896 0.008226 0.008944 0.011171 0.012570 0.014862 0.016803 0.018273 0.020162 0.022754 0.025350 0.027000 0.030197 0.032385 0.035526 0.038663 0.041755 0.044766 0.047882 0.050659 0.053571 0.056659 0.059654 0.063361 0.067060 0.069890 0.072739 0.075844 0.079313 0.082070 0.084006 0.087726 0.090502 0.092961 0.095834 0.099099 0.102396 0.105870 0.109847 0.113003 0.115831 0.118491 0.122409 0.127408 0.132949 0.137375 0.142197 0.147707 0.151832 0.155757 0.158979 0.163017 0.164280 0.167334 0.169360 0.173259 0.176702 0.179525 0.182482 0.185446 0.190369 0.193848 0.196848 0.199907 0.203713 0.207451 0.210859 0.213461 0.217264 0.220923 0.223977 0.227813 0.231217 0.234816 0.238202 0.242098 0.244458 0.248518 0.251883 0.255071 0.259470 0.263865 0.267279 0.270660 0.275095 0.278693 0.282852 0.286000 0.289047 0.293728 0.297214 0.300873 0.304316 0.307924 0.311504 0.315250 0.318636 0.323717 0.326089 0.331036 0.335217 0.338599 0.342932 0.346339 0.350739 0.354907 0.358023 0.363451 0.367008 0.371265 0.374997 0.379083 0.381995 0.385716 0.389307 0.393652 0.398178 0.401626 0.406749 0.410598 0.414838 0.419646 0.422722 0.426865 0.430775 0.435412 0.438695 0.443744 0.448851 0.452493 0.456629 0.460931 0.466128 0.469510 0.472308 0.476457 0.480616 0.485279 0.489727 0.493673 0.498514 0.502038 0.505514 0.511098 0.513685 0.518868 0.522662 0.527049 0.530911 0.534907 0.539870 0.544120 0.548025 0.552057 0.555938 0.560575 0.564159 0.569957 0.574369 0.580234 0.584582 0.589876 0.594785 0.599743 0.603646 0.608982 0.613167 0.617221 0.620826 0.624103 0.630129 0.634521 0.638722 0.644062 0.648649 0.651790 0.656925 0.660779 0.664198 0.670274 0.674888 0.680783 0.684828 0.690645 0.693970 0.698952 0.703974 0.708132 0.712877 0.717425 0.722586 0.727245 0.731331 0.736576 0.741153 0.746326 0.752339 0.757342 0.762802 0.767767 0.773780 0.778865 0.783254 0.788291 0.793211 0.798459 0.803532 0.808698 0.813320 0.818160 0.823300 0.827882 0.832406 0.838074 0.843002 0.848211 0.853970 0.859382 0.865029 0.870118 0.874913 0.879888 0.885414 0.889683 0.894390 0.899189 0.903760 0.907973 0.911788 0.916334 0.921857 0.927468 0.932389 0.938043 0.942128 0.949598 0.954698 0.959720 0.961399 0.963317 0.965753 0.967708 0.971811 0.978092 0.982850 0.989322))
(time 0)
(channel alpha)
(curve
       (curve-type free)
       (n-points 17)
       (points 34 -1.0 -1.0 -1.0 -1.0 -1.0 -1.0 -1.0 -1.0 -1.0 -1.0 -1.0 -1.0 -1.0 -1.0 -1.0 -1.0 -1.0 -1.0 -1.0 -1.0 -1.0 -1.0 -1.0 -1.0 -1.0 -1.0 -1.0 -1.0 -1.0 -1.0 -1.0 -1.0 -1.0 -1.0)
       (n-samples 256)
       (samples 256 0.000000 0.003922 0.007843 0.011765 0.015686 0.019608 0.023529 0.027451 0.031373 0.035294 0.039216 0.043137 0.047059 0.050980 0.054902 0.058824 0.062745 0.066667 0.070588 0.074510 0.078431 0.082353 0.086275 0.090196 0.094118 0.098039 0.101961 0.105882 0.109804 0.113725 0.117647 0.121569 0.125490 0.129412 0.133333 0.137255 0.141176 0.145098 0.149020 0.152941 0.156863 0.160784 0.164706 0.168627 0.172549 0.176471 0.180392 0.184314 0.188235 0.192157 0.196078 0.200000 0.203922 0.207843 0.211765 0.215686 0.219608 0.223529 0.227451 0.231373 0.235294 0.239216 0.243137 0.247059 0.250980 0.254902 0.258824 0.262745 0.266667 0.270588 0.274510 0.278431 0.282353 0.286275 0.290196 0.294118 0.298039 0.301961 0.305882 0.309804 0.313725 0.317647 0.321569 0.325490 0.329412 0.333333 0.337255 0.341176 0.345098 0.349020 0.352941 0.356863 0.360784 0.364706 0.368627 0.372549 0.376471 0.380392 0.384314 0.388235 0.392157 0.396078 0.400000 0.403922 0.407843 0.411765 0.415686 0.419608 0.423529 0.427451 0.431373 0.435294 0.439216 0.443137 0.447059 0.450980 0.454902 0.458824 0.462745 0.466667 0.470588 0.474510 0.478431 0.482353 0.486275 0.490196 0.494118 0.498039 0.501961 0.505882 0.509804 0.513725 0.517647 0.521569 0.525490 0.529412 0.533333 0.537255 0.541176 0.545098 0.549020 0.552941 0.556863 0.560784 0.564706 0.568627 0.572549 0.576471 0.580392 0.584314 0.588235 0.592157 0.596078 0.600000 0.603922 0.607843 0.611765 0.615686 0.619608 0.623529 0.627451 0.631373 0.635294 0.639216 0.643137 0.647059 0.650980 0.654902 0.658824 0.662745 0.666667 0.670588 0.674510 0.678431 0.682353 0.686275 0.690196 0.694118 0.698039 0.701961 0.705882 0.709804 0.713725 0.717647 0.721569 0.725490 0.729412 0.733333 0.737255 0.741176 0.745098 0.749020 0.752941 0.756863 0.760784 0.764706 0.768627 0.772549 0.776471 0.780392 0.784314 0.788235 0.792157 0.796078 0.800000 0.803922 0.807843 0.811765 0.815686 0.819608 0.823529 0.827451 0.831373 0.835294 0.839216 0.843137 0.847059 0.850980 0.854902 0.858824 0.862745 0.866667 0.870588 0.874510 0.878431 0.882353 0.886275 0.890196 0.894118 0.898039 0.901961 0.905882 0.909804 0.913725 0.917647 0.921569 0.925490 0.929412 0.933333 0.937255 0.941176 0.945098 0.949020 0.952941 0.956863 0.960784 0.964706 0.968627 0.972549 0.976471 0.980392 0.984314 0.988235 0.992157 0.996078 1.000000))
# end of curves tool settings
