# GIMP curves tool settings

(time 0)
(channel value)
(curve
       (curve-type free)
       (n-points 17)
       (points 34 -1.0 -1.0 -1.0 -1.0 -1.0 -1.0 -1.0 -1.0 -1.0 -1.0 -1.0 -1.0 -1.0 -1.0 -1.0 -1.0 -1.0 -1.0 -1.0 -1.0 -1.0 -1.0 -1.0 -1.0 -1.0 -1.0 -1.0 -1.0 -1.0 -1.0 -1.0 -1.0 -1.0 -1.0)
       (n-samples 256)
       (samples 256 0.000000 0.003922 0.007843 0.011765 0.015686 0.019608 0.023529 0.027451 0.031373 0.035294 0.039216 0.043137 0.047059 0.050980 0.054902 0.058824 0.062745 0.066667 0.070588 0.074510 0.078431 0.082353 0.086275 0.090196 0.094118 0.098039 0.101961 0.105882 0.109804 0.113725 0.117647 0.121569 0.125490 0.129412 0.133333 0.137255 0.141176 0.145098 0.149020 0.152941 0.156863 0.160784 0.164706 0.168627 0.172549 0.176471 0.180392 0.184314 0.188235 0.192157 0.196078 0.200000 0.203922 0.207843 0.211765 0.215686 0.219608 0.223529 0.227451 0.231373 0.235294 0.239216 0.243137 0.247059 0.250980 0.254902 0.258824 0.262745 0.266667 0.270588 0.274510 0.278431 0.282353 0.286275 0.290196 0.294118 0.298039 0.301961 0.305882 0.309804 0.313725 0.317647 0.321569 0.325490 0.329412 0.333333 0.337255 0.341176 0.345098 0.349020 0.352941 0.356863 0.360784 0.364706 0.368627 0.372549 0.376471 0.380392 0.384314 0.388235 0.392157 0.396078 0.400000 0.403922 0.407843 0.411765 0.415686 0.419608 0.423529 0.427451 0.431373 0.435294 0.439216 0.443137 0.447059 0.450980 0.454902 0.458824 0.462745 0.466667 0.470588 0.474510 0.478431 0.482353 0.486275 0.490196 0.494118 0.498039 0.501961 0.505882 0.509804 0.513725 0.517647 0.521569 0.525490 0.529412 0.533333 0.537255 0.541176 0.545098 0.549020 0.552941 0.556863 0.560784 0.564706 0.568627 0.572549 0.576471 0.580392 0.584314 0.588235 0.592157 0.596078 0.600000 0.603922 0.607843 0.611765 0.615686 0.619608 0.623529 0.627451 0.631373 0.635294 0.639216 0.643137 0.647059 0.650980 0.654902 0.658824 0.662745 0.666667 0.670588 0.674510 0.678431 0.682353 0.686275 0.690196 0.694118 0.698039 0.701961 0.705882 0.709804 0.713725 0.717647 0.721569 0.725490 0.729412 0.733333 0.737255 0.741176 0.745098 0.749020 0.752941 0.756863 0.760784 0.764706 0.768627 0.772549 0.776471 0.780392 0.784314 0.788235 0.792157 0.796078 0.800000 0.803922 0.807843 0.811765 0.815686 0.819608 0.823529 0.827451 0.831373 0.835294 0.839216 0.843137 0.847059 0.850980 0.854902 0.858824 0.862745 0.866667 0.870588 0.874510 0.878431 0.882353 0.886275 0.890196 0.894118 0.898039 0.901961 0.905882 0.909804 0.913725 0.917647 0.921569 0.925490 0.929412 0.933333 0.937255 0.941176 0.945098 0.949020 0.952941 0.956863 0.960784 0.964706 0.968627 0.972549 0.976471 0.980392 0.984314 0.988235 0.992157 0.996078 1.000000))
(time 0)
(channel red)
(curve
       (curve-type free)
       (n-points 17)
       (points 34 -1.0 -1.0 -1.0 -1.0 -1.0 -1.0 -1.0 -1.0 -1.0 -1.0 -1.0 -1.0 -1.0 -1.0 -1.0 -1.0 -1.0 -1.0 -1.0 -1.0 -1.0 -1.0 -1.0 -1.0 -1.0 -1.0 -1.0 -1.0 -1.0 -1.0 -1.0 -1.0 -1.0 -1.0)
       (n-samples 256)
       (samples 256 0.003922 0.003922 0.003922 0.003922 0.003922 0.003922 0.003922 0.003922 0.003922 0.010283 0.012575 0.014418 0.015208 0.016434 0.018393 0.019970 0.022277 0.024484 0.027397 0.030207 0.033231 0.035514 0.038194 0.041003 0.043920 0.046903 0.049985 0.053135 0.056341 0.059083 0.062218 0.064916 0.067836 0.070520 0.073051 0.075893 0.078934 0.081147 0.083955 0.087232 0.089762 0.092595 0.095596 0.098879 0.101802 0.105077 0.107966 0.111089 0.114601 0.117281 0.120532 0.124207 0.127341 0.130582 0.134216 0.137159 0.140929 0.144818 0.148051 0.151882 0.155028 0.158290 0.162426 0.165599 0.169606 0.173450 0.177258 0.181020 0.183981 0.187804 0.192010 0.196169 0.199615 0.203719 0.207469 0.211120 0.214801 0.218095 0.221919 0.226020 0.229439 0.233289 0.237282 0.240553 0.244551 0.247908 0.251402 0.255133 0.258911 0.262459 0.266323 0.269555 0.273242 0.277253 0.281212 0.284861 0.288928 0.292156 0.295969 0.299738 0.303551 0.307849 0.311970 0.315678 0.318997 0.323395 0.327068 0.331241 0.335636 0.340427 0.344594 0.347958 0.353231 0.355821 0.361112 0.364917 0.368540 0.373108 0.377336 0.380507 0.385670 0.390187 0.393860 0.398789 0.403439 0.407317 0.411715 0.416965 0.422422 0.426018 0.430576 0.435253 0.439245 0.442231 0.446904 0.450129 0.453824 0.458316 0.462465 0.467042 0.470592 0.473868 0.479788 0.482485 0.486336 0.490478 0.494177 0.498759 0.502354 0.507249 0.511142 0.516285 0.519681 0.523954 0.527939 0.533754 0.537884 0.542783 0.546782 0.552045 0.556314 0.561098 0.566595 0.571596 0.576430 0.580467 0.584965 0.589385 0.594399 0.598957 0.604141 0.607999 0.613098 0.618029 0.622388 0.626518 0.630404 0.634894 0.639259 0.643304 0.647767 0.651190 0.655881 0.660273 0.663851 0.668993 0.673537 0.678755 0.685013 0.691358 0.696892 0.700922 0.705983 0.711167 0.715301 0.718681 0.723919 0.728357 0.732796 0.736727 0.741755 0.746026 0.750403 0.755406 0.761710 0.767087 0.771656 0.776747 0.782175 0.786683 0.792236 0.797396 0.802847 0.807649 0.812086 0.815780 0.819620 0.823888 0.828961 0.833439 0.837837 0.841001 0.843650 0.846999 0.850180 0.853895 0.857782 0.862982 0.866438 0.871168 0.874855 0.881087 0.884134 0.887015 0.891178 0.895668 0.900893 0.906278 0.912202 0.915596 0.922525 0.928213 0.932552 0.937017 0.944453 0.947135 0.950077 0.959952 0.966467 0.971029 0.979106 0.982018 0.987853 0.990079 0.995010 0.996122))
(time 0)
(channel green)
(curve
       (curve-type free)
       (n-points 17)
       (points 34 -1.0 -1.0 -1.0 -1.0 -1.0 -1.0 -1.0 -1.0 -1.0 -1.0 -1.0 -1.0 -1.0 -1.0 -1.0 -1.0 -1.0 -1.0 -1.0 -1.0 -1.0 -1.0 -1.0 -1.0 -1.0 -1.0 -1.0 -1.0 -1.0 -1.0 -1.0 -1.0 -1.0 -1.0)
       (n-samples 256)
       (samples 256 0.003922 0.003922 0.003922 0.003922 0.003922 0.003922 0.000420 0.000703 0.001157 0.001852 0.002573 0.003889 0.005811 0.008076 0.010548 0.013348 0.016510 0.019689 0.022754 0.026131 0.029504 0.032733 0.036169 0.039149 0.042393 0.044992 0.047998 0.050646 0.053159 0.056056 0.058737 0.061444 0.064621 0.067466 0.070432 0.073247 0.076150 0.079078 0.082177 0.085327 0.088435 0.091756 0.095427 0.098560 0.101407 0.104964 0.108949 0.112191 0.115797 0.119427 0.123007 0.125901 0.129756 0.132502 0.135594 0.139674 0.143179 0.146976 0.150876 0.154376 0.157556 0.161240 0.164975 0.168549 0.172596 0.175901 0.180158 0.183821 0.187339 0.190972 0.194023 0.197824 0.201206 0.205546 0.209593 0.213656 0.217787 0.221662 0.225596 0.229408 0.233218 0.236596 0.240682 0.244861 0.248689 0.252205 0.256243 0.259770 0.264354 0.268047 0.271350 0.275255 0.279029 0.283663 0.286303 0.290216 0.294518 0.298053 0.302295 0.307041 0.311563 0.314930 0.319769 0.323931 0.328035 0.332865 0.335716 0.339107 0.342428 0.346613 0.349989 0.353820 0.357872 0.361937 0.366255 0.370305 0.374869 0.378611 0.382781 0.387610 0.391837 0.395415 0.399207 0.403666 0.408005 0.412328 0.416774 0.421334 0.425229 0.430095 0.434994 0.439581 0.443941 0.447276 0.451333 0.454344 0.459119 0.463808 0.467868 0.472480 0.476753 0.481415 0.485674 0.489899 0.494605 0.498585 0.503135 0.507428 0.512031 0.516464 0.520706 0.525881 0.529856 0.534827 0.539651 0.544074 0.548725 0.553727 0.558297 0.563097 0.568292 0.572815 0.577599 0.582281 0.587141 0.592107 0.597135 0.601719 0.606977 0.611248 0.616256 0.621143 0.625182 0.629891 0.634469 0.639197 0.643337 0.648146 0.652278 0.657441 0.661676 0.666556 0.671740 0.676826 0.682624 0.687710 0.692794 0.697274 0.702008 0.706811 0.711147 0.716111 0.720565 0.725753 0.729707 0.733508 0.737825 0.742306 0.746572 0.751507 0.755667 0.759846 0.764334 0.769491 0.773920 0.779105 0.783545 0.788177 0.792232 0.796517 0.800781 0.805390 0.809643 0.814321 0.818541 0.822596 0.827351 0.832237 0.837182 0.841890 0.846039 0.849874 0.853976 0.857747 0.862793 0.866756 0.871884 0.876238 0.881447 0.886322 0.890646 0.893721 0.897160 0.901383 0.905221 0.909355 0.911747 0.916331 0.920159 0.924936 0.928793 0.934436 0.939305 0.943879 0.948054 0.952811 0.956086 0.960138 0.964243 0.967092 0.970429 0.977879 0.984691 0.989711 0.992689 0.995929))
(time 0)
(channel blue)
(curve
       (curve-type free)
       (n-points 17)
       (points 34 -1.0 -1.0 -1.0 -1.0 -1.0 -1.0 -1.0 -1.0 -1.0 -1.0 -1.0 -1.0 -1.0 -1.0 -1.0 -1.0 -1.0 -1.0 -1.0 -1.0 -1.0 -1.0 -1.0 -1.0 -1.0 -1.0 -1.0 -1.0 -1.0 -1.0 -1.0 -1.0 -1.0 -1.0)
       (n-samples 256)
       (samples 256 0.000406 0.000406 0.000406 0.000406 0.000406 0.000576 0.001122 0.001613 0.002185 0.002853 0.003755 0.005140 0.007009 0.009253 0.011571 0.014075 0.016513 0.019167 0.021996 0.025091 0.027864 0.031105 0.033679 0.036944 0.039930 0.042888 0.045739 0.048486 0.051438 0.054335 0.057269 0.060411 0.063174 0.066383 0.069211 0.072172 0.075696 0.078784 0.082149 0.085057 0.088476 0.091989 0.095066 0.098456 0.101931 0.105207 0.108774 0.112582 0.116303 0.119736 0.123353 0.127011 0.130556 0.134219 0.137836 0.141224 0.144612 0.148446 0.152220 0.155456 0.158854 0.161895 0.165795 0.168915 0.172950 0.176978 0.180641 0.184365 0.189092 0.192979 0.196961 0.200872 0.204542 0.209170 0.213273 0.216795 0.220464 0.224397 0.227765 0.232331 0.236275 0.240143 0.244203 0.249257 0.253065 0.257028 0.260597 0.263479 0.266864 0.270658 0.274203 0.278094 0.282145 0.285910 0.289547 0.293523 0.297627 0.302305 0.306935 0.310943 0.315729 0.319739 0.323747 0.327646 0.331079 0.334669 0.338752 0.342694 0.346892 0.350904 0.354996 0.360325 0.364599 0.369711 0.375189 0.379076 0.383410 0.387450 0.391103 0.394754 0.399678 0.404185 0.408702 0.413600 0.417094 0.421554 0.426199 0.430757 0.435068 0.439940 0.444874 0.449085 0.453132 0.457740 0.462239 0.466178 0.470832 0.475754 0.480123 0.484552 0.489321 0.493962 0.499022 0.503408 0.508406 0.512508 0.517718 0.521928 0.525954 0.530613 0.535429 0.539464 0.544115 0.548258 0.552473 0.557504 0.562415 0.567242 0.571735 0.577675 0.581980 0.586930 0.590761 0.596113 0.600385 0.604800 0.609695 0.613668 0.618488 0.623134 0.626596 0.632136 0.635857 0.641154 0.645617 0.650039 0.654854 0.658838 0.663548 0.668776 0.674142 0.678774 0.684713 0.688802 0.693261 0.696808 0.700812 0.704917 0.709726 0.714258 0.718173 0.721890 0.725614 0.730537 0.734260 0.737379 0.740080 0.743546 0.746972 0.750763 0.754241 0.758264 0.761512 0.766778 0.770860 0.774071 0.780732 0.784935 0.789768 0.794137 0.798959 0.803616 0.808881 0.813417 0.818162 0.822422 0.827113 0.831199 0.835299 0.838391 0.842534 0.846923 0.851366 0.856265 0.860218 0.864170 0.867466 0.870706 0.876188 0.879549 0.884321 0.888799 0.893191 0.897121 0.902197 0.907244 0.911482 0.915326 0.918532 0.923358 0.928346 0.932215 0.937752 0.939732 0.945863 0.949405 0.953648 0.955258 0.958869 0.961121 0.967228 0.972839 0.976771 0.985568 0.990418 0.995931))
(time 0)
(channel alpha)
(curve
       (curve-type free)
       (n-points 17)
       (points 34 -1.0 -1.0 -1.0 -1.0 -1.0 -1.0 -1.0 -1.0 -1.0 -1.0 -1.0 -1.0 -1.0 -1.0 -1.0 -1.0 -1.0 -1.0 -1.0 -1.0 -1.0 -1.0 -1.0 -1.0 -1.0 -1.0 -1.0 -1.0 -1.0 -1.0 -1.0 -1.0 -1.0 -1.0)
       (n-samples 256)
       (samples 256 0.000000 0.003922 0.007843 0.011765 0.015686 0.019608 0.023529 0.027451 0.031373 0.035294 0.039216 0.043137 0.047059 0.050980 0.054902 0.058824 0.062745 0.066667 0.070588 0.074510 0.078431 0.082353 0.086275 0.090196 0.094118 0.098039 0.101961 0.105882 0.109804 0.113725 0.117647 0.121569 0.125490 0.129412 0.133333 0.137255 0.141176 0.145098 0.149020 0.152941 0.156863 0.160784 0.164706 0.168627 0.172549 0.176471 0.180392 0.184314 0.188235 0.192157 0.196078 0.200000 0.203922 0.207843 0.211765 0.215686 0.219608 0.223529 0.227451 0.231373 0.235294 0.239216 0.243137 0.247059 0.250980 0.254902 0.258824 0.262745 0.266667 0.270588 0.274510 0.278431 0.282353 0.286275 0.290196 0.294118 0.298039 0.301961 0.305882 0.309804 0.313725 0.317647 0.321569 0.325490 0.329412 0.333333 0.337255 0.341176 0.345098 0.349020 0.352941 0.356863 0.360784 0.364706 0.368627 0.372549 0.376471 0.380392 0.384314 0.388235 0.392157 0.396078 0.400000 0.403922 0.407843 0.411765 0.415686 0.419608 0.423529 0.427451 0.431373 0.435294 0.439216 0.443137 0.447059 0.450980 0.454902 0.458824 0.462745 0.466667 0.470588 0.474510 0.478431 0.482353 0.486275 0.490196 0.494118 0.498039 0.501961 0.505882 0.509804 0.513725 0.517647 0.521569 0.525490 0.529412 0.533333 0.537255 0.541176 0.545098 0.549020 0.552941 0.556863 0.560784 0.564706 0.568627 0.572549 0.576471 0.580392 0.584314 0.588235 0.592157 0.596078 0.600000 0.603922 0.607843 0.611765 0.615686 0.619608 0.623529 0.627451 0.631373 0.635294 0.639216 0.643137 0.647059 0.650980 0.654902 0.658824 0.662745 0.666667 0.670588 0.674510 0.678431 0.682353 0.686275 0.690196 0.694118 0.698039 0.701961 0.705882 0.709804 0.713725 0.717647 0.721569 0.725490 0.729412 0.733333 0.737255 0.741176 0.745098 0.749020 0.752941 0.756863 0.760784 0.764706 0.768627 0.772549 0.776471 0.780392 0.784314 0.788235 0.792157 0.796078 0.800000 0.803922 0.807843 0.811765 0.815686 0.819608 0.823529 0.827451 0.831373 0.835294 0.839216 0.843137 0.847059 0.850980 0.854902 0.858824 0.862745 0.866667 0.870588 0.874510 0.878431 0.882353 0.886275 0.890196 0.894118 0.898039 0.901961 0.905882 0.909804 0.913725 0.917647 0.921569 0.925490 0.929412 0.933333 0.937255 0.941176 0.945098 0.949020 0.952941 0.956863 0.960784 0.964706 0.968627 0.972549 0.976471 0.980392 0.984314 0.988235 0.992157 0.996078 1.000000))
# end of curves tool settings
