# GIMP curves tool settings

(time 0)
(channel value)
(curve
       (curve-type free)
       (n-points 17)
       (points 34 -1.0 -1.0 -1.0 -1.0 -1.0 -1.0 -1.0 -1.0 -1.0 -1.0 -1.0 -1.0 -1.0 -1.0 -1.0 -1.0 -1.0 -1.0 -1.0 -1.0 -1.0 -1.0 -1.0 -1.0 -1.0 -1.0 -1.0 -1.0 -1.0 -1.0 -1.0 -1.0 -1.0 -1.0)
       (n-samples 256)
       (samples 256 0.000000 0.003922 0.007843 0.011765 0.015686 0.019608 0.023529 0.027451 0.031373 0.035294 0.039216 0.043137 0.047059 0.050980 0.054902 0.058824 0.062745 0.066667 0.070588 0.074510 0.078431 0.082353 0.086275 0.090196 0.094118 0.098039 0.101961 0.105882 0.109804 0.113725 0.117647 0.121569 0.125490 0.129412 0.133333 0.137255 0.141176 0.145098 0.149020 0.152941 0.156863 0.160784 0.164706 0.168627 0.172549 0.176471 0.180392 0.184314 0.188235 0.192157 0.196078 0.200000 0.203922 0.207843 0.211765 0.215686 0.219608 0.223529 0.227451 0.231373 0.235294 0.239216 0.243137 0.247059 0.250980 0.254902 0.258824 0.262745 0.266667 0.270588 0.274510 0.278431 0.282353 0.286275 0.290196 0.294118 0.298039 0.301961 0.305882 0.309804 0.313725 0.317647 0.321569 0.325490 0.329412 0.333333 0.337255 0.341176 0.345098 0.349020 0.352941 0.356863 0.360784 0.364706 0.368627 0.372549 0.376471 0.380392 0.384314 0.388235 0.392157 0.396078 0.400000 0.403922 0.407843 0.411765 0.415686 0.419608 0.423529 0.427451 0.431373 0.435294 0.439216 0.443137 0.447059 0.450980 0.454902 0.458824 0.462745 0.466667 0.470588 0.474510 0.478431 0.482353 0.486275 0.490196 0.494118 0.498039 0.501961 0.505882 0.509804 0.513725 0.517647 0.521569 0.525490 0.529412 0.533333 0.537255 0.541176 0.545098 0.549020 0.552941 0.556863 0.560784 0.564706 0.568627 0.572549 0.576471 0.580392 0.584314 0.588235 0.592157 0.596078 0.600000 0.603922 0.607843 0.611765 0.615686 0.619608 0.623529 0.627451 0.631373 0.635294 0.639216 0.643137 0.647059 0.650980 0.654902 0.658824 0.662745 0.666667 0.670588 0.674510 0.678431 0.682353 0.686275 0.690196 0.694118 0.698039 0.701961 0.705882 0.709804 0.713725 0.717647 0.721569 0.725490 0.729412 0.733333 0.737255 0.741176 0.745098 0.749020 0.752941 0.756863 0.760784 0.764706 0.768627 0.772549 0.776471 0.780392 0.784314 0.788235 0.792157 0.796078 0.800000 0.803922 0.807843 0.811765 0.815686 0.819608 0.823529 0.827451 0.831373 0.835294 0.839216 0.843137 0.847059 0.850980 0.854902 0.858824 0.862745 0.866667 0.870588 0.874510 0.878431 0.882353 0.886275 0.890196 0.894118 0.898039 0.901961 0.905882 0.909804 0.913725 0.917647 0.921569 0.925490 0.929412 0.933333 0.937255 0.941176 0.945098 0.949020 0.952941 0.956863 0.960784 0.964706 0.968627 0.972549 0.976471 0.980392 0.984314 0.988235 0.992157 0.996078 1.000000))
(time 0)
(channel red)
(curve
       (curve-type free)
       (n-points 17)
       (points 34 -1.0 -1.0 -1.0 -1.0 -1.0 -1.0 -1.0 -1.0 -1.0 -1.0 -1.0 -1.0 -1.0 -1.0 -1.0 -1.0 -1.0 -1.0 -1.0 -1.0 -1.0 -1.0 -1.0 -1.0 -1.0 -1.0 -1.0 -1.0 -1.0 -1.0 -1.0 -1.0 -1.0 -1.0)
       (n-samples 256)
       (samples 256 0.036011 0.041878 0.051483 0.036909 0.007843 0.004776 0.004769 0.005616 0.007268 0.008945 0.010991 0.013142 0.015416 0.017595 0.019739 0.021671 0.023503 0.025920 0.028207 0.030267 0.032708 0.035452 0.038322 0.040821 0.043549 0.045889 0.048058 0.050540 0.052999 0.055576 0.058480 0.060978 0.063501 0.066025 0.068434 0.071008 0.073835 0.076621 0.078912 0.082140 0.085484 0.088968 0.091926 0.094926 0.097511 0.101087 0.103334 0.106851 0.109534 0.112223 0.115437 0.118342 0.121548 0.124496 0.127876 0.130423 0.132977 0.136956 0.139444 0.142600 0.145490 0.148747 0.151328 0.155071 0.158285 0.162297 0.166237 0.170014 0.173789 0.177161 0.180759 0.184133 0.187218 0.191397 0.194870 0.198250 0.202157 0.205347 0.208953 0.212206 0.215231 0.218677 0.221800 0.225022 0.228139 0.231885 0.235342 0.239015 0.243033 0.247154 0.250453 0.253885 0.257123 0.260390 0.264310 0.267720 0.270750 0.274348 0.278162 0.280855 0.285065 0.288612 0.292198 0.296022 0.299753 0.302471 0.305304 0.309424 0.313069 0.316867 0.320782 0.324012 0.327243 0.330548 0.334319 0.337261 0.341169 0.344308 0.348643 0.351914 0.354949 0.359106 0.362246 0.366285 0.370405 0.373691 0.375725 0.379591 0.384648 0.389752 0.396231 0.401290 0.405453 0.409721 0.415483 0.419381 0.424909 0.429248 0.434184 0.439739 0.442920 0.447040 0.451270 0.451562 0.451248 0.452498 0.456508 0.462403 0.467838 0.471836 0.476261 0.477249 0.481915 0.485626 0.488095 0.493258 0.499692 0.504212 0.510314 0.512797 0.517683 0.523698 0.528904 0.536053 0.541178 0.542082 0.544144 0.548392 0.550493 0.556326 0.560756 0.565616 0.569538 0.573507 0.580123 0.585405 0.590649 0.595015 0.599394 0.603006 0.608513 0.613902 0.619312 0.623711 0.628487 0.632005 0.635858 0.640483 0.645850 0.648183 0.653332 0.655328 0.659172 0.665482 0.672268 0.676911 0.683395 0.688783 0.693123 0.697255 0.701156 0.705650 0.710378 0.713638 0.717013 0.722803 0.728577 0.733341 0.736873 0.740638 0.743935 0.748162 0.753365 0.755702 0.759071 0.764745 0.769691 0.776123 0.777148 0.781390 0.792704 0.802831 0.806969 0.811196 0.814219 0.820562 0.824594 0.834160 0.843674 0.851314 0.855162 0.861575 0.866431 0.867593 0.874517 0.882259 0.886391 0.892542 0.896354 0.902569 0.908615 0.911250 0.915923 0.918495 0.927265 0.931416 0.937770 0.945365 0.950766 0.953480 0.960430 0.971215 0.979415 0.976646 0.986585 0.990529))
(time 0)
(channel green)
(curve
       (curve-type free)
       (n-points 17)
       (points 34 -1.0 -1.0 -1.0 -1.0 -1.0 -1.0 -1.0 -1.0 -1.0 -1.0 -1.0 -1.0 -1.0 -1.0 -1.0 -1.0 -1.0 -1.0 -1.0 -1.0 -1.0 -1.0 -1.0 -1.0 -1.0 -1.0 -1.0 -1.0 -1.0 -1.0 -1.0 -1.0 -1.0 -1.0)
       (n-samples 256)
       (samples 256 0.000290 0.000290 0.000290 0.000657 0.001251 0.001764 0.002478 0.003562 0.005133 0.006867 0.008998 0.010833 0.012779 0.015020 0.016858 0.019137 0.021364 0.023373 0.025457 0.027755 0.029849 0.031924 0.034306 0.036315 0.038760 0.040847 0.043361 0.045691 0.048106 0.050520 0.053565 0.056313 0.059372 0.062604 0.065949 0.068748 0.072121 0.075083 0.077922 0.081192 0.083589 0.086625 0.089471 0.092200 0.095552 0.098125 0.101233 0.104291 0.106981 0.110187 0.113138 0.115984 0.119598 0.122866 0.125786 0.128691 0.132700 0.135469 0.138837 0.142746 0.146086 0.149609 0.152136 0.155505 0.159424 0.163216 0.166914 0.170456 0.174396 0.178566 0.182728 0.186480 0.190058 0.193337 0.196645 0.200338 0.203728 0.207225 0.210825 0.213681 0.217873 0.221045 0.224309 0.227954 0.231239 0.234341 0.237971 0.241918 0.245313 0.249001 0.252274 0.255348 0.259845 0.263563 0.267435 0.271508 0.276289 0.280095 0.285161 0.288338 0.292921 0.296277 0.300902 0.304804 0.308457 0.312756 0.317327 0.321015 0.325376 0.330332 0.334100 0.339305 0.341853 0.348862 0.351064 0.355458 0.358454 0.362803 0.367176 0.371957 0.374843 0.378690 0.383145 0.386312 0.390569 0.394494 0.399756 0.404104 0.407427 0.409898 0.413601 0.418545 0.423727 0.428203 0.431305 0.436169 0.438757 0.443733 0.447067 0.452018 0.456102 0.461346 0.467522 0.471551 0.476266 0.479998 0.484564 0.490325 0.495371 0.499191 0.503603 0.507440 0.513245 0.517126 0.522882 0.527852 0.532376 0.535587 0.538585 0.543700 0.548458 0.553007 0.558219 0.562994 0.567456 0.572128 0.576289 0.581615 0.585730 0.590453 0.594619 0.598747 0.602663 0.606681 0.611082 0.616005 0.620585 0.624234 0.628102 0.632432 0.637021 0.641268 0.646861 0.651882 0.655813 0.659866 0.663850 0.669375 0.675981 0.679857 0.683643 0.689478 0.694494 0.698977 0.703160 0.708273 0.713412 0.718150 0.723490 0.727270 0.731921 0.737698 0.741057 0.744872 0.750362 0.755195 0.759147 0.763847 0.770197 0.774141 0.779978 0.784308 0.789190 0.792453 0.797112 0.802436 0.806633 0.812436 0.815871 0.821772 0.824777 0.829878 0.835754 0.841283 0.846757 0.850018 0.853866 0.860477 0.865014 0.870165 0.876211 0.879033 0.884548 0.888760 0.893248 0.896160 0.901261 0.902563 0.909290 0.914819 0.919264 0.922856 0.926624 0.931923 0.935262 0.939910 0.947545 0.952315 0.957367 0.962088 0.966548 0.971398 0.975952 0.980085 0.987079 0.991720))
(time 0)
(channel blue)
(curve
       (curve-type free)
       (n-points 17)
       (points 34 -1.0 -1.0 -1.0 -1.0 -1.0 -1.0 -1.0 -1.0 -1.0 -1.0 -1.0 -1.0 -1.0 -1.0 -1.0 -1.0 -1.0 -1.0 -1.0 -1.0 -1.0 -1.0 -1.0 -1.0 -1.0 -1.0 -1.0 -1.0 -1.0 -1.0 -1.0 -1.0 -1.0 -1.0)
       (n-samples 256)
       (samples 256 0.000817 0.001455 0.002266 0.002412 0.002129 0.002172 0.002740 0.003241 0.004131 0.005180 0.006632 0.008041 0.009411 0.010908 0.012433 0.014152 0.016029 0.017904 0.020107 0.022230 0.024277 0.026708 0.029198 0.031312 0.034042 0.036600 0.038341 0.041093 0.043237 0.046129 0.048551 0.051120 0.054066 0.056958 0.060141 0.063518 0.066110 0.068957 0.071559 0.074132 0.077085 0.080584 0.083380 0.087024 0.090259 0.093764 0.097283 0.101063 0.104175 0.107981 0.111308 0.114682 0.118128 0.121694 0.124889 0.128772 0.132553 0.136150 0.139976 0.144008 0.147620 0.150975 0.154909 0.159107 0.162812 0.167050 0.170928 0.174717 0.178220 0.182504 0.186185 0.190758 0.195076 0.199616 0.203471 0.207341 0.211339 0.215808 0.219340 0.222750 0.226568 0.230516 0.234596 0.238871 0.243348 0.249427 0.253371 0.256560 0.261480 0.265088 0.268515 0.273384 0.277730 0.282256 0.287268 0.291521 0.294703 0.298758 0.302276 0.305959 0.309331 0.313660 0.317881 0.322025 0.325419 0.330622 0.334276 0.337731 0.342585 0.346051 0.347725 0.351972 0.354714 0.359915 0.363111 0.367385 0.371487 0.375860 0.380113 0.383679 0.388347 0.393522 0.397857 0.402312 0.406138 0.410256 0.414729 0.419419 0.426884 0.432215 0.437249 0.442102 0.447064 0.451724 0.456397 0.461778 0.466111 0.471640 0.476843 0.481598 0.486057 0.490115 0.493237 0.497686 0.501509 0.505913 0.511014 0.515507 0.519518 0.523473 0.527590 0.532826 0.537873 0.542081 0.545767 0.550763 0.555979 0.560348 0.564091 0.569067 0.573997 0.578355 0.579475 0.582947 0.591735 0.595507 0.599722 0.601940 0.609144 0.613078 0.614862 0.618813 0.623018 0.625594 0.628002 0.638321 0.640719 0.643089 0.650164 0.654665 0.656929 0.662538 0.668082 0.671799 0.678096 0.678345 0.681994 0.682780 0.685730 0.693961 0.695358 0.697297 0.703638 0.705189 0.709997 0.716068 0.719608 0.723306 0.726574 0.731478 0.729694 0.736197 0.743240 0.746696 0.744988 0.751798 0.757630 0.763957 0.762387 0.764036 0.767684 0.769503 0.776471 0.782700 0.787644 0.791312 0.795356 0.798767 0.801175 0.807219 0.813661 0.821040 0.828429 0.826268 0.832879 0.833452 0.839733 0.842450 0.849689 0.854280 0.852239 0.857959 0.863835 0.866121 0.874777 0.877470 0.880042 0.885656 0.887343 0.893994 0.898606 0.908060 0.910131 0.912146 0.917386 0.921921 0.934115 0.929766 0.930865 0.937915 0.944478 0.951862 0.956938 0.973354 0.965910 0.984704))
(time 0)
(channel alpha)
(curve
       (curve-type free)
       (n-points 17)
       (points 34 -1.0 -1.0 -1.0 -1.0 -1.0 -1.0 -1.0 -1.0 -1.0 -1.0 -1.0 -1.0 -1.0 -1.0 -1.0 -1.0 -1.0 -1.0 -1.0 -1.0 -1.0 -1.0 -1.0 -1.0 -1.0 -1.0 -1.0 -1.0 -1.0 -1.0 -1.0 -1.0 -1.0 -1.0)
       (n-samples 256)
       (samples 256 0.000000 0.003922 0.007843 0.011765 0.015686 0.019608 0.023529 0.027451 0.031373 0.035294 0.039216 0.043137 0.047059 0.050980 0.054902 0.058824 0.062745 0.066667 0.070588 0.074510 0.078431 0.082353 0.086275 0.090196 0.094118 0.098039 0.101961 0.105882 0.109804 0.113725 0.117647 0.121569 0.125490 0.129412 0.133333 0.137255 0.141176 0.145098 0.149020 0.152941 0.156863 0.160784 0.164706 0.168627 0.172549 0.176471 0.180392 0.184314 0.188235 0.192157 0.196078 0.200000 0.203922 0.207843 0.211765 0.215686 0.219608 0.223529 0.227451 0.231373 0.235294 0.239216 0.243137 0.247059 0.250980 0.254902 0.258824 0.262745 0.266667 0.270588 0.274510 0.278431 0.282353 0.286275 0.290196 0.294118 0.298039 0.301961 0.305882 0.309804 0.313725 0.317647 0.321569 0.325490 0.329412 0.333333 0.337255 0.341176 0.345098 0.349020 0.352941 0.356863 0.360784 0.364706 0.368627 0.372549 0.376471 0.380392 0.384314 0.388235 0.392157 0.396078 0.400000 0.403922 0.407843 0.411765 0.415686 0.419608 0.423529 0.427451 0.431373 0.435294 0.439216 0.443137 0.447059 0.450980 0.454902 0.458824 0.462745 0.466667 0.470588 0.474510 0.478431 0.482353 0.486275 0.490196 0.494118 0.498039 0.501961 0.505882 0.509804 0.513725 0.517647 0.521569 0.525490 0.529412 0.533333 0.537255 0.541176 0.545098 0.549020 0.552941 0.556863 0.560784 0.564706 0.568627 0.572549 0.576471 0.580392 0.584314 0.588235 0.592157 0.596078 0.600000 0.603922 0.607843 0.611765 0.615686 0.619608 0.623529 0.627451 0.631373 0.635294 0.639216 0.643137 0.647059 0.650980 0.654902 0.658824 0.662745 0.666667 0.670588 0.674510 0.678431 0.682353 0.686275 0.690196 0.694118 0.698039 0.701961 0.705882 0.709804 0.713725 0.717647 0.721569 0.725490 0.729412 0.733333 0.737255 0.741176 0.745098 0.749020 0.752941 0.756863 0.760784 0.764706 0.768627 0.772549 0.776471 0.780392 0.784314 0.788235 0.792157 0.796078 0.800000 0.803922 0.807843 0.811765 0.815686 0.819608 0.823529 0.827451 0.831373 0.835294 0.839216 0.843137 0.847059 0.850980 0.854902 0.858824 0.862745 0.866667 0.870588 0.874510 0.878431 0.882353 0.886275 0.890196 0.894118 0.898039 0.901961 0.905882 0.909804 0.913725 0.917647 0.921569 0.925490 0.929412 0.933333 0.937255 0.941176 0.945098 0.949020 0.952941 0.956863 0.960784 0.964706 0.968627 0.972549 0.976471 0.980392 0.984314 0.988235 0.992157 0.996078 1.000000))
# end of curves tool settings
