# GIMP curves tool settings

(time 0)
(channel value)
(curve
       (curve-type free)
       (n-points 17)
       (points 34 -1.0 -1.0 -1.0 -1.0 -1.0 -1.0 -1.0 -1.0 -1.0 -1.0 -1.0 -1.0 -1.0 -1.0 -1.0 -1.0 -1.0 -1.0 -1.0 -1.0 -1.0 -1.0 -1.0 -1.0 -1.0 -1.0 -1.0 -1.0 -1.0 -1.0 -1.0 -1.0 -1.0 -1.0)
       (n-samples 256)
       (samples 256 0.000000 0.003922 0.007843 0.011765 0.015686 0.019608 0.023529 0.027451 0.031373 0.035294 0.039216 0.043137 0.047059 0.050980 0.054902 0.058824 0.062745 0.066667 0.070588 0.074510 0.078431 0.082353 0.086275 0.090196 0.094118 0.098039 0.101961 0.105882 0.109804 0.113725 0.117647 0.121569 0.125490 0.129412 0.133333 0.137255 0.141176 0.145098 0.149020 0.152941 0.156863 0.160784 0.164706 0.168627 0.172549 0.176471 0.180392 0.184314 0.188235 0.192157 0.196078 0.200000 0.203922 0.207843 0.211765 0.215686 0.219608 0.223529 0.227451 0.231373 0.235294 0.239216 0.243137 0.247059 0.250980 0.254902 0.258824 0.262745 0.266667 0.270588 0.274510 0.278431 0.282353 0.286275 0.290196 0.294118 0.298039 0.301961 0.305882 0.309804 0.313725 0.317647 0.321569 0.325490 0.329412 0.333333 0.337255 0.341176 0.345098 0.349020 0.352941 0.356863 0.360784 0.364706 0.368627 0.372549 0.376471 0.380392 0.384314 0.388235 0.392157 0.396078 0.400000 0.403922 0.407843 0.411765 0.415686 0.419608 0.423529 0.427451 0.431373 0.435294 0.439216 0.443137 0.447059 0.450980 0.454902 0.458824 0.462745 0.466667 0.470588 0.474510 0.478431 0.482353 0.486275 0.490196 0.494118 0.498039 0.501961 0.505882 0.509804 0.513725 0.517647 0.521569 0.525490 0.529412 0.533333 0.537255 0.541176 0.545098 0.549020 0.552941 0.556863 0.560784 0.564706 0.568627 0.572549 0.576471 0.580392 0.584314 0.588235 0.592157 0.596078 0.600000 0.603922 0.607843 0.611765 0.615686 0.619608 0.623529 0.627451 0.631373 0.635294 0.639216 0.643137 0.647059 0.650980 0.654902 0.658824 0.662745 0.666667 0.670588 0.674510 0.678431 0.682353 0.686275 0.690196 0.694118 0.698039 0.701961 0.705882 0.709804 0.713725 0.717647 0.721569 0.725490 0.729412 0.733333 0.737255 0.741176 0.745098 0.749020 0.752941 0.756863 0.760784 0.764706 0.768627 0.772549 0.776471 0.780392 0.784314 0.788235 0.792157 0.796078 0.800000 0.803922 0.807843 0.811765 0.815686 0.819608 0.823529 0.827451 0.831373 0.835294 0.839216 0.843137 0.847059 0.850980 0.854902 0.858824 0.862745 0.866667 0.870588 0.874510 0.878431 0.882353 0.886275 0.890196 0.894118 0.898039 0.901961 0.905882 0.909804 0.913725 0.917647 0.921569 0.925490 0.929412 0.933333 0.937255 0.941176 0.945098 0.949020 0.952941 0.956863 0.960784 0.964706 0.968627 0.972549 0.976471 0.980392 0.984314 0.988235 0.992157 0.996078 1.000000))
(time 0)
(channel red)
(curve
       (curve-type free)
       (n-points 17)
       (points 34 -1.0 -1.0 -1.0 -1.0 -1.0 -1.0 -1.0 -1.0 -1.0 -1.0 -1.0 -1.0 -1.0 -1.0 -1.0 -1.0 -1.0 -1.0 -1.0 -1.0 -1.0 -1.0 -1.0 -1.0 -1.0 -1.0 -1.0 -1.0 -1.0 -1.0 -1.0 -1.0 -1.0 -1.0)
       (n-samples 256)
       (samples 256 0.003922 0.003922 0.003922 0.003922 0.003922 0.003922 0.003922 0.003922 0.003922 0.003922 0.003922 0.003922 0.003922 0.003922 0.003922 0.003922 0.003922 0.003922 0.003922 0.003922 0.003922 0.007843 0.005229 0.007843 0.005392 0.007475 0.010458 0.012532 0.015720 0.017231 0.020161 0.022705 0.024920 0.027930 0.031419 0.033632 0.036688 0.039236 0.043181 0.046191 0.049588 0.052341 0.055508 0.058887 0.062110 0.065049 0.068325 0.071741 0.075192 0.078273 0.081761 0.085282 0.088261 0.091996 0.094995 0.098582 0.101832 0.105844 0.109409 0.111918 0.114976 0.119788 0.122509 0.126498 0.130539 0.133307 0.136634 0.140310 0.144354 0.148108 0.151677 0.155756 0.159551 0.162456 0.167286 0.170290 0.174199 0.177860 0.182481 0.186070 0.189517 0.192894 0.197738 0.201393 0.205098 0.208817 0.212900 0.215995 0.220808 0.224197 0.227890 0.231355 0.236390 0.240430 0.243708 0.247433 0.251489 0.254763 0.258644 0.263606 0.267368 0.271376 0.274850 0.279601 0.283225 0.287944 0.292092 0.295349 0.298821 0.303493 0.307688 0.312207 0.315395 0.320400 0.324834 0.328024 0.332658 0.336638 0.340913 0.345300 0.349903 0.353964 0.357622 0.362184 0.367091 0.372201 0.376247 0.380040 0.384743 0.388382 0.394346 0.396659 0.401685 0.405021 0.409008 0.411937 0.415222 0.419899 0.422839 0.427537 0.431475 0.435131 0.439777 0.443785 0.447515 0.450898 0.456274 0.460322 0.463183 0.468341 0.472622 0.476816 0.482479 0.485597 0.490287 0.493988 0.498637 0.503346 0.505966 0.511189 0.516314 0.519692 0.524789 0.528733 0.533045 0.537712 0.543154 0.546391 0.551952 0.556291 0.560867 0.565311 0.569264 0.575157 0.579499 0.582895 0.589097 0.595326 0.598912 0.604155 0.609564 0.614478 0.618957 0.626297 0.627185 0.634786 0.637363 0.643409 0.649266 0.652701 0.659747 0.662220 0.668341 0.673306 0.679400 0.686279 0.688577 0.692869 0.698093 0.704696 0.712885 0.716147 0.722579 0.729759 0.735735 0.739274 0.745808 0.754223 0.761374 0.768136 0.774687 0.782017 0.789258 0.795266 0.801233 0.807022 0.814054 0.821657 0.828408 0.834792 0.840661 0.846822 0.852409 0.858164 0.863430 0.868873 0.874194 0.881165 0.889042 0.896078 0.901166 0.905307 0.910015 0.915191 0.919912 0.924943 0.928515 0.933478 0.937597 0.943055 0.947657 0.953111 0.958253 0.962381 0.966004 0.971867 0.977605 0.980803 0.983124 0.988825 0.992331 0.991547 0.986765 0.998693 0.991176 0.993137))
(time 0)
(channel green)
(curve
       (curve-type free)
       (n-points 17)
       (points 34 -1.0 -1.0 -1.0 -1.0 -1.0 -1.0 -1.0 -1.0 -1.0 -1.0 -1.0 -1.0 -1.0 -1.0 -1.0 -1.0 -1.0 -1.0 -1.0 -1.0 -1.0 -1.0 -1.0 -1.0 -1.0 -1.0 -1.0 -1.0 -1.0 -1.0 -1.0 -1.0 -1.0 -1.0)
       (n-samples 256)
       (samples 256 0.000784 0.000784 0.000784 0.000784 0.000784 0.000784 0.000784 0.000784 0.000784 0.000784 0.000784 0.000784 0.000784 0.000784 0.000784 0.000784 0.000784 0.000784 0.000784 0.000784 0.003361 0.007487 0.003090 0.002869 0.003540 0.004342 0.005847 0.006477 0.009514 0.012099 0.014383 0.016406 0.019320 0.022225 0.025535 0.027569 0.031409 0.034233 0.037276 0.040823 0.043576 0.047209 0.050430 0.053913 0.057315 0.060392 0.063717 0.066560 0.070158 0.073667 0.076655 0.080284 0.083447 0.087111 0.090388 0.093933 0.097845 0.101249 0.104572 0.108474 0.112355 0.116335 0.119373 0.122822 0.127080 0.130483 0.134878 0.138527 0.142769 0.146892 0.150405 0.154493 0.158319 0.161805 0.165956 0.170709 0.173918 0.178112 0.182763 0.186056 0.190796 0.193032 0.197401 0.201465 0.205892 0.208762 0.213518 0.217157 0.221112 0.224341 0.228768 0.233185 0.236788 0.241364 0.244848 0.248686 0.253812 0.257478 0.261546 0.265745 0.269246 0.274489 0.277053 0.281084 0.286170 0.290192 0.293522 0.298414 0.302816 0.307520 0.311482 0.315755 0.319298 0.324599 0.328430 0.333075 0.337368 0.341383 0.345830 0.350877 0.354894 0.359245 0.364850 0.368351 0.373317 0.378604 0.382407 0.387405 0.391248 0.395757 0.401028 0.404783 0.408745 0.412569 0.418072 0.422626 0.427159 0.431664 0.436071 0.440109 0.444821 0.449172 0.454230 0.459213 0.462520 0.468215 0.472447 0.476663 0.482613 0.486962 0.491370 0.495870 0.499759 0.504580 0.509118 0.513929 0.519872 0.523580 0.528974 0.534348 0.536913 0.541824 0.547709 0.551650 0.560734 0.561802 0.566414 0.569610 0.576634 0.582112 0.588091 0.590018 0.595422 0.600866 0.606203 0.610301 0.614934 0.620616 0.624094 0.631291 0.634798 0.640331 0.647917 0.650922 0.656253 0.661084 0.663525 0.667533 0.675016 0.678917 0.681221 0.688965 0.691235 0.693101 0.701736 0.706825 0.717180 0.718627 0.723346 0.729113 0.735181 0.738221 0.745697 0.750115 0.755818 0.762841 0.766902 0.772221 0.777365 0.782249 0.786905 0.791955 0.797693 0.803904 0.809345 0.814386 0.819321 0.823709 0.828836 0.834357 0.839811 0.844458 0.849057 0.853907 0.858917 0.864288 0.869483 0.874428 0.879610 0.885312 0.890685 0.896690 0.902691 0.908427 0.913789 0.919482 0.925577 0.932279 0.938390 0.943255 0.949494 0.956594 0.963561 0.969796 0.975428 0.964706 0.964706 0.964706 0.964706 0.964706 0.964706 0.964706 0.964706 0.964706 0.964706 0.964706))
(time 0)
(channel blue)
(curve
       (curve-type free)
       (n-points 17)
       (points 34 -1.0 -1.0 -1.0 -1.0 -1.0 -1.0 -1.0 -1.0 -1.0 -1.0 -1.0 -1.0 -1.0 -1.0 -1.0 -1.0 -1.0 -1.0 -1.0 -1.0 -1.0 -1.0 -1.0 -1.0 -1.0 -1.0 -1.0 -1.0 -1.0 -1.0 -1.0 -1.0 -1.0 -1.0)
       (n-samples 256)
       (samples 256 0.003922 0.003922 0.003922 0.003922 0.003922 0.003922 0.003922 0.003922 0.003922 0.000000 0.000000 0.000000 0.000000 0.000000 0.000000 0.000261 0.003922 0.000461 0.003017 0.000682 0.000392 0.002262 0.002314 0.004105 0.003456 0.006261 0.005906 0.008922 0.008148 0.011707 0.014122 0.016029 0.018958 0.022573 0.024982 0.027680 0.030434 0.033123 0.037369 0.039611 0.043688 0.047849 0.050529 0.054458 0.057667 0.060691 0.064001 0.067536 0.070982 0.074637 0.078127 0.081919 0.085432 0.088698 0.092155 0.095445 0.098972 0.103208 0.107221 0.110915 0.115004 0.119427 0.122932 0.126840 0.130615 0.134833 0.139434 0.143100 0.147093 0.151374 0.155046 0.159838 0.163356 0.166821 0.171836 0.175371 0.179038 0.182309 0.186913 0.191179 0.195905 0.199453 0.203728 0.206885 0.212568 0.216141 0.219474 0.224549 0.229822 0.233368 0.238041 0.242906 0.246897 0.251579 0.256472 0.260327 0.264454 0.269331 0.274625 0.279170 0.283120 0.289177 0.294881 0.298790 0.303938 0.308555 0.314541 0.319206 0.323201 0.326655 0.330391 0.335085 0.338610 0.342981 0.348074 0.353684 0.356772 0.362434 0.365934 0.370797 0.374965 0.379810 0.383575 0.388581 0.392211 0.396691 0.399995 0.402073 0.408623 0.412899 0.418394 0.422074 0.425589 0.431188 0.435971 0.440088 0.444293 0.448162 0.454142 0.457223 0.461341 0.464654 0.469922 0.474965 0.482546 0.485679 0.489818 0.494636 0.499701 0.502344 0.508042 0.511942 0.518473 0.521637 0.524562 0.530094 0.533551 0.541587 0.543597 0.548176 0.553864 0.556584 0.559028 0.567670 0.570036 0.574425 0.579483 0.583706 0.591089 0.593894 0.599740 0.604989 0.606464 0.614434 0.619817 0.621991 0.624473 0.634534 0.638232 0.641572 0.644250 0.653709 0.656509 0.659590 0.665260 0.670318 0.674927 0.676501 0.685666 0.689459 0.692764 0.699222 0.705916 0.709700 0.715188 0.720498 0.726664 0.728885 0.734307 0.739462 0.747151 0.751894 0.754808 0.760212 0.766380 0.771160 0.775875 0.781434 0.786256 0.791420 0.796899 0.802813 0.808315 0.812207 0.818521 0.822735 0.827117 0.832419 0.837843 0.843475 0.849403 0.855076 0.861379 0.867070 0.872426 0.877211 0.882739 0.887517 0.892731 0.897635 0.902724 0.908120 0.912086 0.916722 0.922860 0.927065 0.933286 0.938208 0.941501 0.943648 0.945648 0.949273 0.953458 0.956965 0.960084 0.961172 0.962687 0.964371 0.964725 0.964004 0.967914 0.967914 0.967914 0.967914 0.967914 0.967914))
(time 0)
(channel alpha)
(curve
       (curve-type free)
       (n-points 17)
       (points 34 -1.0 -1.0 -1.0 -1.0 -1.0 -1.0 -1.0 -1.0 -1.0 -1.0 -1.0 -1.0 -1.0 -1.0 -1.0 -1.0 -1.0 -1.0 -1.0 -1.0 -1.0 -1.0 -1.0 -1.0 -1.0 -1.0 -1.0 -1.0 -1.0 -1.0 -1.0 -1.0 -1.0 -1.0)
       (n-samples 256)
       (samples 256 0.000000 0.003922 0.007843 0.011765 0.015686 0.019608 0.023529 0.027451 0.031373 0.035294 0.039216 0.043137 0.047059 0.050980 0.054902 0.058824 0.062745 0.066667 0.070588 0.074510 0.078431 0.082353 0.086275 0.090196 0.094118 0.098039 0.101961 0.105882 0.109804 0.113725 0.117647 0.121569 0.125490 0.129412 0.133333 0.137255 0.141176 0.145098 0.149020 0.152941 0.156863 0.160784 0.164706 0.168627 0.172549 0.176471 0.180392 0.184314 0.188235 0.192157 0.196078 0.200000 0.203922 0.207843 0.211765 0.215686 0.219608 0.223529 0.227451 0.231373 0.235294 0.239216 0.243137 0.247059 0.250980 0.254902 0.258824 0.262745 0.266667 0.270588 0.274510 0.278431 0.282353 0.286275 0.290196 0.294118 0.298039 0.301961 0.305882 0.309804 0.313725 0.317647 0.321569 0.325490 0.329412 0.333333 0.337255 0.341176 0.345098 0.349020 0.352941 0.356863 0.360784 0.364706 0.368627 0.372549 0.376471 0.380392 0.384314 0.388235 0.392157 0.396078 0.400000 0.403922 0.407843 0.411765 0.415686 0.419608 0.423529 0.427451 0.431373 0.435294 0.439216 0.443137 0.447059 0.450980 0.454902 0.458824 0.462745 0.466667 0.470588 0.474510 0.478431 0.482353 0.486275 0.490196 0.494118 0.498039 0.501961 0.505882 0.509804 0.513725 0.517647 0.521569 0.525490 0.529412 0.533333 0.537255 0.541176 0.545098 0.549020 0.552941 0.556863 0.560784 0.564706 0.568627 0.572549 0.576471 0.580392 0.584314 0.588235 0.592157 0.596078 0.600000 0.603922 0.607843 0.611765 0.615686 0.619608 0.623529 0.627451 0.631373 0.635294 0.639216 0.643137 0.647059 0.650980 0.654902 0.658824 0.662745 0.666667 0.670588 0.674510 0.678431 0.682353 0.686275 0.690196 0.694118 0.698039 0.701961 0.705882 0.709804 0.713725 0.717647 0.721569 0.725490 0.729412 0.733333 0.737255 0.741176 0.745098 0.749020 0.752941 0.756863 0.760784 0.764706 0.768627 0.772549 0.776471 0.780392 0.784314 0.788235 0.792157 0.796078 0.800000 0.803922 0.807843 0.811765 0.815686 0.819608 0.823529 0.827451 0.831373 0.835294 0.839216 0.843137 0.847059 0.850980 0.854902 0.858824 0.862745 0.866667 0.870588 0.874510 0.878431 0.882353 0.886275 0.890196 0.894118 0.898039 0.901961 0.905882 0.909804 0.913725 0.917647 0.921569 0.925490 0.929412 0.933333 0.937255 0.941176 0.945098 0.949020 0.952941 0.956863 0.960784 0.964706 0.968627 0.972549 0.976471 0.980392 0.984314 0.988235 0.992157 0.996078 1.000000))
# end of curves tool settings
