# GIMP curves tool settings
(time 0)
(channel value)
(curve
   (curve-type smooth)
   (n-points 17)
   (points 34 -1.0 -1.0 -1.0 -1.0 -1.0 -1.0 -1.0 -1.0 -1.0 -1.0 -1.0 -1.0 -1.0 -1.0 -1.0 -1.0 -1.0 -1.0 -1.0 -1.0 -1.0 -1.0 -1.0 -1.0 -1.0 -1.0 -1.0 -1.0 -1.0 -1.0 -1.0 -1.0 -1.0 -1.0)
(n-samples 256)
(samples 256  0.000000 0.003922 0.007843 0.011765 0.015686 0.019608 0.023529 0.027451 0.031373 0.035294 0.039216 0.043137 0.047059 0.050980 0.054902 0.058824 0.062745 0.066667 0.070588 0.074510 0.078431 0.082353 0.086275 0.090196 0.094118 0.098039 0.101961 0.105882 0.109804 0.113725 0.117647 0.121569 0.125490 0.129412 0.133333 0.137255 0.141176 0.145098 0.149020 0.152941 0.156863 0.160784 0.164706 0.168627 0.172549 0.176471 0.180392 0.184314 0.188235 0.192157 0.196078 0.200000 0.203922 0.207843 0.211765 0.215686 0.219608 0.223529 0.227451 0.231373 0.235294 0.239216 0.243137 0.247059 0.250980 0.254902 0.258824 0.262745 0.266667 0.270588 0.274510 0.278431 0.282353 0.286275 0.290196 0.294118 0.298039 0.301961 0.305882 0.309804 0.313725 0.317647 0.321569 0.325490 0.329412 0.333333 0.337255 0.341176 0.345098 0.349020 0.352941 0.356863 0.360784 0.364706 0.368627 0.372549 0.376471 0.380392 0.384314 0.388235 0.392157 0.396078 0.400000 0.403922 0.407843 0.411765 0.415686 0.419608 0.423529 0.427451 0.431373 0.435294 0.439216 0.443137 0.447059 0.450980 0.454902 0.458824 0.462745 0.466667 0.470588 0.474510 0.478431 0.482353 0.486275 0.490196 0.494118 0.498039 0.501961 0.505882 0.509804 0.513725 0.517647 0.521569 0.525490 0.529412 0.533333 0.537255 0.541176 0.545098 0.549020 0.552941 0.556863 0.560784 0.564706 0.568627 0.572549 0.576471 0.580392 0.584314 0.588235 0.592157 0.596078 0.600000 0.603922 0.607843 0.611765 0.615686 0.619608 0.623529 0.627451 0.631373 0.635294 0.639216 0.643137 0.647059 0.650980 0.654902 0.658824 0.662745 0.666667 0.670588 0.674510 0.678431 0.682353 0.686275 0.690196 0.694118 0.698039 0.701961 0.705882 0.709804 0.713725 0.717647 0.721569 0.725490 0.729412 0.733333 0.737255 0.741176 0.745098 0.749020 0.752941 0.756863 0.760784 0.764706 0.768627 0.772549 0.776471 0.780392 0.784314 0.788235 0.792157 0.796078 0.800000 0.803922 0.807843 0.811765 0.815686 0.819608 0.823529 0.827451 0.831373 0.835294 0.839216 0.843137 0.847059 0.850980 0.854902 0.858824 0.862745 0.866667 0.870588 0.874510 0.878431 0.882353 0.886275 0.890196 0.894118 0.898039 0.901961 0.905882 0.909804 0.913725 0.917647 0.921569 0.925490 0.929412 0.933333 0.937255 0.941176 0.945098 0.949020 0.952941 0.956863 0.960784 0.964706 0.968627 0.972549 0.976471 0.980392 0.984314 0.988235 0.992157 0.996078 1.000000))
(time 0)
(channel red)
(curve
   (curve-type smooth)
   (n-points 17)
   (points 34 -1.0 -1.0 -1.0 -1.0 -1.0 -1.0 -1.0 -1.0 -1.0 -1.0 -1.0 -1.0 -1.0 -1.0 -1.0 -1.0 -1.0 -1.0 -1.0 -1.0 -1.0 -1.0 -1.0 -1.0 -1.0 -1.0 -1.0 -1.0 -1.0 -1.0 -1.0 -1.0 -1.0 -1.0)
(n-samples 256)
(samples 256  0.001243 0.001605 0.002350 0.003608 0.005318 0.007246 0.008865 0.011317 0.013752 0.016056 0.018602 0.020878 0.023055 0.025751 0.028876 0.031348 0.033690 0.036226 0.038709 0.041180 0.043940 0.046338 0.048997 0.052104 0.054611 0.057731 0.060058 0.062918 0.065999 0.069061 0.072113 0.075055 0.077714 0.081202 0.084454 0.087558 0.090787 0.094287 0.097888 0.101052 0.104605 0.108547 0.112247 0.115736 0.119424 0.123051 0.127349 0.131346 0.135713 0.139357 0.143652 0.148105 0.152020 0.156602 0.160468 0.165744 0.169507 0.174298 0.178905 0.183564 0.188096 0.192543 0.197370 0.202613 0.207356 0.212184 0.217072 0.222152 0.226628 0.231990 0.237158 0.242015 0.247215 0.252533 0.257490 0.262886 0.267934 0.272959 0.278340 0.283662 0.288832 0.294125 0.299297 0.305302 0.310555 0.316213 0.321479 0.326929 0.331905 0.337089 0.342222 0.348076 0.353287 0.358534 0.364264 0.369459 0.374660 0.379956 0.385645 0.390953 0.396954 0.401956 0.408272 0.413585 0.418536 0.424200 0.429879 0.435282 0.440573 0.445909 0.451849 0.457124 0.462819 0.468148 0.473891 0.479358 0.484563 0.490220 0.495732 0.500662 0.505979 0.511340 0.516674 0.521971 0.527424 0.532393 0.538033 0.543422 0.548694 0.553789 0.559333 0.564779 0.570702 0.575361 0.580726 0.586084 0.591394 0.596606 0.601912 0.607218 0.612654 0.617696 0.622929 0.628280 0.633779 0.639067 0.644417 0.649861 0.655047 0.660114 0.664844 0.669949 0.674870 0.679333 0.684413 0.689053 0.694080 0.699058 0.703883 0.708271 0.712677 0.717323 0.721847 0.726458 0.731172 0.735268 0.740254 0.744925 0.749127 0.753341 0.757786 0.762703 0.766597 0.771023 0.775400 0.780485 0.783678 0.788144 0.792815 0.797021 0.801094 0.804713 0.809005 0.813022 0.817261 0.821252 0.825857 0.829573 0.833657 0.837254 0.842067 0.845400 0.848750 0.852355 0.856349 0.859806 0.864245 0.867528 0.871140 0.874831 0.878093 0.881738 0.885352 0.888602 0.892711 0.895259 0.898992 0.902165 0.905521 0.908596 0.912568 0.915547 0.918499 0.922057 0.925361 0.928220 0.931288 0.934887 0.937305 0.941143 0.944194 0.946821 0.949806 0.952978 0.956483 0.958750 0.962410 0.965075 0.968534 0.971128 0.973697 0.976659 0.979720 0.982005 0.985047 0.987705 0.989555 0.991535 0.992568 0.993771 0.994092 0.994591 0.994554 0.994721 0.994603 0.994916 0.994894 0.994745 0.994610 0.994524 0.994702 0.994566 0.994752 0.994843 0.994376 0.994373))
(time 0)
(channel green)
(curve
   (curve-type smooth)
   (n-points 17)
   (points 34 -1.0 -1.0 -1.0 -1.0 -1.0 -1.0 -1.0 -1.0 -1.0 -1.0 -1.0 -1.0 -1.0 -1.0 -1.0 -1.0 -1.0 -1.0 -1.0 -1.0 -1.0 -1.0 -1.0 -1.0 -1.0 -1.0 -1.0 -1.0 -1.0 -1.0 -1.0 -1.0 -1.0 -1.0)
(n-samples 256)
(samples 256  0.001376 0.002002 0.003369 0.005067 0.006725 0.008606 0.010382 0.012422 0.015032 0.017598 0.019600 0.021944 0.024425 0.026830 0.029571 0.032182 0.034565 0.036889 0.039314 0.041432 0.043816 0.046650 0.049539 0.051722 0.054608 0.057494 0.059782 0.062122 0.065060 0.067455 0.071447 0.074313 0.076802 0.079718 0.082718 0.085458 0.088856 0.092218 0.095584 0.098548 0.102178 0.105717 0.108972 0.112810 0.116062 0.119369 0.123027 0.127321 0.131408 0.134839 0.138964 0.142158 0.146933 0.151063 0.154884 0.158673 0.163486 0.167501 0.172022 0.177032 0.180840 0.185110 0.190311 0.194612 0.199537 0.203265 0.207857 0.212791 0.217483 0.222510 0.226521 0.231622 0.238297 0.241985 0.246823 0.252144 0.256331 0.261911 0.266395 0.271486 0.276287 0.281432 0.286314 0.291897 0.297153 0.301368 0.306319 0.310304 0.318250 0.323146 0.327810 0.332763 0.338181 0.342460 0.348004 0.354379 0.358849 0.363091 0.368730 0.374656 0.379328 0.384071 0.389673 0.395500 0.401496 0.405907 0.410902 0.416024 0.420958 0.426305 0.431696 0.437177 0.442326 0.447223 0.451943 0.457472 0.462955 0.467086 0.472221 0.477251 0.482516 0.487714 0.492668 0.497209 0.501770 0.507019 0.512786 0.517398 0.522171 0.526726 0.531896 0.536922 0.542735 0.547168 0.552426 0.556915 0.562061 0.567193 0.571870 0.576680 0.581386 0.586502 0.591712 0.596529 0.600625 0.605744 0.610901 0.615054 0.620553 0.625512 0.629752 0.634102 0.638555 0.643622 0.648933 0.652965 0.657424 0.661861 0.666271 0.670890 0.675664 0.679247 0.683777 0.688074 0.693330 0.697174 0.702607 0.707441 0.710623 0.714531 0.718672 0.723410 0.727768 0.732147 0.735671 0.739712 0.744281 0.748035 0.752258 0.756421 0.759262 0.763311 0.767030 0.771493 0.774964 0.778715 0.782068 0.785089 0.789839 0.793871 0.796815 0.800107 0.804138 0.807697 0.811157 0.815306 0.818202 0.820955 0.825019 0.827730 0.831841 0.835410 0.838060 0.841153 0.844732 0.847803 0.851232 0.854020 0.857826 0.861298 0.863545 0.867027 0.870564 0.873251 0.876400 0.878987 0.881887 0.886166 0.889196 0.891833 0.894760 0.897505 0.900682 0.903470 0.906053 0.908291 0.911944 0.914221 0.917237 0.920661 0.923860 0.926595 0.929313 0.932412 0.935216 0.938973 0.941874 0.944363 0.947876 0.949744 0.953280 0.957278 0.958961 0.962412 0.964984 0.967695 0.971437 0.974659 0.977032 0.980452 0.982788 0.983977 0.988682 0.990527 0.992017 0.993465))
(time 0)
(channel blue)
(curve
   (curve-type smooth)
   (n-points 17)
   (points 34 -1.0 -1.0 -1.0 -1.0 -1.0 -1.0 -1.0 -1.0 -1.0 -1.0 -1.0 -1.0 -1.0 -1.0 -1.0 -1.0 -1.0 -1.0 -1.0 -1.0 -1.0 -1.0 -1.0 -1.0 -1.0 -1.0 -1.0 -1.0 -1.0 -1.0 -1.0 -1.0 -1.0 -1.0)
(n-samples 256)
(samples 256  0.001254 0.001427 0.001956 0.002241 0.003298 0.004348 0.006001 0.007406 0.009363 0.011067 0.013369 0.015646 0.017628 0.019885 0.022457 0.024341 0.026514 0.028875 0.030834 0.033218 0.035156 0.037644 0.039996 0.042577 0.045005 0.047400 0.049665 0.052211 0.054929 0.056886 0.060060 0.062696 0.064994 0.067913 0.070600 0.073227 0.076127 0.078857 0.081622 0.084780 0.088112 0.091032 0.094336 0.097069 0.100843 0.103451 0.107063 0.110176 0.113785 0.117075 0.120731 0.124289 0.128158 0.131918 0.135633 0.139264 0.143120 0.146835 0.150342 0.154516 0.158115 0.161682 0.166145 0.170370 0.175202 0.179041 0.182721 0.186822 0.191195 0.195487 0.200144 0.204399 0.208787 0.213054 0.217561 0.222415 0.226866 0.231516 0.236389 0.241271 0.246183 0.250765 0.255151 0.259628 0.264711 0.269677 0.274785 0.278974 0.283833 0.288074 0.293049 0.297312 0.302991 0.307437 0.312292 0.316991 0.321772 0.326761 0.331730 0.336597 0.341656 0.346665 0.351662 0.356730 0.361973 0.366706 0.372073 0.377388 0.382419 0.387447 0.392515 0.397443 0.402807 0.407781 0.412724 0.417859 0.423365 0.428425 0.433298 0.438193 0.443203 0.448473 0.453568 0.458091 0.462982 0.468061 0.473203 0.477994 0.482714 0.488031 0.492168 0.497091 0.501810 0.506886 0.511760 0.517045 0.521630 0.526224 0.530911 0.535539 0.540078 0.544636 0.549209 0.554347 0.559028 0.563503 0.568987 0.572483 0.577414 0.581911 0.586844 0.591022 0.595630 0.599843 0.604917 0.608789 0.612747 0.617588 0.622461 0.626273 0.630594 0.635017 0.639331 0.643755 0.646987 0.651385 0.656370 0.659968 0.664531 0.668151 0.672196 0.677140 0.680523 0.684884 0.688850 0.692943 0.696683 0.701174 0.704694 0.708846 0.712820 0.717007 0.720214 0.725520 0.729151 0.732773 0.736447 0.740309 0.745507 0.749695 0.753235 0.757246 0.760507 0.765452 0.768683 0.771577 0.775000 0.777867 0.781966 0.784641 0.788013 0.791701 0.793971 0.797680 0.800452 0.804098 0.807703 0.809709 0.812916 0.816684 0.821196 0.824358 0.827576 0.830554 0.833174 0.836251 0.840705 0.846156 0.850787 0.852693 0.856031 0.859703 0.863280 0.868266 0.874585 0.875500 0.881412 0.884774 0.891129 0.893265 0.898963 0.903354 0.905728 0.911958 0.917570 0.921589 0.924208 0.929878 0.931472 0.936737 0.938065 0.945020 0.948998 0.951855 0.954749 0.958572 0.961313 0.966632 0.967314 0.970699 0.972890 0.976477 0.978567 0.981524 0.982592 0.986064))
