# GIMP curves tool settings
(time 0)
(channel value)
(curve
   (curve-type smooth)
   (n-points 17)
   (points 34 -1.0 -1.0 -1.0 -1.0 -1.0 -1.0 -1.0 -1.0 -1.0 -1.0 -1.0 -1.0 -1.0 -1.0 -1.0 -1.0 -1.0 -1.0 -1.0 -1.0 -1.0 -1.0 -1.0 -1.0 -1.0 -1.0 -1.0 -1.0 -1.0 -1.0 -1.0 -1.0 -1.0 -1.0)
(n-samples 256)
(samples 256  0.000000 0.003922 0.007843 0.011765 0.015686 0.019608 0.023529 0.027451 0.031373 0.035294 0.039216 0.043137 0.047059 0.050980 0.054902 0.058824 0.062745 0.066667 0.070588 0.074510 0.078431 0.082353 0.086275 0.090196 0.094118 0.098039 0.101961 0.105882 0.109804 0.113725 0.117647 0.121569 0.125490 0.129412 0.133333 0.137255 0.141176 0.145098 0.149020 0.152941 0.156863 0.160784 0.164706 0.168627 0.172549 0.176471 0.180392 0.184314 0.188235 0.192157 0.196078 0.200000 0.203922 0.207843 0.211765 0.215686 0.219608 0.223529 0.227451 0.231373 0.235294 0.239216 0.243137 0.247059 0.250980 0.254902 0.258824 0.262745 0.266667 0.270588 0.274510 0.278431 0.282353 0.286275 0.290196 0.294118 0.298039 0.301961 0.305882 0.309804 0.313725 0.317647 0.321569 0.325490 0.329412 0.333333 0.337255 0.341176 0.345098 0.349020 0.352941 0.356863 0.360784 0.364706 0.368627 0.372549 0.376471 0.380392 0.384314 0.388235 0.392157 0.396078 0.400000 0.403922 0.407843 0.411765 0.415686 0.419608 0.423529 0.427451 0.431373 0.435294 0.439216 0.443137 0.447059 0.450980 0.454902 0.458824 0.462745 0.466667 0.470588 0.474510 0.478431 0.482353 0.486275 0.490196 0.494118 0.498039 0.501961 0.505882 0.509804 0.513725 0.517647 0.521569 0.525490 0.529412 0.533333 0.537255 0.541176 0.545098 0.549020 0.552941 0.556863 0.560784 0.564706 0.568627 0.572549 0.576471 0.580392 0.584314 0.588235 0.592157 0.596078 0.600000 0.603922 0.607843 0.611765 0.615686 0.619608 0.623529 0.627451 0.631373 0.635294 0.639216 0.643137 0.647059 0.650980 0.654902 0.658824 0.662745 0.666667 0.670588 0.674510 0.678431 0.682353 0.686275 0.690196 0.694118 0.698039 0.701961 0.705882 0.709804 0.713725 0.717647 0.721569 0.725490 0.729412 0.733333 0.737255 0.741176 0.745098 0.749020 0.752941 0.756863 0.760784 0.764706 0.768627 0.772549 0.776471 0.780392 0.784314 0.788235 0.792157 0.796078 0.800000 0.803922 0.807843 0.811765 0.815686 0.819608 0.823529 0.827451 0.831373 0.835294 0.839216 0.843137 0.847059 0.850980 0.854902 0.858824 0.862745 0.866667 0.870588 0.874510 0.878431 0.882353 0.886275 0.890196 0.894118 0.898039 0.901961 0.905882 0.909804 0.913725 0.917647 0.921569 0.925490 0.929412 0.933333 0.937255 0.941176 0.945098 0.949020 0.952941 0.956863 0.960784 0.964706 0.968627 0.972549 0.976471 0.980392 0.984314 0.988235 0.992157 0.996078 1.000000))
(time 0)
(channel red)
(curve
   (curve-type smooth)
   (n-points 17)
   (points 34 -1.0 -1.0 -1.0 -1.0 -1.0 -1.0 -1.0 -1.0 -1.0 -1.0 -1.0 -1.0 -1.0 -1.0 -1.0 -1.0 -1.0 -1.0 -1.0 -1.0 -1.0 -1.0 -1.0 -1.0 -1.0 -1.0 -1.0 -1.0 -1.0 -1.0 -1.0 -1.0 -1.0 -1.0)
(n-samples 256)
(samples 256  0.030519 0.030924 0.032200 0.033355 0.035735 0.037238 0.039417 0.041481 0.042954 0.045397 0.047183 0.050120 0.052649 0.055063 0.057501 0.059847 0.062392 0.065926 0.068627 0.071013 0.073473 0.075485 0.078471 0.081346 0.083847 0.085887 0.090285 0.093252 0.095068 0.096598 0.099486 0.103095 0.107380 0.110838 0.113274 0.115418 0.118171 0.121691 0.124033 0.127126 0.129283 0.133387 0.137265 0.141483 0.145134 0.146602 0.149212 0.152470 0.156155 0.159820 0.161097 0.164225 0.169453 0.174154 0.177571 0.178967 0.181558 0.185830 0.189471 0.192154 0.194790 0.198516 0.201567 0.206140 0.210501 0.214846 0.216262 0.219229 0.223111 0.226763 0.229439 0.230379 0.233109 0.238197 0.242840 0.246736 0.249022 0.252988 0.257107 0.260063 0.263307 0.265351 0.267096 0.270824 0.275799 0.279124 0.282692 0.285929 0.287790 0.293132 0.297920 0.302040 0.304259 0.307584 0.310974 0.315267 0.319550 0.321277 0.322980 0.326346 0.330066 0.333771 0.335233 0.337456 0.340994 0.344560 0.346239 0.349863 0.351319 0.353309 0.355679 0.359747 0.363527 0.366548 0.368770 0.371242 0.374737 0.380124 0.383531 0.386275 0.389694 0.395230 0.399318 0.403543 0.405620 0.408457 0.412912 0.416109 0.420404 0.423119 0.425843 0.427845 0.430585 0.435831 0.439837 0.442236 0.445633 0.448934 0.453051 0.456342 0.459295 0.462038 0.465215 0.467198 0.468958 0.471470 0.474021 0.476644 0.480229 0.484037 0.487899 0.492472 0.496654 0.499995 0.503759 0.508431 0.512441 0.514335 0.519000 0.524004 0.529895 0.534121 0.537009 0.542665 0.545848 0.552333 0.555772 0.560316 0.564694 0.570912 0.576659 0.580249 0.583746 0.587198 0.590894 0.594950 0.598757 0.603549 0.607708 0.612815 0.616525 0.621224 0.629428 0.634338 0.633781 0.637146 0.640958 0.644712 0.649518 0.654019 0.658789 0.663130 0.668587 0.673262 0.678144 0.682876 0.685759 0.689959 0.693148 0.699198 0.703299 0.706815 0.711199 0.716588 0.723154 0.726917 0.731730 0.735412 0.739485 0.742275 0.745891 0.749990 0.755857 0.762061 0.767707 0.771701 0.775279 0.778665 0.780025 0.784624 0.789192 0.794123 0.800859 0.806831 0.811084 0.813814 0.815059 0.819559 0.823710 0.829345 0.833728 0.839718 0.843485 0.849650 0.852146 0.856830 0.858699 0.862880 0.869016 0.874410 0.879454 0.883158 0.885613 0.890604 0.891882 0.893485 0.897801 0.904895 0.909820 0.913928 0.921001 0.924436 0.931606 0.940401 0.955601 0.963337))
(time 0)
(channel green)
(curve
   (curve-type smooth)
   (n-points 17)
   (points 34 -1.0 -1.0 -1.0 -1.0 -1.0 -1.0 -1.0 -1.0 -1.0 -1.0 -1.0 -1.0 -1.0 -1.0 -1.0 -1.0 -1.0 -1.0 -1.0 -1.0 -1.0 -1.0 -1.0 -1.0 -1.0 -1.0 -1.0 -1.0 -1.0 -1.0 -1.0 -1.0 -1.0 -1.0)
(n-samples 256)
(samples 256  0.026143 0.027282 0.029240 0.030234 0.032308 0.033725 0.035137 0.036755 0.038094 0.040652 0.041989 0.043806 0.045900 0.048086 0.050457 0.052262 0.054730 0.056880 0.059083 0.061218 0.063300 0.065975 0.068562 0.070952 0.073343 0.075929 0.078447 0.080411 0.082947 0.084437 0.088097 0.090228 0.092660 0.095619 0.097913 0.100210 0.103171 0.105759 0.108321 0.110169 0.113713 0.116476 0.118778 0.121776 0.124612 0.126865 0.129774 0.132273 0.135141 0.137827 0.140085 0.142574 0.146260 0.148925 0.151448 0.154250 0.158015 0.160608 0.163098 0.165965 0.168400 0.170943 0.174862 0.177171 0.180294 0.182532 0.185196 0.188923 0.191513 0.194445 0.197057 0.199920 0.203105 0.206251 0.209448 0.212025 0.215177 0.217872 0.221291 0.223157 0.226535 0.229429 0.232467 0.235283 0.237922 0.241345 0.243407 0.245571 0.249965 0.253234 0.256084 0.258961 0.262066 0.264653 0.267691 0.270852 0.274014 0.276745 0.279652 0.282604 0.285699 0.287918 0.290936 0.294004 0.297201 0.300033 0.303703 0.307707 0.310396 0.313067 0.317282 0.321082 0.324916 0.327631 0.330261 0.333383 0.336495 0.339035 0.341584 0.344306 0.347428 0.350305 0.353631 0.357107 0.359960 0.363579 0.367741 0.371276 0.375776 0.379423 0.382951 0.387202 0.390522 0.394779 0.397671 0.402119 0.405922 0.409047 0.412118 0.416807 0.419742 0.423970 0.427946 0.430894 0.434436 0.438735 0.442483 0.445163 0.448545 0.452429 0.456044 0.459803 0.463887 0.467422 0.471809 0.474971 0.478692 0.481645 0.486325 0.489910 0.493516 0.496569 0.500192 0.502095 0.506803 0.512751 0.516640 0.518764 0.521926 0.526125 0.530115 0.534763 0.538534 0.542899 0.546147 0.549671 0.553887 0.558290 0.562088 0.566021 0.569572 0.573155 0.578003 0.581757 0.585643 0.589735 0.592686 0.596253 0.601588 0.606642 0.610477 0.614564 0.618721 0.624009 0.628256 0.632024 0.637071 0.640389 0.646457 0.649617 0.654456 0.659902 0.663866 0.668658 0.671727 0.676970 0.682803 0.687138 0.692470 0.696992 0.700164 0.705666 0.709247 0.715933 0.721364 0.725462 0.730217 0.737526 0.742024 0.747411 0.752579 0.757960 0.764227 0.770493 0.776026 0.781277 0.787561 0.792199 0.797137 0.804378 0.808271 0.813128 0.818577 0.822340 0.827243 0.835150 0.837889 0.844039 0.851051 0.854945 0.859775 0.866673 0.871484 0.877005 0.881662 0.886171 0.891694 0.897864 0.902226 0.908011 0.910809 0.914996 0.921786 0.928386 0.936518 0.940007))
(time 0)
(channel blue)
(curve
   (curve-type smooth)
   (n-points 17)
   (points 34 -1.0 -1.0 -1.0 -1.0 -1.0 -1.0 -1.0 -1.0 -1.0 -1.0 -1.0 -1.0 -1.0 -1.0 -1.0 -1.0 -1.0 -1.0 -1.0 -1.0 -1.0 -1.0 -1.0 -1.0 -1.0 -1.0 -1.0 -1.0 -1.0 -1.0 -1.0 -1.0 -1.0 -1.0)
(n-samples 256)
(samples 256  0.002959 0.003429 0.004021 0.004390 0.005502 0.006459 0.008039 0.009574 0.011336 0.013416 0.015944 0.018004 0.020859 0.023169 0.025968 0.028064 0.030549 0.033562 0.035899 0.038337 0.041199 0.043880 0.046901 0.049555 0.052320 0.054994 0.057859 0.060746 0.063698 0.066402 0.069344 0.072497 0.075689 0.078371 0.081741 0.084318 0.087461 0.089966 0.092970 0.096380 0.099422 0.102476 0.105819 0.108589 0.112220 0.114412 0.118016 0.120339 0.124623 0.127826 0.130742 0.134236 0.137346 0.140771 0.144341 0.146745 0.149945 0.152864 0.155793 0.159198 0.162353 0.164646 0.167556 0.171549 0.175132 0.178698 0.181065 0.183923 0.187694 0.190926 0.194422 0.197250 0.200429 0.203905 0.207469 0.211279 0.214667 0.217789 0.221880 0.225614 0.229342 0.232075 0.235530 0.238821 0.242479 0.246305 0.249471 0.252158 0.255542 0.258269 0.261989 0.264742 0.268362 0.271054 0.274303 0.278091 0.281004 0.284901 0.287952 0.291221 0.295495 0.298591 0.302034 0.305325 0.309013 0.312595 0.316370 0.319779 0.323648 0.326396 0.330080 0.334018 0.337601 0.340515 0.344411 0.347809 0.351874 0.355211 0.357986 0.361512 0.364207 0.367812 0.371126 0.374249 0.376752 0.380060 0.383631 0.386377 0.389949 0.393176 0.395863 0.398869 0.401276 0.404764 0.406976 0.410773 0.413148 0.415738 0.418957 0.421728 0.424460 0.427518 0.429882 0.433261 0.436296 0.438493 0.441933 0.444291 0.446779 0.449729 0.452864 0.455381 0.457882 0.460177 0.462889 0.465535 0.467998 0.470487 0.473979 0.476454 0.479237 0.481489 0.484349 0.486984 0.489656 0.492212 0.494694 0.497517 0.500573 0.503076 0.505036 0.509046 0.511171 0.514250 0.517319 0.519761 0.522539 0.525321 0.528205 0.531370 0.534203 0.536992 0.539491 0.542744 0.546204 0.549183 0.552617 0.555163 0.558364 0.562386 0.564826 0.568476 0.572362 0.576016 0.579630 0.583024 0.586865 0.591329 0.594595 0.599335 0.603207 0.607440 0.611114 0.615694 0.619768 0.623955 0.628833 0.633372 0.637672 0.641756 0.646322 0.651576 0.657119 0.660030 0.665592 0.670501 0.675523 0.682131 0.686320 0.692545 0.697786 0.702772 0.709281 0.716012 0.720753 0.727189 0.733409 0.738210 0.744955 0.751814 0.756101 0.764828 0.770043 0.775261 0.782395 0.788969 0.796784 0.800624 0.807490 0.813577 0.819697 0.828302 0.833588 0.842115 0.847135 0.853790 0.859848 0.865866 0.873664 0.878188 0.885344 0.890884 0.898455 0.902277 0.908156 0.912691))
