# GIMP curves tool settings
(time 0)
(channel value)
(curve
   (curve-type smooth)
   (n-points 17)
   (points 34 -1.0 -1.0 -1.0 -1.0 -1.0 -1.0 -1.0 -1.0 -1.0 -1.0 -1.0 -1.0 -1.0 -1.0 -1.0 -1.0 -1.0 -1.0 -1.0 -1.0 -1.0 -1.0 -1.0 -1.0 -1.0 -1.0 -1.0 -1.0 -1.0 -1.0 -1.0 -1.0 -1.0 -1.0)
(n-samples 256)
(samples 256  0.000000 0.003922 0.007843 0.011765 0.015686 0.019608 0.023529 0.027451 0.031373 0.035294 0.039216 0.043137 0.047059 0.050980 0.054902 0.058824 0.062745 0.066667 0.070588 0.074510 0.078431 0.082353 0.086275 0.090196 0.094118 0.098039 0.101961 0.105882 0.109804 0.113725 0.117647 0.121569 0.125490 0.129412 0.133333 0.137255 0.141176 0.145098 0.149020 0.152941 0.156863 0.160784 0.164706 0.168627 0.172549 0.176471 0.180392 0.184314 0.188235 0.192157 0.196078 0.200000 0.203922 0.207843 0.211765 0.215686 0.219608 0.223529 0.227451 0.231373 0.235294 0.239216 0.243137 0.247059 0.250980 0.254902 0.258824 0.262745 0.266667 0.270588 0.274510 0.278431 0.282353 0.286275 0.290196 0.294118 0.298039 0.301961 0.305882 0.309804 0.313725 0.317647 0.321569 0.325490 0.329412 0.333333 0.337255 0.341176 0.345098 0.349020 0.352941 0.356863 0.360784 0.364706 0.368627 0.372549 0.376471 0.380392 0.384314 0.388235 0.392157 0.396078 0.400000 0.403922 0.407843 0.411765 0.415686 0.419608 0.423529 0.427451 0.431373 0.435294 0.439216 0.443137 0.447059 0.450980 0.454902 0.458824 0.462745 0.466667 0.470588 0.474510 0.478431 0.482353 0.486275 0.490196 0.494118 0.498039 0.501961 0.505882 0.509804 0.513725 0.517647 0.521569 0.525490 0.529412 0.533333 0.537255 0.541176 0.545098 0.549020 0.552941 0.556863 0.560784 0.564706 0.568627 0.572549 0.576471 0.580392 0.584314 0.588235 0.592157 0.596078 0.600000 0.603922 0.607843 0.611765 0.615686 0.619608 0.623529 0.627451 0.631373 0.635294 0.639216 0.643137 0.647059 0.650980 0.654902 0.658824 0.662745 0.666667 0.670588 0.674510 0.678431 0.682353 0.686275 0.690196 0.694118 0.698039 0.701961 0.705882 0.709804 0.713725 0.717647 0.721569 0.725490 0.729412 0.733333 0.737255 0.741176 0.745098 0.749020 0.752941 0.756863 0.760784 0.764706 0.768627 0.772549 0.776471 0.780392 0.784314 0.788235 0.792157 0.796078 0.800000 0.803922 0.807843 0.811765 0.815686 0.819608 0.823529 0.827451 0.831373 0.835294 0.839216 0.843137 0.847059 0.850980 0.854902 0.858824 0.862745 0.866667 0.870588 0.874510 0.878431 0.882353 0.886275 0.890196 0.894118 0.898039 0.901961 0.905882 0.909804 0.913725 0.917647 0.921569 0.925490 0.929412 0.933333 0.937255 0.941176 0.945098 0.949020 0.952941 0.956863 0.960784 0.964706 0.968627 0.972549 0.976471 0.980392 0.984314 0.988235 0.992157 0.996078 1.000000))
(time 0)
(channel red)
(curve
   (curve-type smooth)
   (n-points 17)
   (points 34 -1.0 -1.0 -1.0 -1.0 -1.0 -1.0 -1.0 -1.0 -1.0 -1.0 -1.0 -1.0 -1.0 -1.0 -1.0 -1.0 -1.0 -1.0 -1.0 -1.0 -1.0 -1.0 -1.0 -1.0 -1.0 -1.0 -1.0 -1.0 -1.0 -1.0 -1.0 -1.0 -1.0 -1.0)
(n-samples 256)
(samples 256  0.001066 0.001321 0.001673 0.002266 0.003242 0.004247 0.005199 0.006500 0.007879 0.009562 0.010921 0.012553 0.014465 0.015920 0.017705 0.019758 0.021533 0.023206 0.024873 0.026816 0.028748 0.030488 0.032957 0.034874 0.037186 0.039303 0.041249 0.043385 0.045903 0.048333 0.051223 0.053288 0.055474 0.058189 0.060925 0.063739 0.066662 0.069821 0.072982 0.075869 0.079189 0.082665 0.085900 0.089390 0.092838 0.096196 0.100013 0.103948 0.107865 0.111923 0.116082 0.119984 0.123940 0.127939 0.132119 0.137055 0.141174 0.145637 0.150172 0.154813 0.159608 0.164456 0.168812 0.173985 0.178352 0.183183 0.188400 0.193293 0.197861 0.203530 0.208454 0.214290 0.220183 0.224727 0.230039 0.234919 0.240184 0.245640 0.250761 0.257067 0.261829 0.267836 0.273673 0.279561 0.284759 0.290340 0.296118 0.302120 0.307419 0.312455 0.317727 0.323558 0.329397 0.334962 0.340596 0.345708 0.351396 0.356947 0.363564 0.369277 0.375612 0.381136 0.387931 0.393752 0.399164 0.405207 0.411310 0.416978 0.422491 0.429119 0.435263 0.440974 0.447091 0.452644 0.458890 0.465474 0.470862 0.476433 0.481556 0.487710 0.493061 0.498061 0.503782 0.509428 0.515445 0.521538 0.526613 0.532561 0.538164 0.543698 0.549702 0.556457 0.561966 0.567075 0.572745 0.578944 0.584733 0.590024 0.595527 0.601114 0.607169 0.613127 0.618730 0.624656 0.631202 0.637348 0.643300 0.648826 0.654441 0.660362 0.665072 0.669883 0.675288 0.680172 0.685559 0.689939 0.695131 0.701000 0.705449 0.709779 0.713282 0.718422 0.723465 0.727988 0.732864 0.736416 0.741981 0.746310 0.750303 0.753969 0.758274 0.764106 0.767482 0.772419 0.776963 0.781516 0.786003 0.790205 0.794628 0.798524 0.803043 0.806658 0.809999 0.814162 0.819921 0.823991 0.828375 0.832729 0.836658 0.840052 0.844300 0.847501 0.850590 0.854743 0.858581 0.861031 0.865616 0.869024 0.872940 0.875943 0.879361 0.882955 0.886408 0.888982 0.891655 0.894232 0.897585 0.901003 0.903640 0.906442 0.909966 0.912681 0.915488 0.917032 0.919217 0.922579 0.924643 0.927036 0.930296 0.932798 0.935037 0.937414 0.939320 0.941158 0.942494 0.945372 0.948247 0.950455 0.952456 0.954292 0.956430 0.957657 0.959268 0.961014 0.963259 0.964780 0.967283 0.969100 0.970220 0.971610 0.973989 0.975381 0.977408 0.978437 0.980328 0.982946 0.983531 0.985402 0.986396 0.987349 0.988199 0.989160 0.989999 0.990433 0.990846 0.992037))
(time 0)
(channel green)
(curve
   (curve-type smooth)
   (n-points 17)
   (points 34 -1.0 -1.0 -1.0 -1.0 -1.0 -1.0 -1.0 -1.0 -1.0 -1.0 -1.0 -1.0 -1.0 -1.0 -1.0 -1.0 -1.0 -1.0 -1.0 -1.0 -1.0 -1.0 -1.0 -1.0 -1.0 -1.0 -1.0 -1.0 -1.0 -1.0 -1.0 -1.0 -1.0 -1.0)
(n-samples 256)
(samples 256  0.001072 0.001429 0.002106 0.002987 0.004143 0.005210 0.006258 0.007761 0.009445 0.011070 0.012562 0.014311 0.016109 0.018062 0.020028 0.021643 0.023838 0.025373 0.027054 0.028737 0.030648 0.032915 0.035126 0.036902 0.038921 0.041573 0.043362 0.045487 0.047796 0.049736 0.053499 0.055684 0.057829 0.060335 0.062912 0.065698 0.068585 0.071597 0.074949 0.077586 0.081371 0.084540 0.087705 0.091219 0.094479 0.097581 0.101372 0.106008 0.109797 0.113176 0.117219 0.121266 0.125896 0.129674 0.133540 0.137513 0.142491 0.146690 0.151221 0.156441 0.160507 0.164938 0.170479 0.175131 0.179797 0.183840 0.188786 0.194281 0.199134 0.204030 0.209163 0.214430 0.221357 0.225732 0.231012 0.236583 0.241230 0.247079 0.252120 0.257273 0.262525 0.268092 0.273591 0.279786 0.285088 0.290224 0.295410 0.300613 0.308677 0.314269 0.319402 0.325140 0.331230 0.336748 0.342618 0.349225 0.354344 0.359384 0.365681 0.372206 0.377455 0.383320 0.389342 0.396044 0.402814 0.407940 0.413849 0.419311 0.424815 0.431155 0.436854 0.442509 0.448969 0.454414 0.459529 0.466201 0.471918 0.476769 0.482200 0.487820 0.493908 0.499704 0.505022 0.510033 0.515304 0.521682 0.527440 0.532509 0.537882 0.543715 0.548617 0.554547 0.560805 0.566583 0.571983 0.577146 0.583414 0.589701 0.594293 0.599642 0.604671 0.610531 0.616617 0.621543 0.626321 0.632550 0.637533 0.642659 0.648597 0.654741 0.659326 0.664288 0.669190 0.674729 0.680490 0.684727 0.689500 0.694564 0.699929 0.705259 0.710255 0.714601 0.719190 0.723888 0.731053 0.735612 0.740909 0.745507 0.750041 0.753941 0.758708 0.763355 0.768732 0.773033 0.777110 0.781773 0.786287 0.790412 0.795524 0.799765 0.803369 0.807047 0.811472 0.815975 0.819865 0.823880 0.827598 0.830899 0.836016 0.840517 0.844058 0.847849 0.851159 0.855426 0.859342 0.862766 0.866613 0.869407 0.873865 0.876229 0.880264 0.883522 0.886856 0.889523 0.892971 0.896117 0.899449 0.901708 0.905395 0.908089 0.910842 0.913889 0.916338 0.918898 0.921529 0.923605 0.925985 0.929645 0.932568 0.934071 0.936315 0.938410 0.940975 0.943494 0.946094 0.947371 0.950573 0.952295 0.954508 0.956463 0.958870 0.960703 0.962587 0.964166 0.966406 0.968807 0.970368 0.972204 0.973665 0.975722 0.977303 0.979753 0.980497 0.982802 0.984753 0.985879 0.988201 0.989749 0.990998 0.992327 0.993332 0.993363 0.993906 0.993956 0.993591 0.993935))
(time 0)
(channel blue)
(curve
   (curve-type smooth)
   (n-points 17)
   (points 34 -1.0 -1.0 -1.0 -1.0 -1.0 -1.0 -1.0 -1.0 -1.0 -1.0 -1.0 -1.0 -1.0 -1.0 -1.0 -1.0 -1.0 -1.0 -1.0 -1.0 -1.0 -1.0 -1.0 -1.0 -1.0 -1.0 -1.0 -1.0 -1.0 -1.0 -1.0 -1.0 -1.0 -1.0)
(n-samples 256)
(samples 256  0.001090 0.001286 0.001600 0.001701 0.002186 0.002600 0.003504 0.004108 0.005054 0.006086 0.007313 0.008773 0.010484 0.011559 0.013333 0.014688 0.016300 0.018073 0.019496 0.021222 0.022540 0.024496 0.026433 0.028372 0.030212 0.031855 0.033904 0.035949 0.038319 0.040040 0.042391 0.044739 0.046857 0.049340 0.051890 0.054048 0.056264 0.059271 0.061613 0.064131 0.067343 0.070106 0.072910 0.075801 0.079360 0.081962 0.085320 0.087820 0.091867 0.095361 0.098400 0.102077 0.105991 0.109612 0.113449 0.117112 0.120761 0.124158 0.127721 0.132052 0.135576 0.138812 0.142725 0.147680 0.152501 0.157097 0.160510 0.164559 0.169051 0.173517 0.178325 0.182641 0.186438 0.191180 0.196342 0.201065 0.206161 0.211195 0.217172 0.222037 0.227573 0.231770 0.237363 0.242058 0.248289 0.253952 0.259104 0.263620 0.269201 0.274108 0.280390 0.285408 0.291142 0.295688 0.301395 0.307680 0.313172 0.319068 0.324159 0.329888 0.336396 0.342424 0.348471 0.353782 0.360200 0.365799 0.372483 0.378669 0.384532 0.390547 0.396128 0.402673 0.408937 0.414923 0.420703 0.426611 0.433058 0.439459 0.445072 0.451080 0.456688 0.463348 0.469181 0.474693 0.479916 0.486012 0.492542 0.497747 0.503876 0.509517 0.514859 0.520189 0.525580 0.531770 0.537443 0.543598 0.548320 0.554132 0.559824 0.565314 0.570910 0.575972 0.581502 0.587211 0.592611 0.598582 0.603769 0.608575 0.614045 0.619691 0.625284 0.630523 0.635477 0.640439 0.645912 0.649885 0.655463 0.660392 0.665552 0.670522 0.676056 0.681250 0.685863 0.691127 0.695764 0.700398 0.705112 0.709835 0.715262 0.720035 0.724531 0.729410 0.733773 0.738701 0.743543 0.748410 0.752916 0.756556 0.761664 0.765861 0.770562 0.775052 0.778753 0.782850 0.788183 0.791548 0.796394 0.800932 0.803947 0.808689 0.812155 0.816432 0.820228 0.824759 0.829242 0.831754 0.836394 0.840451 0.843756 0.847370 0.850689 0.855165 0.857280 0.861507 0.864936 0.866575 0.871089 0.873490 0.876884 0.880129 0.882489 0.886253 0.888808 0.890574 0.893602 0.895448 0.898206 0.902275 0.904339 0.907444 0.909349 0.910649 0.913784 0.916671 0.919054 0.921379 0.923824 0.926334 0.928848 0.930814 0.931758 0.934745 0.936633 0.938703 0.941015 0.942393 0.946514 0.947234 0.949137 0.952857 0.954287 0.958792 0.961202 0.964012 0.964261 0.968663 0.968988 0.974237 0.974213 0.978558 0.980472 0.981665 0.983497 0.986527 0.986752 0.989695))
