# GIMP curves tool settings
(time 0)
(channel value)
(curve
   (curve-type smooth)
   (n-points 17)
   (points 34 -1.0 -1.0 -1.0 -1.0 -1.0 -1.0 -1.0 -1.0 -1.0 -1.0 -1.0 -1.0 -1.0 -1.0 -1.0 -1.0 -1.0 -1.0 -1.0 -1.0 -1.0 -1.0 -1.0 -1.0 -1.0 -1.0 -1.0 -1.0 -1.0 -1.0 -1.0 -1.0 -1.0 -1.0)
(n-samples 256)
(samples 256  0.000000 0.003922 0.007843 0.011765 0.015686 0.019608 0.023529 0.027451 0.031373 0.035294 0.039216 0.043137 0.047059 0.050980 0.054902 0.058824 0.062745 0.066667 0.070588 0.074510 0.078431 0.082353 0.086275 0.090196 0.094118 0.098039 0.101961 0.105882 0.109804 0.113725 0.117647 0.121569 0.125490 0.129412 0.133333 0.137255 0.141176 0.145098 0.149020 0.152941 0.156863 0.160784 0.164706 0.168627 0.172549 0.176471 0.180392 0.184314 0.188235 0.192157 0.196078 0.200000 0.203922 0.207843 0.211765 0.215686 0.219608 0.223529 0.227451 0.231373 0.235294 0.239216 0.243137 0.247059 0.250980 0.254902 0.258824 0.262745 0.266667 0.270588 0.274510 0.278431 0.282353 0.286275 0.290196 0.294118 0.298039 0.301961 0.305882 0.309804 0.313725 0.317647 0.321569 0.325490 0.329412 0.333333 0.337255 0.341176 0.345098 0.349020 0.352941 0.356863 0.360784 0.364706 0.368627 0.372549 0.376471 0.380392 0.384314 0.388235 0.392157 0.396078 0.400000 0.403922 0.407843 0.411765 0.415686 0.419608 0.423529 0.427451 0.431373 0.435294 0.439216 0.443137 0.447059 0.450980 0.454902 0.458824 0.462745 0.466667 0.470588 0.474510 0.478431 0.482353 0.486275 0.490196 0.494118 0.498039 0.501961 0.505882 0.509804 0.513725 0.517647 0.521569 0.525490 0.529412 0.533333 0.537255 0.541176 0.545098 0.549020 0.552941 0.556863 0.560784 0.564706 0.568627 0.572549 0.576471 0.580392 0.584314 0.588235 0.592157 0.596078 0.600000 0.603922 0.607843 0.611765 0.615686 0.619608 0.623529 0.627451 0.631373 0.635294 0.639216 0.643137 0.647059 0.650980 0.654902 0.658824 0.662745 0.666667 0.670588 0.674510 0.678431 0.682353 0.686275 0.690196 0.694118 0.698039 0.701961 0.705882 0.709804 0.713725 0.717647 0.721569 0.725490 0.729412 0.733333 0.737255 0.741176 0.745098 0.749020 0.752941 0.756863 0.760784 0.764706 0.768627 0.772549 0.776471 0.780392 0.784314 0.788235 0.792157 0.796078 0.800000 0.803922 0.807843 0.811765 0.815686 0.819608 0.823529 0.827451 0.831373 0.835294 0.839216 0.843137 0.847059 0.850980 0.854902 0.858824 0.862745 0.866667 0.870588 0.874510 0.878431 0.882353 0.886275 0.890196 0.894118 0.898039 0.901961 0.905882 0.909804 0.913725 0.917647 0.921569 0.925490 0.929412 0.933333 0.937255 0.941176 0.945098 0.949020 0.952941 0.956863 0.960784 0.964706 0.968627 0.972549 0.976471 0.980392 0.984314 0.988235 0.992157 0.996078 1.000000))
(time 0)
(channel red)
(curve
   (curve-type smooth)
   (n-points 17)
   (points 34 -1.0 -1.0 -1.0 -1.0 -1.0 -1.0 -1.0 -1.0 -1.0 -1.0 -1.0 -1.0 -1.0 -1.0 -1.0 -1.0 -1.0 -1.0 -1.0 -1.0 -1.0 -1.0 -1.0 -1.0 -1.0 -1.0 -1.0 -1.0 -1.0 -1.0 -1.0 -1.0 -1.0 -1.0)
(n-samples 256)
(samples 256  0.009111 0.009687 0.010515 0.011855 0.013596 0.013453 0.015131 0.014907 0.015374 0.016681 0.016766 0.018304 0.019578 0.020364 0.020781 0.020553 0.021102 0.021663 0.023087 0.023680 0.023759 0.025419 0.026700 0.026385 0.027703 0.029063 0.030369 0.030622 0.031221 0.033132 0.034631 0.033836 0.035377 0.037690 0.039706 0.041472 0.043184 0.044572 0.045734 0.047560 0.050062 0.051543 0.053593 0.055951 0.057450 0.060103 0.061592 0.065128 0.066629 0.069847 0.072986 0.075103 0.078614 0.081350 0.084928 0.087260 0.091156 0.094497 0.097696 0.101558 0.105959 0.109148 0.113709 0.116221 0.120546 0.125642 0.128737 0.132886 0.136595 0.142139 0.146285 0.149136 0.153276 0.159643 0.165232 0.168874 0.173189 0.179075 0.185117 0.189566 0.195044 0.198134 0.203024 0.209500 0.214380 0.220206 0.224829 0.231812 0.237677 0.243469 0.249827 0.255453 0.261396 0.266483 0.273724 0.280545 0.286890 0.292431 0.298236 0.303970 0.310994 0.316916 0.322314 0.328774 0.335473 0.343472 0.348472 0.355591 0.361615 0.367712 0.375088 0.382194 0.388908 0.395979 0.402669 0.409164 0.416244 0.424379 0.431852 0.438298 0.446634 0.455074 0.464388 0.470497 0.478420 0.484606 0.493559 0.501292 0.508738 0.517021 0.523084 0.530891 0.537609 0.545525 0.553534 0.560421 0.566557 0.573679 0.581273 0.588261 0.595665 0.602011 0.608944 0.614970 0.621076 0.626909 0.634364 0.639165 0.645671 0.651761 0.657616 0.663422 0.670445 0.675812 0.681897 0.687297 0.693374 0.698316 0.704675 0.710195 0.717196 0.721636 0.726159 0.732003 0.738619 0.744024 0.750000 0.753956 0.759442 0.764522 0.769809 0.775708 0.780278 0.783844 0.788121 0.792585 0.797605 0.802266 0.806366 0.809628 0.812460 0.817406 0.821767 0.827144 0.831431 0.833488 0.838007 0.840899 0.845291 0.850021 0.852935 0.855661 0.859359 0.862283 0.864857 0.868943 0.872574 0.877366 0.879901 0.882016 0.885782 0.890049 0.891438 0.894152 0.896774 0.899760 0.902128 0.904968 0.906204 0.910029 0.914157 0.916236 0.917718 0.918555 0.922260 0.926357 0.926094 0.928833 0.929242 0.932917 0.936863 0.938523 0.939660 0.942931 0.943781 0.946224 0.948823 0.950137 0.952286 0.953214 0.955342 0.956759 0.957868 0.959037 0.961305 0.962738 0.964375 0.965932 0.965772 0.967785 0.969294 0.970391 0.970371 0.972993 0.974012 0.974907 0.975769 0.977491 0.977978 0.977707 0.977947 0.978176 0.981414 0.982366 0.983067 0.984150))
(time 0)
(channel green)
(curve
   (curve-type smooth)
   (n-points 17)
   (points 34 -1.0 -1.0 -1.0 -1.0 -1.0 -1.0 -1.0 -1.0 -1.0 -1.0 -1.0 -1.0 -1.0 -1.0 -1.0 -1.0 -1.0 -1.0 -1.0 -1.0 -1.0 -1.0 -1.0 -1.0 -1.0 -1.0 -1.0 -1.0 -1.0 -1.0 -1.0 -1.0 -1.0 -1.0)
(n-samples 256)
(samples 256  0.013263 0.013173 0.013975 0.013684 0.014340 0.013947 0.014998 0.014939 0.015010 0.015727 0.016016 0.017033 0.017444 0.018238 0.019261 0.019309 0.021395 0.022209 0.023142 0.022916 0.023718 0.024351 0.026110 0.026980 0.027194 0.029420 0.030540 0.031139 0.031953 0.034184 0.035678 0.037394 0.037628 0.039149 0.042054 0.043470 0.045879 0.045929 0.049093 0.050262 0.052589 0.054772 0.057414 0.058929 0.062225 0.064134 0.066892 0.069754 0.072223 0.075199 0.077518 0.081167 0.084011 0.087551 0.090212 0.093756 0.098419 0.100743 0.104675 0.108670 0.111156 0.114867 0.119871 0.123501 0.128142 0.132263 0.136058 0.141704 0.146696 0.151073 0.155999 0.159484 0.165260 0.168549 0.172740 0.179510 0.183884 0.189425 0.194014 0.199278 0.205518 0.210906 0.216859 0.222696 0.227077 0.232879 0.238305 0.241536 0.248557 0.256355 0.260477 0.267438 0.272502 0.279096 0.283056 0.291858 0.297572 0.303491 0.311180 0.317533 0.322611 0.328662 0.335643 0.341992 0.347680 0.354857 0.362146 0.369840 0.375647 0.381972 0.388815 0.396421 0.404070 0.412151 0.419506 0.426065 0.434717 0.442019 0.450385 0.457734 0.465933 0.473677 0.480305 0.487947 0.495060 0.503633 0.511554 0.518994 0.525705 0.533520 0.540987 0.548925 0.557356 0.563655 0.571695 0.578125 0.584092 0.592275 0.598429 0.606643 0.611607 0.617984 0.627010 0.632880 0.639340 0.645415 0.652084 0.657324 0.664178 0.671031 0.675433 0.682313 0.688423 0.693192 0.700976 0.706871 0.710762 0.715992 0.721910 0.728765 0.733623 0.738812 0.744231 0.749288 0.755504 0.756276 0.760930 0.767436 0.771536 0.776166 0.782585 0.785165 0.791433 0.796108 0.799869 0.804454 0.808723 0.813760 0.817345 0.820710 0.824435 0.829244 0.833575 0.838860 0.842531 0.844335 0.850107 0.850857 0.857250 0.860317 0.862682 0.864618 0.869335 0.871519 0.875822 0.879230 0.881566 0.885541 0.889156 0.891010 0.893857 0.896331 0.900760 0.902548 0.904873 0.907981 0.910383 0.912722 0.915531 0.917416 0.920181 0.922488 0.924960 0.925715 0.928027 0.930484 0.932948 0.933030 0.936319 0.937790 0.940326 0.941116 0.943557 0.946621 0.948368 0.947393 0.948253 0.951091 0.952547 0.953927 0.953645 0.957068 0.958198 0.958763 0.962849 0.961828 0.964309 0.964016 0.965005 0.966532 0.966358 0.968061 0.969850 0.970941 0.971566 0.973291 0.973937 0.975606 0.976042 0.977114 0.978218 0.979165 0.980573 0.982084 0.983212 0.985054))
(time 0)
(channel blue)
(curve
   (curve-type smooth)
   (n-points 17)
   (points 34 -1.0 -1.0 -1.0 -1.0 -1.0 -1.0 -1.0 -1.0 -1.0 -1.0 -1.0 -1.0 -1.0 -1.0 -1.0 -1.0 -1.0 -1.0 -1.0 -1.0 -1.0 -1.0 -1.0 -1.0 -1.0 -1.0 -1.0 -1.0 -1.0 -1.0 -1.0 -1.0 -1.0 -1.0)
(n-samples 256)
(samples 256  0.008924 0.008791 0.009037 0.008724 0.009708 0.009947 0.010284 0.010790 0.011642 0.012320 0.013276 0.013214 0.013677 0.015105 0.015671 0.016223 0.017039 0.018064 0.019647 0.020151 0.020488 0.022064 0.022693 0.024224 0.025186 0.026419 0.027576 0.028996 0.030184 0.031806 0.033579 0.034837 0.036625 0.037373 0.039558 0.041967 0.042694 0.045100 0.046145 0.049632 0.051961 0.054240 0.056064 0.058826 0.060776 0.063660 0.066520 0.069103 0.071052 0.074339 0.077316 0.081259 0.083968 0.086774 0.089697 0.093427 0.098002 0.101342 0.105647 0.108929 0.112668 0.117420 0.122058 0.125245 0.129102 0.132875 0.138544 0.143744 0.147930 0.152380 0.157674 0.163000 0.167487 0.173388 0.177557 0.182712 0.187790 0.192508 0.197739 0.202907 0.208095 0.214495 0.219842 0.225679 0.230615 0.236192 0.242234 0.249203 0.254850 0.261063 0.266182 0.271977 0.278145 0.285541 0.292603 0.296957 0.302065 0.308861 0.315529 0.322438 0.328643 0.334629 0.341953 0.347777 0.355013 0.361855 0.367451 0.373647 0.380809 0.388792 0.395427 0.401948 0.408672 0.415202 0.422869 0.429645 0.437599 0.444274 0.451785 0.459347 0.466550 0.474824 0.480144 0.487442 0.495585 0.504054 0.511725 0.518236 0.526428 0.533475 0.539450 0.547635 0.555428 0.562506 0.569739 0.576113 0.582985 0.589960 0.597190 0.603903 0.609810 0.615364 0.624882 0.630120 0.634818 0.642171 0.648333 0.654258 0.662050 0.668056 0.672936 0.679206 0.685292 0.691628 0.698743 0.704053 0.707526 0.713490 0.719805 0.726299 0.730674 0.734896 0.738841 0.743755 0.750482 0.757083 0.762483 0.765376 0.769491 0.774474 0.780513 0.785612 0.790284 0.794287 0.796096 0.801555 0.806575 0.810662 0.814743 0.817481 0.822402 0.827983 0.830001 0.834422 0.838480 0.841686 0.843997 0.848180 0.851707 0.856499 0.860171 0.861747 0.864522 0.867320 0.871776 0.874944 0.875752 0.880534 0.883101 0.886353 0.890850 0.890660 0.893776 0.894149 0.898965 0.900872 0.903588 0.905816 0.908009 0.912157 0.913327 0.916730 0.917591 0.919981 0.920111 0.921316 0.927141 0.926504 0.930527 0.930496 0.932764 0.933292 0.937167 0.938020 0.939624 0.939986 0.942495 0.942937 0.946180 0.946711 0.948074 0.949083 0.950165 0.949896 0.955956 0.955266 0.956109 0.956452 0.958767 0.959251 0.959946 0.960820 0.964670 0.966107 0.965158 0.965967 0.966226 0.969074 0.969158 0.968757 0.970801 0.971517 0.970900 0.974439 0.975573 0.977102))
