# GIMP curves tool settings
(time 0)
(channel value)
(curve
   (curve-type smooth)
   (n-points 17)
   (points 34 -1.0 -1.0 -1.0 -1.0 -1.0 -1.0 -1.0 -1.0 -1.0 -1.0 -1.0 -1.0 -1.0 -1.0 -1.0 -1.0 -1.0 -1.0 -1.0 -1.0 -1.0 -1.0 -1.0 -1.0 -1.0 -1.0 -1.0 -1.0 -1.0 -1.0 -1.0 -1.0 -1.0 -1.0)
(n-samples 256)
(samples 256  0.000000 0.003922 0.007843 0.011765 0.015686 0.019608 0.023529 0.027451 0.031373 0.035294 0.039216 0.043137 0.047059 0.050980 0.054902 0.058824 0.062745 0.066667 0.070588 0.074510 0.078431 0.082353 0.086275 0.090196 0.094118 0.098039 0.101961 0.105882 0.109804 0.113725 0.117647 0.121569 0.125490 0.129412 0.133333 0.137255 0.141176 0.145098 0.149020 0.152941 0.156863 0.160784 0.164706 0.168627 0.172549 0.176471 0.180392 0.184314 0.188235 0.192157 0.196078 0.200000 0.203922 0.207843 0.211765 0.215686 0.219608 0.223529 0.227451 0.231373 0.235294 0.239216 0.243137 0.247059 0.250980 0.254902 0.258824 0.262745 0.266667 0.270588 0.274510 0.278431 0.282353 0.286275 0.290196 0.294118 0.298039 0.301961 0.305882 0.309804 0.313725 0.317647 0.321569 0.325490 0.329412 0.333333 0.337255 0.341176 0.345098 0.349020 0.352941 0.356863 0.360784 0.364706 0.368627 0.372549 0.376471 0.380392 0.384314 0.388235 0.392157 0.396078 0.400000 0.403922 0.407843 0.411765 0.415686 0.419608 0.423529 0.427451 0.431373 0.435294 0.439216 0.443137 0.447059 0.450980 0.454902 0.458824 0.462745 0.466667 0.470588 0.474510 0.478431 0.482353 0.486275 0.490196 0.494118 0.498039 0.501961 0.505882 0.509804 0.513725 0.517647 0.521569 0.525490 0.529412 0.533333 0.537255 0.541176 0.545098 0.549020 0.552941 0.556863 0.560784 0.564706 0.568627 0.572549 0.576471 0.580392 0.584314 0.588235 0.592157 0.596078 0.600000 0.603922 0.607843 0.611765 0.615686 0.619608 0.623529 0.627451 0.631373 0.635294 0.639216 0.643137 0.647059 0.650980 0.654902 0.658824 0.662745 0.666667 0.670588 0.674510 0.678431 0.682353 0.686275 0.690196 0.694118 0.698039 0.701961 0.705882 0.709804 0.713725 0.717647 0.721569 0.725490 0.729412 0.733333 0.737255 0.741176 0.745098 0.749020 0.752941 0.756863 0.760784 0.764706 0.768627 0.772549 0.776471 0.780392 0.784314 0.788235 0.792157 0.796078 0.800000 0.803922 0.807843 0.811765 0.815686 0.819608 0.823529 0.827451 0.831373 0.835294 0.839216 0.843137 0.847059 0.850980 0.854902 0.858824 0.862745 0.866667 0.870588 0.874510 0.878431 0.882353 0.886275 0.890196 0.894118 0.898039 0.901961 0.905882 0.909804 0.913725 0.917647 0.921569 0.925490 0.929412 0.933333 0.937255 0.941176 0.945098 0.949020 0.952941 0.956863 0.960784 0.964706 0.968627 0.972549 0.976471 0.980392 0.984314 0.988235 0.992157 0.996078 1.000000))
(time 0)
(channel red)
(curve
   (curve-type smooth)
   (n-points 17)
   (points 34 -1.0 -1.0 -1.0 -1.0 -1.0 -1.0 -1.0 -1.0 -1.0 -1.0 -1.0 -1.0 -1.0 -1.0 -1.0 -1.0 -1.0 -1.0 -1.0 -1.0 -1.0 -1.0 -1.0 -1.0 -1.0 -1.0 -1.0 -1.0 -1.0 -1.0 -1.0 -1.0 -1.0 -1.0)
(n-samples 256)
(samples 256  0.004819 0.004708 0.007499 0.009521 0.012140 0.014267 0.016723 0.018756 0.021642 0.023660 0.026315 0.028751 0.031359 0.033865 0.036835 0.039135 0.041930 0.044526 0.047432 0.050222 0.052810 0.055653 0.058596 0.061249 0.064173 0.066979 0.069860 0.072704 0.075784 0.078816 0.081738 0.084783 0.087843 0.090972 0.094029 0.097264 0.100409 0.103566 0.106842 0.110113 0.113624 0.116747 0.120283 0.123586 0.127078 0.130576 0.134238 0.137764 0.141302 0.144801 0.148582 0.152317 0.155926 0.159681 0.163504 0.167214 0.171026 0.174904 0.178761 0.182685 0.186595 0.190626 0.194537 0.198607 0.202645 0.206712 0.210915 0.215198 0.219121 0.223503 0.227836 0.231918 0.236517 0.240951 0.245245 0.249753 0.254360 0.258791 0.263491 0.268193 0.272856 0.277575 0.282211 0.287281 0.291904 0.296675 0.301852 0.306886 0.311493 0.316362 0.321430 0.326536 0.331610 0.336362 0.341257 0.346565 0.351454 0.356243 0.361222 0.366238 0.371085 0.376313 0.380833 0.385656 0.390730 0.395209 0.400003 0.405005 0.409777 0.414337 0.419131 0.423721 0.428178 0.433025 0.437681 0.442223 0.446802 0.451169 0.455777 0.460320 0.464970 0.469400 0.473774 0.478912 0.483447 0.488215 0.492974 0.497855 0.502473 0.507820 0.513139 0.518205 0.523542 0.529001 0.534520 0.540558 0.546498 0.552319 0.558297 0.564937 0.571082 0.577151 0.582762 0.588783 0.594733 0.599838 0.605204 0.610246 0.615294 0.619872 0.624717 0.629200 0.633940 0.638190 0.642858 0.647127 0.651467 0.655838 0.660046 0.664197 0.668477 0.672402 0.676977 0.680879 0.685136 0.689035 0.693457 0.697722 0.701527 0.705890 0.709925 0.713706 0.717638 0.721255 0.724489 0.727850 0.730742 0.732954 0.736454 0.738649 0.740014 0.743106 0.745184 0.745914 0.749653 0.752124 0.755254 0.759124 0.762833 0.766876 0.771541 0.776464 0.781338 0.784458 0.788953 0.792585 0.795805 0.799051 0.802556 0.805306 0.809009 0.812431 0.815700 0.819222 0.822691 0.825612 0.829060 0.832259 0.835956 0.839649 0.843105 0.844886 0.846756 0.848389 0.852813 0.859533 0.866170 0.866439 0.873906 0.875490 0.879552 0.878992 0.885973 0.887344 0.888515 0.900218 0.888235 0.899608 0.905882 0.907451 0.911373 0.894118 0.925490 0.937255 0.925490 0.920261 0.923529 0.933333 0.937255 0.917647 0.917647 0.941176 0.941176 0.941176 0.941176 0.941176 0.941176 0.941176 0.941176 0.941176 0.941176 0.941176 0.941176 0.941176 0.941176 0.941176))
(time 0)
(channel green)
(curve
   (curve-type smooth)
   (n-points 17)
   (points 34 -1.0 -1.0 -1.0 -1.0 -1.0 -1.0 -1.0 -1.0 -1.0 -1.0 -1.0 -1.0 -1.0 -1.0 -1.0 -1.0 -1.0 -1.0 -1.0 -1.0 -1.0 -1.0 -1.0 -1.0 -1.0 -1.0 -1.0 -1.0 -1.0 -1.0 -1.0 -1.0 -1.0 -1.0)
(n-samples 256)
(samples 256  0.009175 0.007799 0.007159 0.009597 0.011492 0.013612 0.016293 0.018305 0.020461 0.023326 0.025471 0.028295 0.030650 0.033665 0.035944 0.038653 0.041422 0.044134 0.046795 0.049579 0.052377 0.055046 0.057976 0.060618 0.063617 0.066554 0.069509 0.072413 0.075436 0.078390 0.081576 0.084525 0.087809 0.090877 0.094266 0.097522 0.100838 0.104273 0.107949 0.111329 0.115160 0.118655 0.122553 0.126241 0.129959 0.133875 0.137531 0.141428 0.145205 0.148919 0.152986 0.156544 0.160366 0.164345 0.168125 0.171995 0.176007 0.179937 0.183701 0.188050 0.192083 0.195830 0.200188 0.204302 0.208323 0.212327 0.216765 0.220777 0.224617 0.228758 0.233163 0.237364 0.241615 0.245838 0.250578 0.254993 0.259587 0.263945 0.268561 0.273335 0.278234 0.282994 0.287773 0.292604 0.297392 0.302549 0.307582 0.312435 0.317457 0.322295 0.327252 0.332195 0.337285 0.342052 0.346951 0.351804 0.356568 0.361598 0.366236 0.371026 0.375855 0.380649 0.385269 0.390117 0.394514 0.399062 0.403510 0.408027 0.412239 0.416853 0.421329 0.425892 0.430264 0.434717 0.439177 0.443575 0.448055 0.452701 0.457125 0.461810 0.466126 0.471041 0.475412 0.480071 0.484688 0.489542 0.494407 0.498933 0.503879 0.508400 0.513073 0.517563 0.522611 0.527235 0.532157 0.536407 0.540945 0.545725 0.550169 0.554001 0.558883 0.563570 0.567798 0.572613 0.577432 0.582200 0.587098 0.592736 0.598865 0.604921 0.611101 0.617451 0.622873 0.628586 0.633693 0.638959 0.644123 0.649447 0.654179 0.659566 0.664123 0.669036 0.673865 0.678409 0.683006 0.687349 0.691718 0.696051 0.700350 0.704742 0.709172 0.713701 0.717890 0.721982 0.726248 0.730364 0.734159 0.738046 0.741690 0.745513 0.749089 0.753158 0.756783 0.760618 0.764103 0.768073 0.771584 0.775055 0.778783 0.782439 0.786015 0.789950 0.792979 0.796380 0.800327 0.803786 0.807627 0.810496 0.814545 0.819686 0.825000 0.828463 0.832633 0.832394 0.836872 0.838762 0.841079 0.845296 0.846550 0.850395 0.856522 0.861176 0.858824 0.860446 0.872843 0.874645 0.886275 0.886275 0.883137 0.886275 0.886275 0.890196 0.903922 0.898039 0.898039 0.894118 0.894118 0.894118 0.894118 0.894118 0.894118 0.894118 0.894118 0.894118 0.894118 0.894118 0.894118 0.894118 0.894118 0.894118 0.894118 0.894118 0.894118 0.894118 0.894118 0.894118 0.894118 0.894118 0.894118 0.894118 0.894118 0.894118 0.894118 0.894118 0.894118 0.894118))
(time 0)
(channel blue)
(curve
   (curve-type smooth)
   (n-points 17)
   (points 34 -1.0 -1.0 -1.0 -1.0 -1.0 -1.0 -1.0 -1.0 -1.0 -1.0 -1.0 -1.0 -1.0 -1.0 -1.0 -1.0 -1.0 -1.0 -1.0 -1.0 -1.0 -1.0 -1.0 -1.0 -1.0 -1.0 -1.0 -1.0 -1.0 -1.0 -1.0 -1.0 -1.0 -1.0)
(n-samples 256)
(samples 256  0.008462 0.008444 0.010146 0.012641 0.015266 0.017719 0.020537 0.023452 0.026705 0.029782 0.032909 0.036201 0.039592 0.042962 0.046284 0.049662 0.052983 0.056434 0.059764 0.063205 0.066427 0.069699 0.073007 0.076431 0.079627 0.082899 0.086086 0.089425 0.092412 0.095655 0.098674 0.101866 0.104901 0.108098 0.111037 0.114282 0.117457 0.120491 0.123614 0.126665 0.129988 0.133123 0.136307 0.139474 0.142840 0.146247 0.149765 0.153418 0.157020 0.160804 0.164522 0.168453 0.172414 0.176354 0.180454 0.184536 0.188802 0.192966 0.197151 0.201622 0.205939 0.210396 0.215117 0.219559 0.224273 0.228855 0.233595 0.238508 0.243217 0.247842 0.252541 0.257452 0.262100 0.266895 0.271651 0.276577 0.281466 0.286041 0.290806 0.295569 0.300383 0.304650 0.309110 0.313565 0.318201 0.322115 0.326803 0.330728 0.334950 0.338815 0.343018 0.346689 0.350345 0.354723 0.358475 0.362415 0.366093 0.370412 0.374460 0.378597 0.382939 0.387124 0.391841 0.396175 0.400367 0.405002 0.409532 0.414099 0.418729 0.423134 0.428010 0.432941 0.437547 0.442508 0.447245 0.451782 0.456774 0.461211 0.466256 0.471387 0.476122 0.481118 0.486045 0.491204 0.495876 0.500819 0.505792 0.510977 0.515770 0.520846 0.526281 0.531233 0.535755 0.540928 0.545283 0.550567 0.555264 0.559565 0.564174 0.568561 0.573077 0.577136 0.581822 0.585502 0.589382 0.593638 0.598072 0.601977 0.605483 0.610148 0.613871 0.617973 0.621952 0.626114 0.630425 0.634714 0.639269 0.643886 0.648439 0.653373 0.657934 0.662325 0.666826 0.671046 0.675024 0.679101 0.683054 0.687108 0.691129 0.695504 0.699714 0.704006 0.708206 0.712436 0.716665 0.720879 0.724848 0.729096 0.733387 0.737464 0.741377 0.745265 0.749246 0.753248 0.757140 0.760931 0.764580 0.768360 0.772233 0.776176 0.780148 0.784000 0.787983 0.791997 0.795673 0.799668 0.802358 0.805961 0.808754 0.812414 0.813982 0.816713 0.820032 0.823734 0.827254 0.832002 0.836113 0.843056 0.845482 0.848889 0.848477 0.854431 0.859477 0.863783 0.870209 0.871335 0.883294 0.883473 0.890632 0.872549 0.909804 0.888889 0.888889 0.888889 0.888889 0.888889 0.888889 0.888889 0.888889 0.888889 0.888889 0.888889 0.888889 0.888889 0.888889 0.888889 0.888889 0.888889 0.888889 0.888889 0.888889 0.888889 0.888889 0.888889 0.888889 0.888889 0.888889 0.888889 0.888889 0.888889 0.888889 0.888889 0.888889 0.888889 0.888889 0.888889))
