# GIMP curves tool settings
(time 0)
(channel value)
(curve
   (curve-type smooth)
   (n-points 17)
   (points 34 -1.0 -1.0 -1.0 -1.0 -1.0 -1.0 -1.0 -1.0 -1.0 -1.0 -1.0 -1.0 -1.0 -1.0 -1.0 -1.0 -1.0 -1.0 -1.0 -1.0 -1.0 -1.0 -1.0 -1.0 -1.0 -1.0 -1.0 -1.0 -1.0 -1.0 -1.0 -1.0 -1.0 -1.0)
(n-samples 256)
(samples 256  0.000000 0.003922 0.007843 0.011765 0.015686 0.019608 0.023529 0.027451 0.031373 0.035294 0.039216 0.043137 0.047059 0.050980 0.054902 0.058824 0.062745 0.066667 0.070588 0.074510 0.078431 0.082353 0.086275 0.090196 0.094118 0.098039 0.101961 0.105882 0.109804 0.113725 0.117647 0.121569 0.125490 0.129412 0.133333 0.137255 0.141176 0.145098 0.149020 0.152941 0.156863 0.160784 0.164706 0.168627 0.172549 0.176471 0.180392 0.184314 0.188235 0.192157 0.196078 0.200000 0.203922 0.207843 0.211765 0.215686 0.219608 0.223529 0.227451 0.231373 0.235294 0.239216 0.243137 0.247059 0.250980 0.254902 0.258824 0.262745 0.266667 0.270588 0.274510 0.278431 0.282353 0.286275 0.290196 0.294118 0.298039 0.301961 0.305882 0.309804 0.313725 0.317647 0.321569 0.325490 0.329412 0.333333 0.337255 0.341176 0.345098 0.349020 0.352941 0.356863 0.360784 0.364706 0.368627 0.372549 0.376471 0.380392 0.384314 0.388235 0.392157 0.396078 0.400000 0.403922 0.407843 0.411765 0.415686 0.419608 0.423529 0.427451 0.431373 0.435294 0.439216 0.443137 0.447059 0.450980 0.454902 0.458824 0.462745 0.466667 0.470588 0.474510 0.478431 0.482353 0.486275 0.490196 0.494118 0.498039 0.501961 0.505882 0.509804 0.513725 0.517647 0.521569 0.525490 0.529412 0.533333 0.537255 0.541176 0.545098 0.549020 0.552941 0.556863 0.560784 0.564706 0.568627 0.572549 0.576471 0.580392 0.584314 0.588235 0.592157 0.596078 0.600000 0.603922 0.607843 0.611765 0.615686 0.619608 0.623529 0.627451 0.631373 0.635294 0.639216 0.643137 0.647059 0.650980 0.654902 0.658824 0.662745 0.666667 0.670588 0.674510 0.678431 0.682353 0.686275 0.690196 0.694118 0.698039 0.701961 0.705882 0.709804 0.713725 0.717647 0.721569 0.725490 0.729412 0.733333 0.737255 0.741176 0.745098 0.749020 0.752941 0.756863 0.760784 0.764706 0.768627 0.772549 0.776471 0.780392 0.784314 0.788235 0.792157 0.796078 0.800000 0.803922 0.807843 0.811765 0.815686 0.819608 0.823529 0.827451 0.831373 0.835294 0.839216 0.843137 0.847059 0.850980 0.854902 0.858824 0.862745 0.866667 0.870588 0.874510 0.878431 0.882353 0.886275 0.890196 0.894118 0.898039 0.901961 0.905882 0.909804 0.913725 0.917647 0.921569 0.925490 0.929412 0.933333 0.937255 0.941176 0.945098 0.949020 0.952941 0.956863 0.960784 0.964706 0.968627 0.972549 0.976471 0.980392 0.984314 0.988235 0.992157 0.996078 1.000000))
(time 0)
(channel red)
(curve
   (curve-type smooth)
   (n-points 17)
   (points 34 -1.0 -1.0 -1.0 -1.0 -1.0 -1.0 -1.0 -1.0 -1.0 -1.0 -1.0 -1.0 -1.0 -1.0 -1.0 -1.0 -1.0 -1.0 -1.0 -1.0 -1.0 -1.0 -1.0 -1.0 -1.0 -1.0 -1.0 -1.0 -1.0 -1.0 -1.0 -1.0 -1.0 -1.0)
(n-samples 256)
(samples 256  0.000109 0.000616 0.001716 0.003636 0.006924 0.009860 0.013179 0.016115 0.019341 0.022604 0.026001 0.029182 0.032926 0.036361 0.040069 0.043615 0.046809 0.050193 0.053779 0.057086 0.060758 0.064343 0.068117 0.071782 0.074927 0.078634 0.081916 0.085300 0.088831 0.092404 0.096477 0.100601 0.104293 0.108431 0.112202 0.116078 0.119840 0.124038 0.127856 0.131512 0.135470 0.140010 0.144188 0.148159 0.152217 0.156023 0.160209 0.164683 0.169408 0.173725 0.177710 0.181940 0.186814 0.191259 0.195369 0.199737 0.203854 0.208201 0.213146 0.217640 0.221857 0.226091 0.230433 0.235702 0.240766 0.245298 0.249086 0.253772 0.257961 0.263078 0.267677 0.271922 0.276272 0.281160 0.286033 0.290584 0.295141 0.299696 0.304312 0.308991 0.313515 0.317834 0.321896 0.327093 0.331854 0.336300 0.340622 0.345201 0.349598 0.354670 0.359302 0.363634 0.367983 0.372588 0.377195 0.382261 0.386935 0.390627 0.395010 0.399431 0.404465 0.408908 0.413563 0.417780 0.422117 0.426975 0.431573 0.436258 0.440517 0.445019 0.449187 0.453665 0.458384 0.462905 0.467321 0.471797 0.476020 0.480570 0.484869 0.488948 0.493258 0.497574 0.502178 0.506650 0.510984 0.515133 0.519532 0.524076 0.528337 0.532433 0.536739 0.540953 0.545289 0.549598 0.554031 0.558242 0.562299 0.566444 0.570697 0.575099 0.579216 0.583305 0.587406 0.591671 0.595786 0.599928 0.604454 0.608709 0.613333 0.617674 0.621702 0.625668 0.629881 0.633824 0.637807 0.641909 0.645880 0.649831 0.653907 0.657787 0.661830 0.665789 0.669593 0.673624 0.677280 0.681168 0.685447 0.689239 0.693402 0.697222 0.700956 0.704906 0.708738 0.712431 0.716508 0.720775 0.724149 0.728141 0.732086 0.736096 0.740055 0.743947 0.747806 0.751985 0.755365 0.758897 0.762565 0.766543 0.770039 0.773914 0.777912 0.781534 0.785208 0.789298 0.793121 0.796727 0.801057 0.804313 0.807653 0.811345 0.815036 0.818484 0.822227 0.825530 0.829397 0.832734 0.836481 0.840113 0.843562 0.847035 0.850819 0.854014 0.857925 0.860922 0.864947 0.868358 0.871564 0.875003 0.878538 0.882033 0.885774 0.888962 0.892344 0.895804 0.899561 0.902691 0.906258 0.909672 0.913244 0.916611 0.919605 0.923255 0.926826 0.930021 0.933603 0.937160 0.940504 0.943578 0.946940 0.950368 0.954238 0.957769 0.960824 0.964256 0.967223 0.970568 0.973604 0.977645 0.980918 0.984275 0.987582 0.990424 0.992814 0.995326 0.996862 0.998707))
(time 0)
(channel green)
(curve
   (curve-type smooth)
   (n-points 17)
   (points 34 -1.0 -1.0 -1.0 -1.0 -1.0 -1.0 -1.0 -1.0 -1.0 -1.0 -1.0 -1.0 -1.0 -1.0 -1.0 -1.0 -1.0 -1.0 -1.0 -1.0 -1.0 -1.0 -1.0 -1.0 -1.0 -1.0 -1.0 -1.0 -1.0 -1.0 -1.0 -1.0 -1.0 -1.0)
(n-samples 256)
(samples 256  0.000112 0.000905 0.003548 0.006790 0.010266 0.013757 0.016919 0.019680 0.022737 0.026508 0.029565 0.033225 0.037244 0.040788 0.043983 0.047186 0.050507 0.053936 0.057738 0.061143 0.064751 0.068658 0.072188 0.074793 0.078038 0.082174 0.085390 0.088901 0.092738 0.095849 0.101495 0.105297 0.108732 0.112568 0.116611 0.120605 0.124527 0.128643 0.132852 0.136421 0.140737 0.144477 0.148320 0.152458 0.156249 0.159758 0.164115 0.168441 0.172697 0.176596 0.180662 0.185229 0.190455 0.195088 0.199065 0.202764 0.207857 0.211589 0.216040 0.221139 0.225432 0.229905 0.234818 0.239184 0.243528 0.247252 0.251772 0.257265 0.261679 0.266165 0.269990 0.274158 0.280096 0.284115 0.288759 0.293416 0.297562 0.302006 0.306355 0.311033 0.315706 0.320388 0.324840 0.329388 0.333588 0.337786 0.342236 0.346219 0.353013 0.356673 0.360425 0.364898 0.369410 0.373758 0.378854 0.383982 0.387712 0.391417 0.396038 0.401137 0.405382 0.409997 0.414456 0.419126 0.423721 0.427645 0.432083 0.436710 0.440979 0.445770 0.450108 0.454764 0.458839 0.462931 0.466709 0.471672 0.476504 0.480497 0.484870 0.488999 0.493819 0.498100 0.502018 0.505892 0.509587 0.514264 0.518840 0.522945 0.527218 0.531675 0.535887 0.540376 0.544980 0.548826 0.552737 0.556518 0.560907 0.565381 0.569142 0.573422 0.577363 0.581933 0.586758 0.590598 0.594818 0.599428 0.603741 0.607375 0.611864 0.616276 0.619880 0.623776 0.627624 0.631982 0.636388 0.639978 0.643992 0.647619 0.652032 0.656240 0.659887 0.663558 0.667303 0.670738 0.676142 0.679771 0.683971 0.687883 0.691389 0.694954 0.698931 0.703106 0.707045 0.711181 0.714958 0.718523 0.722564 0.726617 0.730879 0.734627 0.738186 0.741899 0.745843 0.749659 0.752687 0.755990 0.759118 0.762132 0.766791 0.770668 0.774336 0.777967 0.781489 0.785808 0.789678 0.793346 0.796829 0.800149 0.803804 0.806528 0.810615 0.813917 0.817356 0.821213 0.824823 0.828518 0.832791 0.835793 0.839396 0.842426 0.845233 0.849342 0.852827 0.856808 0.860613 0.863511 0.866793 0.871136 0.874106 0.877159 0.880800 0.884390 0.888011 0.891692 0.895206 0.897798 0.901247 0.905093 0.908750 0.912714 0.916390 0.919486 0.922734 0.925599 0.928856 0.933603 0.936684 0.939907 0.943658 0.946200 0.949628 0.952935 0.955948 0.960109 0.963284 0.966609 0.970561 0.974261 0.977272 0.980107 0.983391 0.986584 0.991023 0.993770 0.996102 0.997173))
(time 0)
(channel blue)
(curve
   (curve-type smooth)
   (n-points 17)
   (points 34 -1.0 -1.0 -1.0 -1.0 -1.0 -1.0 -1.0 -1.0 -1.0 -1.0 -1.0 -1.0 -1.0 -1.0 -1.0 -1.0 -1.0 -1.0 -1.0 -1.0 -1.0 -1.0 -1.0 -1.0 -1.0 -1.0 -1.0 -1.0 -1.0 -1.0 -1.0 -1.0 -1.0 -1.0)
(n-samples 256)
(samples 256  0.000120 0.000490 0.001827 0.003026 0.005540 0.008206 0.011414 0.014179 0.017500 0.020603 0.023911 0.027270 0.030721 0.034000 0.037456 0.040848 0.043977 0.047487 0.050880 0.054038 0.057292 0.060884 0.064309 0.067905 0.071528 0.075266 0.078792 0.082358 0.085866 0.089501 0.093355 0.096824 0.099987 0.103595 0.107358 0.110870 0.114649 0.118557 0.122357 0.126550 0.130782 0.134488 0.138505 0.142435 0.146433 0.150689 0.154872 0.158942 0.163033 0.166977 0.171669 0.176104 0.180410 0.184612 0.188467 0.192866 0.197318 0.201582 0.205755 0.209847 0.214396 0.218497 0.223570 0.227930 0.232242 0.236485 0.240609 0.245235 0.249550 0.253755 0.258262 0.262681 0.267049 0.271497 0.275856 0.280419 0.284644 0.288851 0.293547 0.297993 0.302509 0.307096 0.311561 0.315794 0.320326 0.324422 0.328993 0.333517 0.338214 0.342595 0.347055 0.351111 0.355849 0.360519 0.365183 0.369395 0.373607 0.378172 0.382964 0.387127 0.391470 0.395738 0.400241 0.404720 0.409186 0.413414 0.417738 0.422248 0.426599 0.431305 0.435519 0.440029 0.443948 0.448304 0.452495 0.456917 0.461121 0.465438 0.469818 0.474425 0.478894 0.483270 0.487240 0.491487 0.495622 0.499850 0.504626 0.508611 0.512808 0.517034 0.520959 0.525605 0.529898 0.534179 0.538172 0.542566 0.546603 0.550541 0.554868 0.558741 0.562738 0.566825 0.571002 0.575040 0.579232 0.583308 0.587859 0.591562 0.596061 0.600029 0.604427 0.608013 0.612253 0.616420 0.620899 0.624570 0.628317 0.632332 0.636727 0.640910 0.644957 0.648602 0.652433 0.656490 0.660402 0.664525 0.668312 0.672242 0.675830 0.679669 0.683699 0.687392 0.691363 0.695003 0.698411 0.702492 0.706216 0.710253 0.713821 0.717610 0.721203 0.725453 0.728645 0.732842 0.736403 0.739993 0.743986 0.747576 0.751381 0.755179 0.758310 0.762134 0.765641 0.769414 0.773492 0.776464 0.780494 0.784334 0.787879 0.791541 0.795112 0.798779 0.801653 0.805770 0.809537 0.812721 0.816726 0.820181 0.823436 0.826770 0.830447 0.833813 0.837633 0.840826 0.843939 0.847302 0.851484 0.855158 0.858721 0.862293 0.865274 0.869116 0.872608 0.876356 0.880121 0.883030 0.886904 0.889752 0.893538 0.897824 0.901186 0.905349 0.907661 0.910993 0.915412 0.919095 0.923086 0.926003 0.929454 0.933780 0.935929 0.940474 0.944043 0.948364 0.951210 0.954460 0.957799 0.961910 0.964346 0.967751 0.972101 0.976127 0.977887 0.981539 0.983779 0.988818))
