# GIMP curves tool settings

(time 0)
(channel value)
(curve
    (curve-type smooth)
    (n-points 17)
    (points 34 0.000000 0.000000 -1.000000 -1.000000 0.121569 0.121569 -1.000000 -1.000000 0.247059 0.247059 -1.000000 -1.000000 0.372549 0.372549 -1.000000 -1.000000 0.498039 0.498039 -1.000000 -1.000000 0.623529 0.623529 -1.000000 -1.000000 0.749020 0.749020 -1.000000 -1.000000 0.874510 0.874510 -1.000000 -1.000000 1.000000 1.000000)
    (n-samples 256)
    (samples 256 0.000000 0.003922 0.007843 0.011765 0.015686 0.019608 0.023529 0.027451 0.031373 0.035294 0.039216 0.043137 0.047059 0.050980 0.054902 0.058824 0.062745 0.066667 0.070588 0.074510 0.078431 0.082353 0.086275 0.090196 0.094118 0.098039 0.101961 0.105882 0.109804 0.113725 0.117647 0.121569 0.125491 0.129412 0.133334 0.137255 0.141177 0.145098 0.149020 0.152942 0.156863 0.160785 0.164706 0.168628 0.172549 0.176471 0.180393 0.184314 0.188236 0.192157 0.196079 0.200000 0.203922 0.207844 0.211765 0.215687 0.219608 0.223530 0.227451 0.231373 0.235294 0.239216 0.243138 0.247059 0.250981 0.254902 0.258824 0.262745 0.266667 0.270588 0.274510 0.278432 0.282353 0.286275 0.290196 0.294118 0.298039 0.301961 0.305883 0.309804 0.313726 0.317647 0.321569 0.325490 0.329412 0.333334 0.337255 0.341177 0.345098 0.349020 0.352941 0.356863 0.360784 0.364706 0.368628 0.372549 0.376471 0.380392 0.384314 0.388235 0.392157 0.396078 0.400000 0.403922 0.407843 0.411765 0.415686 0.419608 0.423529 0.427451 0.431373 0.435294 0.439216 0.443137 0.447059 0.450980 0.454902 0.458824 0.462745 0.466667 0.470588 0.474510 0.478431 0.482353 0.486274 0.490196 0.494118 0.498039 0.501961 0.505882 0.509804 0.513725 0.517647 0.521568 0.525490 0.529412 0.533333 0.537255 0.541176 0.545098 0.549019 0.552941 0.556863 0.560784 0.564706 0.568627 0.572549 0.576470 0.580392 0.584314 0.588235 0.592157 0.596078 0.600000 0.603921 0.607843 0.611764 0.615686 0.619608 0.623529 0.627451 0.631372 0.635294 0.639215 0.643137 0.647058 0.650980 0.654902 0.658823 0.662745 0.666666 0.670588 0.674509 0.678431 0.682353 0.686274 0.690196 0.694117 0.698039 0.701960 0.705882 0.709804 0.713725 0.717647 0.721568 0.725490 0.729411 0.733333 0.737254 0.741176 0.745098 0.749020 0.752942 0.756863 0.760785 0.764706 0.768628 0.772549 0.776471 0.780393 0.784314 0.788236 0.792157 0.796079 0.800000 0.803922 0.807844 0.811765 0.815687 0.819608 0.823530 0.827451 0.831373 0.835295 0.839216 0.843138 0.847059 0.850981 0.854902 0.858824 0.862745 0.866667 0.870589 0.874510 0.878432 0.882353 0.886275 0.890196 0.894118 0.898039 0.901961 0.905883 0.909804 0.913726 0.917647 0.921569 0.925490 0.929412 0.933334 0.937255 0.941177 0.945098 0.949020 0.952941 0.956863 0.960785 0.964706 0.968628 0.972549 0.976471 0.980392 0.984314 0.988235 0.992157 0.996079 1.000000))
(time 0)
(channel red)
(curve
    (curve-type smooth)
    (n-points 17)
    (points 34 0.000000 0.007559 -1.000000 -1.000000 0.121569 0.014609 -1.000000 -1.000000 0.247059 0.117239 -1.000000 -1.000000 0.372549 0.332048 -1.000000 -1.000000 0.498039 0.523239 -1.000000 -1.000000 0.623529 0.697822 -1.000000 -1.000000 0.749020 0.840180 -1.000000 -1.000000 0.874510 0.931026 -1.000000 -1.000000 1.000000 0.991770)
    (n-samples 256)
    (samples 256 0.007559 0.007030 0.006507 0.005992 0.005492 0.005011 0.004553 0.004124 0.003727 0.003369 0.003053 0.002784 0.002568 0.002408 0.002309 0.002277 0.002315 0.002429 0.002623 0.002903 0.003272 0.003735 0.004298 0.004965 0.005741 0.006630 0.007637 0.008766 0.010024 0.011414 0.012940 0.014609 0.016387 0.018241 0.020171 0.022181 0.024270 0.026442 0.028698 0.031039 0.033468 0.035985 0.038593 0.041293 0.044086 0.046976 0.049962 0.053048 0.056234 0.059522 0.062915 0.066413 0.070018 0.073732 0.077557 0.081495 0.085546 0.089713 0.093998 0.098401 0.102925 0.107572 0.112343 0.117239 0.122318 0.127627 0.133153 0.138884 0.144807 0.150910 0.157181 0.163607 0.170176 0.176875 0.183692 0.190614 0.197629 0.204725 0.211889 0.219109 0.226371 0.233665 0.240977 0.248295 0.255606 0.262899 0.270160 0.277377 0.284539 0.291631 0.298643 0.305560 0.312372 0.319066 0.325629 0.332048 0.338377 0.344677 0.350948 0.357191 0.363406 0.369595 0.375758 0.381896 0.388008 0.394097 0.400162 0.406204 0.412224 0.418223 0.424201 0.430158 0.436095 0.442014 0.447914 0.453797 0.459662 0.465511 0.471345 0.477163 0.482966 0.488756 0.494533 0.500297 0.506049 0.511789 0.517519 0.523239 0.528954 0.534666 0.540374 0.546077 0.551773 0.557461 0.563140 0.568808 0.574463 0.580105 0.585731 0.591340 0.596932 0.602504 0.608054 0.613583 0.619087 0.624567 0.630019 0.635444 0.640839 0.646203 0.651534 0.656832 0.662094 0.667320 0.672507 0.677655 0.682762 0.687826 0.692847 0.697822 0.702768 0.707699 0.712614 0.717511 0.722388 0.727244 0.732077 0.736884 0.741665 0.746418 0.751140 0.755830 0.760486 0.765107 0.769690 0.774234 0.778737 0.783198 0.787614 0.791984 0.796306 0.800579 0.804799 0.808967 0.813080 0.817135 0.821133 0.825070 0.828945 0.832756 0.836501 0.840180 0.843789 0.847328 0.850800 0.854206 0.857550 0.860832 0.864054 0.867219 0.870328 0.873384 0.876388 0.879343 0.882250 0.885111 0.887928 0.890704 0.893440 0.896137 0.898799 0.901427 0.904023 0.906589 0.909127 0.911638 0.914126 0.916591 0.919036 0.921463 0.923873 0.926269 0.928653 0.931026 0.933373 0.935677 0.937940 0.940162 0.942347 0.944493 0.946605 0.948681 0.950725 0.952737 0.954719 0.956671 0.958596 0.960495 0.962369 0.964220 0.966049 0.967857 0.969645 0.971416 0.973171 0.974910 0.976635 0.978348 0.980050 0.981742 0.983426 0.985103 0.986775 0.988442 0.990107 0.991770))
(time 0)
(channel green)
(curve
    (curve-type smooth)
    (n-points 17)
    (points 34 0.000000 0.005660 -1.000000 -1.000000 0.121569 0.039549 -1.000000 -1.000000 0.247059 0.172773 -1.000000 -1.000000 0.372549 0.344609 -1.000000 -1.000000 0.498039 0.527205 -1.000000 -1.000000 0.623529 0.699466 -1.000000 -1.000000 0.749020 0.843911 -1.000000 -1.000000 0.874510 0.940927 -1.000000 -1.000000 1.000000 0.991299)
    (n-samples 256)
    (samples 256 0.005660 0.005974 0.006293 0.006622 0.006966 0.007329 0.007716 0.008133 0.008583 0.009073 0.009606 0.010188 0.010824 0.011518 0.012275 0.013101 0.013999 0.014975 0.016035 0.017181 0.018421 0.019757 0.021196 0.022742 0.024400 0.026174 0.028071 0.030094 0.032248 0.034539 0.036971 0.039549 0.042276 0.045149 0.048163 0.051312 0.054590 0.057993 0.061516 0.065152 0.068897 0.072745 0.076691 0.080730 0.084856 0.089064 0.093349 0.097705 0.102127 0.106610 0.111149 0.115737 0.120371 0.125043 0.129750 0.134486 0.139246 0.144023 0.148814 0.153612 0.158412 0.163209 0.167998 0.172773 0.177572 0.182433 0.187353 0.192331 0.197364 0.202449 0.207583 0.212765 0.217991 0.223259 0.228566 0.233911 0.239289 0.244700 0.250139 0.255605 0.261096 0.266608 0.272138 0.277686 0.283247 0.288820 0.294401 0.299989 0.305580 0.311173 0.316764 0.322351 0.327932 0.333503 0.339063 0.344609 0.350162 0.355745 0.361354 0.366989 0.372648 0.378327 0.384027 0.389744 0.395476 0.401223 0.406981 0.412749 0.418525 0.424306 0.430092 0.435881 0.441669 0.447455 0.453238 0.459016 0.464786 0.470546 0.476295 0.482031 0.487751 0.493454 0.499139 0.504802 0.510442 0.516057 0.521646 0.527205 0.532753 0.538306 0.543863 0.549422 0.554982 0.560541 0.566097 0.571649 0.577195 0.582734 0.588263 0.593782 0.599289 0.604782 0.610260 0.615720 0.621162 0.626584 0.631983 0.637360 0.642711 0.648036 0.653332 0.658599 0.663834 0.669036 0.674204 0.679335 0.684429 0.689483 0.694496 0.699466 0.704410 0.709345 0.714267 0.719177 0.724071 0.728948 0.733807 0.738644 0.743460 0.748251 0.753017 0.757754 0.762462 0.767139 0.771782 0.776391 0.780963 0.785496 0.789989 0.794440 0.798847 0.803208 0.807521 0.811786 0.815999 0.820159 0.824265 0.828314 0.832305 0.836236 0.840105 0.843911 0.847660 0.851363 0.855018 0.858626 0.862188 0.865703 0.869171 0.872593 0.875968 0.879297 0.882579 0.885816 0.889005 0.892149 0.895247 0.898299 0.901304 0.904264 0.907178 0.910047 0.912869 0.915647 0.918378 0.921064 0.923705 0.926301 0.928851 0.931356 0.933816 0.936232 0.938602 0.940927 0.943196 0.945399 0.947538 0.949615 0.951632 0.953592 0.955496 0.957346 0.959146 0.960896 0.962599 0.964258 0.965873 0.967449 0.968985 0.970486 0.971952 0.973386 0.974791 0.976167 0.977518 0.978846 0.980152 0.981439 0.982709 0.983964 0.985206 0.986437 0.987660 0.988877 0.990089 0.991299))
(time 0)
(channel blue)
(curve
    (curve-type smooth)
    (n-points 17)
    (points 34 0.000000 0.005338 -1.000000 -1.000000 0.121569 0.031838 -1.000000 -1.000000 0.247059 0.160311 -1.000000 -1.000000 0.372549 0.335907 -1.000000 -1.000000 0.498039 0.516314 -1.000000 -1.000000 0.623529 0.690196 -1.000000 -1.000000 0.749020 0.830458 -1.000000 -1.000000 0.874510 0.924422 -1.000000 -1.000000 1.000000 0.985834)
    (n-samples 256)
    (samples 256 0.005338 0.005391 0.005449 0.005517 0.005601 0.005704 0.005832 0.005991 0.006184 0.006418 0.006696 0.007025 0.007409 0.007853 0.008362 0.008941 0.009595 0.010330 0.011150 0.012060 0.013065 0.014170 0.015381 0.016702 0.018138 0.019694 0.021376 0.023187 0.025135 0.027222 0.029455 0.031838 0.034371 0.037048 0.039864 0.042813 0.045892 0.049095 0.052417 0.055855 0.059402 0.063055 0.066808 0.070656 0.074595 0.078621 0.082727 0.086910 0.091164 0.095486 0.099869 0.104309 0.108802 0.113343 0.117926 0.122547 0.127202 0.131885 0.136591 0.141317 0.146056 0.150805 0.155558 0.160311 0.165105 0.169983 0.174940 0.179973 0.185077 0.190250 0.195487 0.200784 0.206137 0.211543 0.216998 0.222497 0.228037 0.233614 0.239224 0.244863 0.250528 0.256214 0.261918 0.267635 0.273363 0.279096 0.284832 0.290565 0.296294 0.302012 0.307717 0.313405 0.319072 0.324714 0.330327 0.335907 0.341477 0.347062 0.352661 0.358272 0.363895 0.369529 0.375172 0.380823 0.386483 0.392148 0.397819 0.403494 0.409173 0.414853 0.420536 0.426218 0.431899 0.437579 0.443255 0.448928 0.454596 0.460257 0.465912 0.471558 0.477196 0.482823 0.488439 0.494043 0.499633 0.505209 0.510770 0.516314 0.521859 0.527422 0.533001 0.538591 0.544192 0.549801 0.555415 0.561031 0.566648 0.572263 0.577873 0.583475 0.589068 0.594649 0.600215 0.605764 0.611294 0.616801 0.622284 0.627740 0.633166 0.638560 0.643920 0.649243 0.654526 0.659767 0.664964 0.670114 0.675215 0.680264 0.685259 0.690196 0.695094 0.699971 0.704824 0.709654 0.714459 0.719237 0.723988 0.728710 0.733403 0.738065 0.742694 0.747291 0.751853 0.756380 0.760869 0.765321 0.769734 0.774107 0.778439 0.782728 0.786973 0.791173 0.795328 0.799435 0.803494 0.807504 0.811463 0.815370 0.819224 0.823024 0.826769 0.830458 0.834089 0.837662 0.841179 0.844641 0.848050 0.851407 0.854712 0.857967 0.861174 0.864334 0.867447 0.870516 0.873541 0.876524 0.879466 0.882368 0.885232 0.888058 0.890849 0.893604 0.896327 0.899017 0.901676 0.904305 0.906906 0.909480 0.912028 0.914551 0.917051 0.919528 0.921985 0.924422 0.926826 0.929184 0.931497 0.933767 0.935996 0.938184 0.940333 0.942445 0.944522 0.946564 0.948573 0.950551 0.952499 0.954419 0.956312 0.958180 0.960024 0.961845 0.963646 0.965427 0.967191 0.968938 0.970670 0.972388 0.974095 0.975792 0.977479 0.979159 0.980833 0.982502 0.984169 0.985834))
(time 0)
(channel alpha)
(curve
    (curve-type free)
    (n-points 17)
    (points 34 -1.000000 -1.000000 -1.000000 -1.000000 -1.000000 -1.000000 -1.000000 -1.000000 -1.000000 -1.000000 -1.000000 -1.000000 -1.000000 -1.000000 -1.000000 -1.000000 -1.000000 -1.000000 -1.000000 -1.000000 -1.000000 -1.000000 -1.000000 -1.000000 -1.000000 -1.000000 -1.000000 -1.000000 -1.000000 -1.000000 -1.000000 -1.000000 -1.000000 -1.000000)
    (n-samples 256)
    (samples 256 0.000000 0.003922 0.007843 0.011765 0.015686 0.019608 0.023529 0.027451 0.031373 0.035294 0.039216 0.043137 0.047059 0.050980 0.054902 0.058824 0.062745 0.066667 0.070588 0.074510 0.078431 0.082353 0.086275 0.090196 0.094118 0.098039 0.101961 0.105882 0.109804 0.113725 0.117647 0.121569 0.125490 0.129412 0.133333 0.137255 0.141176 0.145098 0.149020 0.152941 0.156863 0.160784 0.164706 0.168627 0.172549 0.176471 0.180392 0.184314 0.188235 0.192157 0.196078 0.200000 0.203922 0.207843 0.211765 0.215686 0.219608 0.223529 0.227451 0.231373 0.235294 0.239216 0.243137 0.247059 0.250980 0.254902 0.258824 0.262745 0.266667 0.270588 0.274510 0.278431 0.282353 0.286275 0.290196 0.294118 0.298039 0.301961 0.305882 0.309804 0.313725 0.317647 0.321569 0.325490 0.329412 0.333333 0.337255 0.341176 0.345098 0.349020 0.352941 0.356863 0.360784 0.364706 0.368627 0.372549 0.376471 0.380392 0.384314 0.388235 0.392157 0.396078 0.400000 0.403922 0.407843 0.411765 0.415686 0.419608 0.423529 0.427451 0.431373 0.435294 0.439216 0.443137 0.447059 0.450980 0.454902 0.458824 0.462745 0.466667 0.470588 0.474510 0.478431 0.482353 0.486275 0.490196 0.494118 0.498039 0.501961 0.505882 0.509804 0.513725 0.517647 0.521569 0.525490 0.529412 0.533333 0.537255 0.541176 0.545098 0.549020 0.552941 0.556863 0.560784 0.564706 0.568627 0.572549 0.576471 0.580392 0.584314 0.588235 0.592157 0.596078 0.600000 0.603922 0.607843 0.611765 0.615686 0.619608 0.623529 0.627451 0.631373 0.635294 0.639216 0.643137 0.647059 0.650980 0.654902 0.658824 0.662745 0.666667 0.670588 0.674510 0.678431 0.682353 0.686275 0.690196 0.694118 0.698039 0.701961 0.705882 0.709804 0.713725 0.717647 0.721569 0.725490 0.729412 0.733333 0.737255 0.741176 0.745098 0.749020 0.752941 0.756863 0.760784 0.764706 0.768627 0.772549 0.776471 0.780392 0.784314 0.788235 0.792157 0.796078 0.800000 0.803922 0.807843 0.811765 0.815686 0.819608 0.823529 0.827451 0.831373 0.835294 0.839216 0.843137 0.847059 0.850980 0.854902 0.858824 0.862745 0.866667 0.870588 0.874510 0.878431 0.882353 0.886275 0.890196 0.894118 0.898039 0.901961 0.905882 0.909804 0.913725 0.917647 0.921569 0.925490 0.929412 0.933333 0.937255 0.941176 0.945098 0.949020 0.952941 0.956863 0.960784 0.964706 0.968627 0.972549 0.976471 0.980392 0.984314 0.988235 0.992157 0.996078 1.000000))

# end of curves tool settings
