# GIMP curves tool settings
(time 0)
(channel value)
(curve
   (curve-type smooth)
   (n-points 17)
   (points 34 -1.0 -1.0 -1.0 -1.0 -1.0 -1.0 -1.0 -1.0 -1.0 -1.0 -1.0 -1.0 -1.0 -1.0 -1.0 -1.0 -1.0 -1.0 -1.0 -1.0 -1.0 -1.0 -1.0 -1.0 -1.0 -1.0 -1.0 -1.0 -1.0 -1.0 -1.0 -1.0 -1.0 -1.0)
(n-samples 256)
(samples 256  0.000000 0.003922 0.007843 0.011765 0.015686 0.019608 0.023529 0.027451 0.031373 0.035294 0.039216 0.043137 0.047059 0.050980 0.054902 0.058824 0.062745 0.066667 0.070588 0.074510 0.078431 0.082353 0.086275 0.090196 0.094118 0.098039 0.101961 0.105882 0.109804 0.113725 0.117647 0.121569 0.125490 0.129412 0.133333 0.137255 0.141176 0.145098 0.149020 0.152941 0.156863 0.160784 0.164706 0.168627 0.172549 0.176471 0.180392 0.184314 0.188235 0.192157 0.196078 0.200000 0.203922 0.207843 0.211765 0.215686 0.219608 0.223529 0.227451 0.231373 0.235294 0.239216 0.243137 0.247059 0.250980 0.254902 0.258824 0.262745 0.266667 0.270588 0.274510 0.278431 0.282353 0.286275 0.290196 0.294118 0.298039 0.301961 0.305882 0.309804 0.313725 0.317647 0.321569 0.325490 0.329412 0.333333 0.337255 0.341176 0.345098 0.349020 0.352941 0.356863 0.360784 0.364706 0.368627 0.372549 0.376471 0.380392 0.384314 0.388235 0.392157 0.396078 0.400000 0.403922 0.407843 0.411765 0.415686 0.419608 0.423529 0.427451 0.431373 0.435294 0.439216 0.443137 0.447059 0.450980 0.454902 0.458824 0.462745 0.466667 0.470588 0.474510 0.478431 0.482353 0.486275 0.490196 0.494118 0.498039 0.501961 0.505882 0.509804 0.513725 0.517647 0.521569 0.525490 0.529412 0.533333 0.537255 0.541176 0.545098 0.549020 0.552941 0.556863 0.560784 0.564706 0.568627 0.572549 0.576471 0.580392 0.584314 0.588235 0.592157 0.596078 0.600000 0.603922 0.607843 0.611765 0.615686 0.619608 0.623529 0.627451 0.631373 0.635294 0.639216 0.643137 0.647059 0.650980 0.654902 0.658824 0.662745 0.666667 0.670588 0.674510 0.678431 0.682353 0.686275 0.690196 0.694118 0.698039 0.701961 0.705882 0.709804 0.713725 0.717647 0.721569 0.725490 0.729412 0.733333 0.737255 0.741176 0.745098 0.749020 0.752941 0.756863 0.760784 0.764706 0.768627 0.772549 0.776471 0.780392 0.784314 0.788235 0.792157 0.796078 0.800000 0.803922 0.807843 0.811765 0.815686 0.819608 0.823529 0.827451 0.831373 0.835294 0.839216 0.843137 0.847059 0.850980 0.854902 0.858824 0.862745 0.866667 0.870588 0.874510 0.878431 0.882353 0.886275 0.890196 0.894118 0.898039 0.901961 0.905882 0.909804 0.913725 0.917647 0.921569 0.925490 0.929412 0.933333 0.937255 0.941176 0.945098 0.949020 0.952941 0.956863 0.960784 0.964706 0.968627 0.972549 0.976471 0.980392 0.984314 0.988235 0.992157 0.996078 1.000000))
(time 0)
(channel red)
(curve
   (curve-type smooth)
   (n-points 17)
   (points 34 -1.0 -1.0 -1.0 -1.0 -1.0 -1.0 -1.0 -1.0 -1.0 -1.0 -1.0 -1.0 -1.0 -1.0 -1.0 -1.0 -1.0 -1.0 -1.0 -1.0 -1.0 -1.0 -1.0 -1.0 -1.0 -1.0 -1.0 -1.0 -1.0 -1.0 -1.0 -1.0 -1.0 -1.0)
(n-samples 256)
(samples 256  0.005756 0.006022 0.009547 0.011864 0.015480 0.017915 0.021288 0.023814 0.027848 0.030425 0.033812 0.037020 0.040310 0.043585 0.047216 0.050047 0.053581 0.056894 0.060474 0.063772 0.066918 0.070461 0.073935 0.077118 0.080604 0.083978 0.087419 0.090665 0.094213 0.097780 0.101104 0.104638 0.107983 0.111478 0.115041 0.118538 0.122151 0.125480 0.129041 0.132668 0.136326 0.139725 0.143420 0.146900 0.150735 0.154261 0.158042 0.161751 0.165499 0.169101 0.172922 0.176713 0.180489 0.184373 0.188158 0.191967 0.195825 0.199701 0.203590 0.207531 0.211260 0.215265 0.219093 0.223133 0.227243 0.231147 0.235180 0.239456 0.243297 0.247459 0.251760 0.255591 0.260159 0.264332 0.268493 0.272868 0.277357 0.281607 0.286099 0.290532 0.295050 0.299498 0.303951 0.308847 0.313196 0.317651 0.322733 0.327453 0.331853 0.336441 0.341275 0.346221 0.350940 0.355372 0.360143 0.365117 0.369846 0.374343 0.379050 0.383845 0.388571 0.393307 0.397927 0.402451 0.407111 0.411397 0.416071 0.420562 0.425156 0.429573 0.434000 0.438633 0.442719 0.447460 0.451871 0.455945 0.460345 0.464639 0.468970 0.473162 0.477747 0.482142 0.486263 0.490940 0.495204 0.499980 0.504564 0.509241 0.513573 0.518439 0.523582 0.528415 0.533368 0.538925 0.543998 0.549516 0.555397 0.561042 0.566785 0.573009 0.578809 0.584656 0.590229 0.595955 0.601629 0.606645 0.611749 0.616508 0.621509 0.625930 0.630719 0.635120 0.639667 0.643882 0.648387 0.652736 0.657016 0.661290 0.665471 0.669577 0.673796 0.677815 0.682298 0.686239 0.690572 0.694433 0.698826 0.703111 0.706916 0.711231 0.715404 0.719148 0.723150 0.726844 0.730124 0.733596 0.736811 0.738855 0.742435 0.744752 0.746009 0.749234 0.751480 0.752287 0.756019 0.758252 0.761594 0.765360 0.768963 0.773295 0.778098 0.782995 0.787839 0.791308 0.795481 0.799331 0.802739 0.805923 0.809078 0.811655 0.815490 0.818832 0.822125 0.825360 0.828665 0.832076 0.835598 0.838710 0.842749 0.846052 0.848962 0.850800 0.853929 0.855327 0.860431 0.867877 0.872028 0.874282 0.882474 0.884837 0.888702 0.883007 0.890196 0.892692 0.891877 0.900218 0.900000 0.901176 0.911765 0.909020 0.916078 0.917647 0.923529 0.925490 0.913725 0.930719 0.927451 0.925490 0.949020 0.925490 0.925490 0.945098 0.945098 0.945098 0.945098 0.945098 0.945098 0.945098 0.945098 0.945098 0.945098 0.945098 0.945098 0.945098 0.945098 0.945098))
(time 0)
(channel green)
(curve
   (curve-type smooth)
   (n-points 17)
   (points 34 -1.0 -1.0 -1.0 -1.0 -1.0 -1.0 -1.0 -1.0 -1.0 -1.0 -1.0 -1.0 -1.0 -1.0 -1.0 -1.0 -1.0 -1.0 -1.0 -1.0 -1.0 -1.0 -1.0 -1.0 -1.0 -1.0 -1.0 -1.0 -1.0 -1.0 -1.0 -1.0 -1.0 -1.0)
(n-samples 256)
(samples 256  0.009507 0.008527 0.008103 0.011110 0.014034 0.016382 0.019971 0.022984 0.025730 0.029698 0.032272 0.036126 0.039027 0.042970 0.045775 0.049125 0.052640 0.055925 0.059303 0.062515 0.065910 0.069187 0.072683 0.075988 0.079473 0.082970 0.086329 0.089782 0.093338 0.096795 0.100437 0.103929 0.107584 0.111032 0.114770 0.118317 0.122046 0.125760 0.129834 0.133458 0.137556 0.141243 0.145395 0.149339 0.153246 0.157396 0.161075 0.165240 0.169133 0.172984 0.177059 0.180714 0.184664 0.188617 0.192381 0.196223 0.200259 0.204180 0.207968 0.212248 0.216217 0.219847 0.224127 0.228154 0.232070 0.235894 0.240103 0.244024 0.247823 0.251699 0.255987 0.260036 0.264066 0.268031 0.272510 0.276802 0.281098 0.285357 0.289688 0.294340 0.299005 0.303605 0.308075 0.312606 0.317186 0.322124 0.326930 0.331610 0.336381 0.341026 0.345744 0.350459 0.355288 0.359893 0.364536 0.369115 0.373590 0.378238 0.382654 0.387263 0.391810 0.396412 0.400736 0.405305 0.409442 0.413746 0.418059 0.422399 0.426337 0.430651 0.434788 0.438896 0.443206 0.447395 0.451485 0.455614 0.459874 0.464393 0.468512 0.472722 0.477049 0.481810 0.485472 0.490039 0.494677 0.498903 0.503616 0.508127 0.512481 0.516747 0.521282 0.525729 0.530561 0.534807 0.539391 0.543615 0.547817 0.552245 0.556626 0.560429 0.564924 0.569386 0.573571 0.578208 0.582964 0.587326 0.592370 0.597874 0.603787 0.609940 0.616285 0.622646 0.628055 0.633890 0.638919 0.644201 0.649301 0.654708 0.659410 0.664894 0.669523 0.674331 0.679113 0.683781 0.688366 0.692637 0.697109 0.701516 0.705883 0.710352 0.714786 0.719243 0.723589 0.727709 0.731971 0.736167 0.740074 0.744126 0.747931 0.751962 0.755592 0.759621 0.763427 0.767317 0.770820 0.774543 0.778219 0.781942 0.785185 0.788919 0.792559 0.796443 0.800246 0.803620 0.807364 0.811226 0.815081 0.818857 0.823233 0.825755 0.830654 0.833871 0.838585 0.842182 0.844715 0.847719 0.851640 0.854461 0.856735 0.860170 0.864109 0.868157 0.871789 0.874780 0.879706 0.881947 0.884163 0.887255 0.883922 0.894118 0.894118 0.901961 0.901961 0.913725 0.913725 0.913725 0.913725 0.913725 0.913725 0.913725 0.913725 0.913725 0.913725 0.913725 0.913725 0.913725 0.913725 0.913725 0.913725 0.913725 0.913725 0.913725 0.913725 0.913725 0.913725 0.913725 0.913725 0.913725 0.913725 0.913725 0.913725 0.913725 0.913725 0.913725 0.913725 0.913725))
(time 0)
(channel blue)
(curve
   (curve-type smooth)
   (n-points 17)
   (points 34 -1.0 -1.0 -1.0 -1.0 -1.0 -1.0 -1.0 -1.0 -1.0 -1.0 -1.0 -1.0 -1.0 -1.0 -1.0 -1.0 -1.0 -1.0 -1.0 -1.0 -1.0 -1.0 -1.0 -1.0 -1.0 -1.0 -1.0 -1.0 -1.0 -1.0 -1.0 -1.0 -1.0 -1.0)
(n-samples 256)
(samples 256  0.011169 0.011276 0.013255 0.016418 0.019862 0.023018 0.026683 0.030371 0.034586 0.038524 0.042496 0.046629 0.050865 0.054970 0.059065 0.063142 0.067168 0.071283 0.075301 0.079338 0.083142 0.087073 0.090893 0.094821 0.098541 0.102178 0.105878 0.109632 0.113073 0.116714 0.120097 0.123652 0.127014 0.130486 0.133719 0.137193 0.140631 0.143892 0.147271 0.150517 0.154008 0.157347 0.160718 0.164024 0.167535 0.171035 0.174628 0.178399 0.182062 0.185869 0.189683 0.193662 0.197568 0.201585 0.205627 0.209698 0.213933 0.218056 0.222176 0.226690 0.231068 0.235365 0.239910 0.244340 0.249100 0.253577 0.258325 0.263061 0.267542 0.272170 0.276760 0.281366 0.285925 0.290633 0.295154 0.299965 0.304747 0.309128 0.313677 0.318181 0.322843 0.326872 0.331223 0.335557 0.339854 0.343570 0.347839 0.351698 0.355542 0.359306 0.363104 0.366469 0.369916 0.373943 0.377552 0.380935 0.384703 0.388728 0.392486 0.396344 0.400507 0.404515 0.408770 0.412887 0.416972 0.421210 0.425609 0.430088 0.434527 0.438847 0.443311 0.447915 0.452309 0.457106 0.461564 0.465961 0.470776 0.475108 0.479879 0.484709 0.489319 0.494015 0.498718 0.503858 0.508300 0.513189 0.517837 0.522780 0.527533 0.532347 0.537683 0.542143 0.546675 0.551642 0.555860 0.560837 0.565082 0.569816 0.573898 0.578140 0.582265 0.586144 0.591032 0.594758 0.598464 0.602787 0.606765 0.610450 0.614123 0.618468 0.621956 0.625578 0.629771 0.633747 0.638046 0.642187 0.646514 0.650817 0.655385 0.660249 0.664577 0.669105 0.673390 0.677652 0.681691 0.685696 0.689777 0.693669 0.697789 0.702166 0.706323 0.710682 0.714941 0.719166 0.723472 0.727709 0.731831 0.736188 0.740465 0.744604 0.748647 0.752616 0.756631 0.760600 0.764453 0.768368 0.772172 0.775913 0.779849 0.783917 0.788036 0.791953 0.795987 0.799839 0.803451 0.807502 0.811037 0.814287 0.816756 0.819852 0.821475 0.824118 0.827392 0.832320 0.833936 0.840595 0.844535 0.848448 0.855797 0.856601 0.859157 0.862980 0.872549 0.873702 0.877293 0.879365 0.884863 0.884594 0.884967 0.890196 0.878431 0.891503 0.891503 0.891503 0.891503 0.891503 0.891503 0.891503 0.891503 0.891503 0.891503 0.891503 0.891503 0.891503 0.891503 0.891503 0.891503 0.891503 0.891503 0.891503 0.891503 0.891503 0.891503 0.891503 0.891503 0.891503 0.891503 0.891503 0.891503 0.891503 0.891503 0.891503 0.891503 0.891503 0.891503 0.891503))
