# GIMP curves tool settings
(time 0)
(channel value)
(curve
   (curve-type smooth)
   (n-points 17)
   (points 34 -1.0 -1.0 -1.0 -1.0 -1.0 -1.0 -1.0 -1.0 -1.0 -1.0 -1.0 -1.0 -1.0 -1.0 -1.0 -1.0 -1.0 -1.0 -1.0 -1.0 -1.0 -1.0 -1.0 -1.0 -1.0 -1.0 -1.0 -1.0 -1.0 -1.0 -1.0 -1.0 -1.0 -1.0)
(n-samples 256)
(samples 256  0.000000 0.003922 0.007843 0.011765 0.015686 0.019608 0.023529 0.027451 0.031373 0.035294 0.039216 0.043137 0.047059 0.050980 0.054902 0.058824 0.062745 0.066667 0.070588 0.074510 0.078431 0.082353 0.086275 0.090196 0.094118 0.098039 0.101961 0.105882 0.109804 0.113725 0.117647 0.121569 0.125490 0.129412 0.133333 0.137255 0.141176 0.145098 0.149020 0.152941 0.156863 0.160784 0.164706 0.168627 0.172549 0.176471 0.180392 0.184314 0.188235 0.192157 0.196078 0.200000 0.203922 0.207843 0.211765 0.215686 0.219608 0.223529 0.227451 0.231373 0.235294 0.239216 0.243137 0.247059 0.250980 0.254902 0.258824 0.262745 0.266667 0.270588 0.274510 0.278431 0.282353 0.286275 0.290196 0.294118 0.298039 0.301961 0.305882 0.309804 0.313725 0.317647 0.321569 0.325490 0.329412 0.333333 0.337255 0.341176 0.345098 0.349020 0.352941 0.356863 0.360784 0.364706 0.368627 0.372549 0.376471 0.380392 0.384314 0.388235 0.392157 0.396078 0.400000 0.403922 0.407843 0.411765 0.415686 0.419608 0.423529 0.427451 0.431373 0.435294 0.439216 0.443137 0.447059 0.450980 0.454902 0.458824 0.462745 0.466667 0.470588 0.474510 0.478431 0.482353 0.486275 0.490196 0.494118 0.498039 0.501961 0.505882 0.509804 0.513725 0.517647 0.521569 0.525490 0.529412 0.533333 0.537255 0.541176 0.545098 0.549020 0.552941 0.556863 0.560784 0.564706 0.568627 0.572549 0.576471 0.580392 0.584314 0.588235 0.592157 0.596078 0.600000 0.603922 0.607843 0.611765 0.615686 0.619608 0.623529 0.627451 0.631373 0.635294 0.639216 0.643137 0.647059 0.650980 0.654902 0.658824 0.662745 0.666667 0.670588 0.674510 0.678431 0.682353 0.686275 0.690196 0.694118 0.698039 0.701961 0.705882 0.709804 0.713725 0.717647 0.721569 0.725490 0.729412 0.733333 0.737255 0.741176 0.745098 0.749020 0.752941 0.756863 0.760784 0.764706 0.768627 0.772549 0.776471 0.780392 0.784314 0.788235 0.792157 0.796078 0.800000 0.803922 0.807843 0.811765 0.815686 0.819608 0.823529 0.827451 0.831373 0.835294 0.839216 0.843137 0.847059 0.850980 0.854902 0.858824 0.862745 0.866667 0.870588 0.874510 0.878431 0.882353 0.886275 0.890196 0.894118 0.898039 0.901961 0.905882 0.909804 0.913725 0.917647 0.921569 0.925490 0.929412 0.933333 0.937255 0.941176 0.945098 0.949020 0.952941 0.956863 0.960784 0.964706 0.968627 0.972549 0.976471 0.980392 0.984314 0.988235 0.992157 0.996078 1.000000))
(time 0)
(channel red)
(curve
   (curve-type smooth)
   (n-points 17)
   (points 34 -1.0 -1.0 -1.0 -1.0 -1.0 -1.0 -1.0 -1.0 -1.0 -1.0 -1.0 -1.0 -1.0 -1.0 -1.0 -1.0 -1.0 -1.0 -1.0 -1.0 -1.0 -1.0 -1.0 -1.0 -1.0 -1.0 -1.0 -1.0 -1.0 -1.0 -1.0 -1.0 -1.0 -1.0)
(n-samples 256)
(samples 256  0.000024 0.000093 0.002310 0.004557 0.006893 0.009290 0.011732 0.014155 0.016519 0.019012 0.021510 0.024001 0.026460 0.029050 0.031572 0.034250 0.036838 0.039510 0.042214 0.044933 0.047729 0.050571 0.053457 0.056384 0.059325 0.062378 0.065480 0.068673 0.071831 0.075110 0.078485 0.081809 0.085344 0.088923 0.092491 0.096195 0.099972 0.103908 0.107891 0.111949 0.116034 0.120259 0.124545 0.128944 0.133395 0.137924 0.142502 0.147201 0.151914 0.156737 0.161551 0.166500 0.171468 0.176520 0.181567 0.186721 0.191904 0.197151 0.202404 0.207671 0.213023 0.218402 0.223820 0.229183 0.234679 0.240108 0.245535 0.250969 0.256526 0.262003 0.267475 0.272979 0.278422 0.283928 0.289387 0.294804 0.300196 0.305629 0.311048 0.316373 0.321729 0.327043 0.332361 0.337547 0.342822 0.348113 0.353246 0.358314 0.363628 0.368786 0.373865 0.378901 0.383988 0.389171 0.394307 0.399263 0.404251 0.409411 0.414477 0.419430 0.424484 0.429452 0.434498 0.439429 0.444462 0.449476 0.454478 0.459467 0.464448 0.469445 0.474336 0.479311 0.484258 0.489291 0.494154 0.499052 0.503924 0.508857 0.513730 0.518620 0.523280 0.528145 0.533049 0.537525 0.542471 0.547101 0.551614 0.556216 0.560854 0.565340 0.569819 0.574141 0.578529 0.582866 0.587100 0.591216 0.595192 0.599165 0.603217 0.606963 0.610999 0.614885 0.618815 0.622687 0.626512 0.630558 0.634608 0.638723 0.642809 0.647030 0.651117 0.655268 0.659449 0.663672 0.667754 0.671858 0.675974 0.680109 0.684245 0.688343 0.692420 0.696460 0.700342 0.704393 0.708326 0.712365 0.716185 0.719988 0.723999 0.727790 0.731602 0.735497 0.739278 0.743102 0.747063 0.750785 0.754743 0.758819 0.762530 0.766416 0.770467 0.774194 0.778023 0.782054 0.785651 0.789463 0.792934 0.796460 0.799910 0.803095 0.806491 0.809356 0.812841 0.815968 0.819135 0.822333 0.825758 0.829219 0.832478 0.835713 0.838733 0.841942 0.845138 0.848203 0.851475 0.854479 0.857375 0.860508 0.863701 0.866815 0.870096 0.873258 0.876325 0.879899 0.881614 0.883104 0.887317 0.890082 0.890860 0.895163 0.899658 0.901307 0.906335 0.909091 0.914566 0.912854 0.916471 0.921569 0.923529 0.923922 0.928627 0.941176 0.939216 0.945098 0.945098 0.933333 0.950980 0.964706 0.952941 0.952941 0.952941 0.952941 0.952941 0.952941 0.952941 0.952941 0.952941 0.952941 0.952941 0.952941 0.952941 0.952941 0.952941 0.952941 0.952941 0.952941))
(time 0)
(channel green)
(curve
   (curve-type smooth)
   (n-points 17)
   (points 34 -1.0 -1.0 -1.0 -1.0 -1.0 -1.0 -1.0 -1.0 -1.0 -1.0 -1.0 -1.0 -1.0 -1.0 -1.0 -1.0 -1.0 -1.0 -1.0 -1.0 -1.0 -1.0 -1.0 -1.0 -1.0 -1.0 -1.0 -1.0 -1.0 -1.0 -1.0 -1.0 -1.0 -1.0)
(n-samples 256)
(samples 256  0.000072 0.000259 0.002049 0.004468 0.006740 0.009307 0.011610 0.014091 0.016557 0.018919 0.021504 0.023862 0.026473 0.028901 0.031475 0.034089 0.036674 0.039354 0.042010 0.044786 0.047535 0.050356 0.053194 0.056162 0.059151 0.062148 0.065217 0.068378 0.071525 0.074826 0.078140 0.081527 0.084984 0.088561 0.092101 0.095829 0.099523 0.103435 0.107249 0.111244 0.115272 0.119508 0.123653 0.127941 0.132353 0.136764 0.141398 0.145927 0.150633 0.155445 0.160214 0.165162 0.170123 0.175078 0.180183 0.185244 0.190395 0.195604 0.200854 0.206004 0.211291 0.216667 0.221957 0.227323 0.232749 0.238178 0.243560 0.249021 0.254536 0.260038 0.265413 0.270901 0.276442 0.281918 0.287304 0.292693 0.298161 0.303578 0.308990 0.314262 0.319582 0.324902 0.330201 0.335464 0.340768 0.345890 0.351133 0.356411 0.361624 0.366810 0.372022 0.377187 0.382373 0.387526 0.392658 0.397868 0.403022 0.408068 0.413231 0.418338 0.423443 0.428458 0.433576 0.438633 0.443822 0.448865 0.453902 0.458964 0.464015 0.468937 0.473940 0.478828 0.483939 0.488784 0.493641 0.498488 0.503413 0.508210 0.512995 0.517788 0.522461 0.527226 0.531914 0.536717 0.541276 0.545982 0.550436 0.555119 0.559678 0.564205 0.568746 0.573402 0.577815 0.582377 0.586929 0.591428 0.595907 0.600293 0.604734 0.609174 0.613606 0.618023 0.622361 0.626634 0.631064 0.635346 0.639592 0.643793 0.648008 0.652307 0.656664 0.660866 0.665156 0.669439 0.673589 0.677792 0.681951 0.686067 0.690210 0.694245 0.698276 0.702342 0.706278 0.710238 0.714146 0.718065 0.721918 0.725822 0.729639 0.733520 0.737386 0.741172 0.744975 0.748766 0.752487 0.756163 0.759889 0.763508 0.767171 0.770840 0.774413 0.778090 0.781704 0.785234 0.788828 0.792146 0.795871 0.799023 0.802843 0.806297 0.809604 0.812959 0.816269 0.819665 0.822785 0.826266 0.829414 0.832787 0.835298 0.840048 0.842647 0.844054 0.850140 0.851475 0.853460 0.857379 0.861813 0.864464 0.866056 0.870588 0.872208 0.874824 0.876591 0.883029 0.885490 0.888573 0.891704 0.895098 0.898824 0.907843 0.907843 0.901961 0.913725 0.917647 0.917647 0.909804 0.909804 0.909804 0.909804 0.909804 0.909804 0.909804 0.909804 0.909804 0.909804 0.909804 0.909804 0.909804 0.909804 0.909804 0.909804 0.909804 0.909804 0.909804 0.909804 0.909804 0.909804 0.909804 0.909804 0.909804 0.909804 0.909804 0.909804 0.909804 0.909804 0.909804))
(time 0)
(channel blue)
(curve
   (curve-type smooth)
   (n-points 17)
   (points 34 -1.0 -1.0 -1.0 -1.0 -1.0 -1.0 -1.0 -1.0 -1.0 -1.0 -1.0 -1.0 -1.0 -1.0 -1.0 -1.0 -1.0 -1.0 -1.0 -1.0 -1.0 -1.0 -1.0 -1.0 -1.0 -1.0 -1.0 -1.0 -1.0 -1.0 -1.0 -1.0 -1.0 -1.0)
(n-samples 256)
(samples 256  0.000009 0.000081 0.002405 0.004825 0.007519 0.010035 0.012624 0.015232 0.017760 0.020375 0.022970 0.025582 0.028212 0.030865 0.033528 0.036256 0.039010 0.041743 0.044544 0.047398 0.050288 0.053265 0.056252 0.059214 0.062393 0.065505 0.068675 0.071925 0.075284 0.078635 0.082107 0.085641 0.089274 0.092985 0.096789 0.100628 0.104558 0.108654 0.112810 0.117049 0.121294 0.125683 0.130114 0.134622 0.139179 0.143750 0.148396 0.153022 0.157730 0.162474 0.167273 0.172058 0.176912 0.181746 0.186658 0.191591 0.196551 0.201550 0.206610 0.211596 0.216745 0.221818 0.226917 0.232071 0.237183 0.242278 0.247468 0.252648 0.257782 0.262948 0.268095 0.273278 0.278419 0.283555 0.288665 0.293760 0.298870 0.303920 0.309079 0.314168 0.319266 0.324377 0.329474 0.334522 0.339601 0.344717 0.349764 0.354943 0.359912 0.365016 0.370102 0.375303 0.380239 0.385320 0.390441 0.395485 0.400449 0.405487 0.410558 0.415633 0.420560 0.425462 0.430442 0.435358 0.440354 0.445281 0.450189 0.455062 0.460002 0.464882 0.469853 0.474623 0.479456 0.484240 0.489099 0.493987 0.498688 0.503679 0.508281 0.513101 0.517811 0.522471 0.527189 0.531733 0.536522 0.541209 0.545910 0.550284 0.555026 0.559354 0.563883 0.568408 0.572988 0.577458 0.581981 0.586306 0.590610 0.595160 0.599597 0.604083 0.608537 0.612902 0.617231 0.621650 0.625923 0.630244 0.634386 0.638998 0.643526 0.647531 0.651910 0.656013 0.660330 0.664589 0.668676 0.672616 0.676640 0.680502 0.684414 0.688229 0.692089 0.695781 0.699602 0.703472 0.707314 0.711253 0.715166 0.719129 0.723003 0.726803 0.730484 0.734223 0.737835 0.741465 0.745088 0.748737 0.752361 0.755814 0.759246 0.762746 0.766200 0.769801 0.773195 0.776648 0.780018 0.783462 0.787052 0.790457 0.793811 0.796872 0.800146 0.803456 0.806477 0.809533 0.812822 0.815792 0.819166 0.822461 0.825494 0.828653 0.832184 0.835640 0.839684 0.840610 0.844539 0.847204 0.849650 0.853595 0.856266 0.860261 0.862328 0.862980 0.865523 0.870127 0.872233 0.874697 0.875451 0.884034 0.885403 0.890196 0.874510 0.890196 0.890196 0.890196 0.890196 0.890196 0.890196 0.890196 0.890196 0.890196 0.890196 0.890196 0.890196 0.890196 0.890196 0.890196 0.890196 0.890196 0.890196 0.890196 0.890196 0.890196 0.890196 0.890196 0.890196 0.890196 0.890196 0.890196 0.890196 0.890196 0.890196 0.890196 0.890196 0.890196 0.890196 0.890196))
