# GIMP curves tool settings
(time 0)
(channel value)
(curve
   (curve-type smooth)
   (n-points 17)
   (points 34 -1.0 -1.0 -1.0 -1.0 -1.0 -1.0 -1.0 -1.0 -1.0 -1.0 -1.0 -1.0 -1.0 -1.0 -1.0 -1.0 -1.0 -1.0 -1.0 -1.0 -1.0 -1.0 -1.0 -1.0 -1.0 -1.0 -1.0 -1.0 -1.0 -1.0 -1.0 -1.0 -1.0 -1.0)
(n-samples 256)
(samples 256  0.000000 0.003922 0.007843 0.011765 0.015686 0.019608 0.023529 0.027451 0.031373 0.035294 0.039216 0.043137 0.047059 0.050980 0.054902 0.058824 0.062745 0.066667 0.070588 0.074510 0.078431 0.082353 0.086275 0.090196 0.094118 0.098039 0.101961 0.105882 0.109804 0.113725 0.117647 0.121569 0.125490 0.129412 0.133333 0.137255 0.141176 0.145098 0.149020 0.152941 0.156863 0.160784 0.164706 0.168627 0.172549 0.176471 0.180392 0.184314 0.188235 0.192157 0.196078 0.200000 0.203922 0.207843 0.211765 0.215686 0.219608 0.223529 0.227451 0.231373 0.235294 0.239216 0.243137 0.247059 0.250980 0.254902 0.258824 0.262745 0.266667 0.270588 0.274510 0.278431 0.282353 0.286275 0.290196 0.294118 0.298039 0.301961 0.305882 0.309804 0.313725 0.317647 0.321569 0.325490 0.329412 0.333333 0.337255 0.341176 0.345098 0.349020 0.352941 0.356863 0.360784 0.364706 0.368627 0.372549 0.376471 0.380392 0.384314 0.388235 0.392157 0.396078 0.400000 0.403922 0.407843 0.411765 0.415686 0.419608 0.423529 0.427451 0.431373 0.435294 0.439216 0.443137 0.447059 0.450980 0.454902 0.458824 0.462745 0.466667 0.470588 0.474510 0.478431 0.482353 0.486275 0.490196 0.494118 0.498039 0.501961 0.505882 0.509804 0.513725 0.517647 0.521569 0.525490 0.529412 0.533333 0.537255 0.541176 0.545098 0.549020 0.552941 0.556863 0.560784 0.564706 0.568627 0.572549 0.576471 0.580392 0.584314 0.588235 0.592157 0.596078 0.600000 0.603922 0.607843 0.611765 0.615686 0.619608 0.623529 0.627451 0.631373 0.635294 0.639216 0.643137 0.647059 0.650980 0.654902 0.658824 0.662745 0.666667 0.670588 0.674510 0.678431 0.682353 0.686275 0.690196 0.694118 0.698039 0.701961 0.705882 0.709804 0.713725 0.717647 0.721569 0.725490 0.729412 0.733333 0.737255 0.741176 0.745098 0.749020 0.752941 0.756863 0.760784 0.764706 0.768627 0.772549 0.776471 0.780392 0.784314 0.788235 0.792157 0.796078 0.800000 0.803922 0.807843 0.811765 0.815686 0.819608 0.823529 0.827451 0.831373 0.835294 0.839216 0.843137 0.847059 0.850980 0.854902 0.858824 0.862745 0.866667 0.870588 0.874510 0.878431 0.882353 0.886275 0.890196 0.894118 0.898039 0.901961 0.905882 0.909804 0.913725 0.917647 0.921569 0.925490 0.929412 0.933333 0.937255 0.941176 0.945098 0.949020 0.952941 0.956863 0.960784 0.964706 0.968627 0.972549 0.976471 0.980392 0.984314 0.988235 0.992157 0.996078 1.000000))
(time 0)
(channel red)
(curve
   (curve-type smooth)
   (n-points 17)
   (points 34 -1.0 -1.0 -1.0 -1.0 -1.0 -1.0 -1.0 -1.0 -1.0 -1.0 -1.0 -1.0 -1.0 -1.0 -1.0 -1.0 -1.0 -1.0 -1.0 -1.0 -1.0 -1.0 -1.0 -1.0 -1.0 -1.0 -1.0 -1.0 -1.0 -1.0 -1.0 -1.0 -1.0 -1.0)
(n-samples 256)
(samples 256  0.003796 0.000793 0.001054 0.000719 0.000851 0.000667 0.000858 0.000761 0.001205 0.001037 0.001762 0.002080 0.003252 0.005382 0.006243 0.006635 0.008860 0.010499 0.012170 0.014824 0.016285 0.019358 0.021752 0.024124 0.027398 0.030319 0.033159 0.036427 0.040059 0.043894 0.047383 0.050856 0.054551 0.058517 0.062521 0.066645 0.070853 0.075003 0.079293 0.083730 0.088347 0.092604 0.097384 0.101752 0.106381 0.110825 0.115611 0.120381 0.125163 0.129793 0.134624 0.139404 0.144076 0.149044 0.153771 0.158728 0.163462 0.168381 0.173171 0.178175 0.182947 0.187932 0.192772 0.197793 0.202911 0.207772 0.212745 0.218012 0.222807 0.227871 0.233161 0.237963 0.243381 0.248604 0.253540 0.258876 0.264136 0.269402 0.274670 0.279915 0.285349 0.290722 0.295948 0.301586 0.306589 0.311818 0.317569 0.323134 0.328138 0.333433 0.338861 0.344431 0.349831 0.354762 0.360016 0.365670 0.370818 0.375833 0.380925 0.386249 0.391285 0.396503 0.401492 0.406388 0.411521 0.416115 0.421096 0.425930 0.430872 0.435617 0.440322 0.445166 0.449647 0.454662 0.459320 0.463866 0.468518 0.473166 0.477737 0.482303 0.487054 0.491696 0.496167 0.501221 0.505732 0.510762 0.515493 0.520336 0.525135 0.530210 0.535449 0.540676 0.545875 0.551536 0.556877 0.562607 0.568852 0.574570 0.580357 0.586878 0.592993 0.598675 0.604341 0.610013 0.615831 0.620820 0.625715 0.630611 0.635444 0.639891 0.644279 0.648849 0.653291 0.657353 0.661978 0.665906 0.670019 0.674557 0.678528 0.682619 0.686690 0.690439 0.694634 0.698974 0.703317 0.707169 0.711290 0.715585 0.719653 0.723612 0.727655 0.731103 0.735212 0.738694 0.741736 0.745409 0.748241 0.750172 0.753656 0.755741 0.757039 0.760457 0.762533 0.763000 0.766729 0.768638 0.772072 0.775874 0.779637 0.784030 0.788777 0.793875 0.799199 0.802452 0.806988 0.810855 0.814266 0.817348 0.820725 0.823389 0.827298 0.830676 0.834084 0.837107 0.840821 0.844227 0.847573 0.851089 0.854953 0.858248 0.861331 0.863968 0.866536 0.868600 0.873063 0.878890 0.884736 0.887241 0.894178 0.895948 0.900342 0.897199 0.904223 0.904456 0.904202 0.912418 0.911765 0.915294 0.920588 0.924706 0.926275 0.929412 0.933333 0.937255 0.933333 0.941176 0.939216 0.941176 0.949020 0.941176 0.941176 0.949020 0.949020 0.949020 0.949020 0.949020 0.949020 0.949020 0.949020 0.949020 0.949020 0.949020 0.949020 0.949020 0.949020 0.949020))
(time 0)
(channel green)
(curve
   (curve-type smooth)
   (n-points 17)
   (points 34 -1.0 -1.0 -1.0 -1.0 -1.0 -1.0 -1.0 -1.0 -1.0 -1.0 -1.0 -1.0 -1.0 -1.0 -1.0 -1.0 -1.0 -1.0 -1.0 -1.0 -1.0 -1.0 -1.0 -1.0 -1.0 -1.0 -1.0 -1.0 -1.0 -1.0 -1.0 -1.0 -1.0 -1.0)
(n-samples 256)
(samples 256  0.005142 0.002752 0.000764 0.000726 0.000377 0.000190 0.000237 0.000138 0.000151 0.000236 0.000254 0.000796 0.001559 0.003631 0.004419 0.005106 0.006769 0.008510 0.010179 0.011986 0.014196 0.016317 0.019071 0.021388 0.024142 0.027092 0.030070 0.033348 0.036664 0.040085 0.043752 0.047518 0.051426 0.055234 0.059496 0.063582 0.067956 0.072400 0.077112 0.081657 0.086625 0.091297 0.096452 0.101251 0.106204 0.111321 0.116182 0.121338 0.126379 0.131233 0.136409 0.141075 0.146043 0.151115 0.155817 0.160742 0.165727 0.170597 0.175350 0.180532 0.185517 0.189957 0.195154 0.200102 0.204839 0.209511 0.214728 0.219368 0.223874 0.228592 0.233695 0.238430 0.243275 0.247942 0.253339 0.258392 0.263484 0.268448 0.273560 0.278965 0.284450 0.289857 0.295102 0.300387 0.305754 0.311580 0.317084 0.322534 0.328031 0.333279 0.338865 0.344040 0.349589 0.354797 0.360070 0.365028 0.370038 0.375215 0.380100 0.385128 0.389973 0.395038 0.399758 0.404697 0.408938 0.413535 0.418201 0.422623 0.426679 0.431244 0.435444 0.439746 0.443991 0.448341 0.452464 0.456781 0.461062 0.465470 0.469767 0.474158 0.478391 0.483197 0.486723 0.491381 0.495899 0.500385 0.504992 0.509643 0.514081 0.518377 0.522971 0.527164 0.532063 0.536272 0.541207 0.545206 0.549488 0.553758 0.558031 0.561685 0.566254 0.570628 0.574908 0.579645 0.584635 0.589014 0.594170 0.600343 0.607190 0.614281 0.621731 0.628970 0.634994 0.641655 0.646959 0.652933 0.658210 0.663957 0.669105 0.674815 0.679369 0.684910 0.689571 0.694430 0.699009 0.703158 0.707779 0.712326 0.716882 0.721482 0.726009 0.730544 0.734917 0.739428 0.743536 0.747717 0.751534 0.755432 0.759238 0.762989 0.766795 0.770709 0.774525 0.778341 0.781876 0.785500 0.789237 0.792671 0.796069 0.800046 0.803834 0.807646 0.811464 0.814739 0.818746 0.822675 0.826472 0.830213 0.833944 0.836866 0.841503 0.845414 0.849545 0.853057 0.855849 0.859112 0.862823 0.865345 0.869009 0.872637 0.875703 0.879059 0.881713 0.885869 0.889412 0.893847 0.896229 0.898039 0.899608 0.905882 0.905882 0.909804 0.911765 0.917647 0.917647 0.921569 0.921569 0.921569 0.921569 0.921569 0.921569 0.921569 0.921569 0.921569 0.921569 0.921569 0.921569 0.921569 0.921569 0.921569 0.921569 0.921569 0.921569 0.921569 0.921569 0.921569 0.921569 0.921569 0.921569 0.921569 0.921569 0.921569 0.921569 0.921569 0.921569 0.921569))
(time 0)
(channel blue)
(curve
   (curve-type smooth)
   (n-points 17)
   (points 34 -1.0 -1.0 -1.0 -1.0 -1.0 -1.0 -1.0 -1.0 -1.0 -1.0 -1.0 -1.0 -1.0 -1.0 -1.0 -1.0 -1.0 -1.0 -1.0 -1.0 -1.0 -1.0 -1.0 -1.0 -1.0 -1.0 -1.0 -1.0 -1.0 -1.0 -1.0 -1.0 -1.0 -1.0)
(n-samples 256)
(samples 256  0.005103 0.003479 0.002931 0.003125 0.003239 0.003491 0.004129 0.004961 0.006282 0.007570 0.009103 0.010994 0.013312 0.015519 0.017784 0.020321 0.023055 0.025834 0.028716 0.031862 0.034781 0.038128 0.041267 0.044796 0.048165 0.051421 0.054926 0.058548 0.061851 0.065563 0.068955 0.072612 0.076271 0.080041 0.083566 0.087560 0.091473 0.095380 0.099434 0.103296 0.107652 0.111664 0.115975 0.120106 0.124587 0.129022 0.133514 0.138270 0.142996 0.147755 0.152596 0.157630 0.162518 0.167737 0.172686 0.178054 0.183134 0.188557 0.193702 0.199445 0.204780 0.210312 0.216180 0.221791 0.227783 0.233395 0.239326 0.245372 0.250829 0.256740 0.262191 0.268066 0.273361 0.279207 0.284550 0.290306 0.295953 0.300999 0.306382 0.311731 0.317157 0.321803 0.326797 0.331592 0.336662 0.340596 0.345607 0.349700 0.353860 0.358120 0.362170 0.365833 0.369647 0.373843 0.377635 0.381419 0.385316 0.389664 0.393632 0.397701 0.402223 0.406580 0.410944 0.415424 0.419714 0.424114 0.428808 0.433482 0.438267 0.442720 0.447607 0.452471 0.457084 0.462143 0.466777 0.471429 0.476345 0.480942 0.485878 0.490966 0.495584 0.500685 0.505227 0.510729 0.515229 0.520345 0.525076 0.530298 0.535126 0.540205 0.545508 0.550208 0.554663 0.559959 0.564105 0.569239 0.573388 0.577963 0.582139 0.586222 0.590198 0.594002 0.598565 0.601975 0.605473 0.609635 0.613692 0.617032 0.620655 0.624872 0.628275 0.632006 0.636225 0.640147 0.644332 0.648668 0.653190 0.657650 0.662247 0.667234 0.671789 0.676518 0.680755 0.684999 0.688793 0.692884 0.696799 0.700671 0.704744 0.709200 0.713373 0.717749 0.721954 0.726461 0.730661 0.734914 0.739048 0.743504 0.747844 0.752323 0.756370 0.760385 0.764294 0.768192 0.772079 0.775908 0.779941 0.783675 0.787675 0.792137 0.796231 0.800117 0.804274 0.808268 0.812136 0.816259 0.819427 0.822478 0.825029 0.828050 0.828466 0.831158 0.833377 0.839513 0.840267 0.849237 0.853674 0.858538 0.865303 0.866536 0.868836 0.871294 0.880310 0.883045 0.885009 0.888889 0.894275 0.896359 0.898475 0.898039 0.890196 0.898039 0.898039 0.898039 0.898039 0.898039 0.898039 0.898039 0.898039 0.898039 0.898039 0.898039 0.898039 0.898039 0.898039 0.898039 0.898039 0.898039 0.898039 0.898039 0.898039 0.898039 0.898039 0.898039 0.898039 0.898039 0.898039 0.898039 0.898039 0.898039 0.898039 0.898039 0.898039 0.898039 0.898039 0.898039))
