# GIMP curves tool settings
(time 0)
(channel value)
(curve
   (curve-type smooth)
   (n-points 17)
   (points 34 -1.0 -1.0 -1.0 -1.0 -1.0 -1.0 -1.0 -1.0 -1.0 -1.0 -1.0 -1.0 -1.0 -1.0 -1.0 -1.0 -1.0 -1.0 -1.0 -1.0 -1.0 -1.0 -1.0 -1.0 -1.0 -1.0 -1.0 -1.0 -1.0 -1.0 -1.0 -1.0 -1.0 -1.0)
(n-samples 256)
(samples 256  0.000000 0.003922 0.007843 0.011765 0.015686 0.019608 0.023529 0.027451 0.031373 0.035294 0.039216 0.043137 0.047059 0.050980 0.054902 0.058824 0.062745 0.066667 0.070588 0.074510 0.078431 0.082353 0.086275 0.090196 0.094118 0.098039 0.101961 0.105882 0.109804 0.113725 0.117647 0.121569 0.125490 0.129412 0.133333 0.137255 0.141176 0.145098 0.149020 0.152941 0.156863 0.160784 0.164706 0.168627 0.172549 0.176471 0.180392 0.184314 0.188235 0.192157 0.196078 0.200000 0.203922 0.207843 0.211765 0.215686 0.219608 0.223529 0.227451 0.231373 0.235294 0.239216 0.243137 0.247059 0.250980 0.254902 0.258824 0.262745 0.266667 0.270588 0.274510 0.278431 0.282353 0.286275 0.290196 0.294118 0.298039 0.301961 0.305882 0.309804 0.313725 0.317647 0.321569 0.325490 0.329412 0.333333 0.337255 0.341176 0.345098 0.349020 0.352941 0.356863 0.360784 0.364706 0.368627 0.372549 0.376471 0.380392 0.384314 0.388235 0.392157 0.396078 0.400000 0.403922 0.407843 0.411765 0.415686 0.419608 0.423529 0.427451 0.431373 0.435294 0.439216 0.443137 0.447059 0.450980 0.454902 0.458824 0.462745 0.466667 0.470588 0.474510 0.478431 0.482353 0.486275 0.490196 0.494118 0.498039 0.501961 0.505882 0.509804 0.513725 0.517647 0.521569 0.525490 0.529412 0.533333 0.537255 0.541176 0.545098 0.549020 0.552941 0.556863 0.560784 0.564706 0.568627 0.572549 0.576471 0.580392 0.584314 0.588235 0.592157 0.596078 0.600000 0.603922 0.607843 0.611765 0.615686 0.619608 0.623529 0.627451 0.631373 0.635294 0.639216 0.643137 0.647059 0.650980 0.654902 0.658824 0.662745 0.666667 0.670588 0.674510 0.678431 0.682353 0.686275 0.690196 0.694118 0.698039 0.701961 0.705882 0.709804 0.713725 0.717647 0.721569 0.725490 0.729412 0.733333 0.737255 0.741176 0.745098 0.749020 0.752941 0.756863 0.760784 0.764706 0.768627 0.772549 0.776471 0.780392 0.784314 0.788235 0.792157 0.796078 0.800000 0.803922 0.807843 0.811765 0.815686 0.819608 0.823529 0.827451 0.831373 0.835294 0.839216 0.843137 0.847059 0.850980 0.854902 0.858824 0.862745 0.866667 0.870588 0.874510 0.878431 0.882353 0.886275 0.890196 0.894118 0.898039 0.901961 0.905882 0.909804 0.913725 0.917647 0.921569 0.925490 0.929412 0.933333 0.937255 0.941176 0.945098 0.949020 0.952941 0.956863 0.960784 0.964706 0.968627 0.972549 0.976471 0.980392 0.984314 0.988235 0.992157 0.996078 1.000000))
(time 0)
(channel red)
(curve
   (curve-type smooth)
   (n-points 17)
   (points 34 -1.0 -1.0 -1.0 -1.0 -1.0 -1.0 -1.0 -1.0 -1.0 -1.0 -1.0 -1.0 -1.0 -1.0 -1.0 -1.0 -1.0 -1.0 -1.0 -1.0 -1.0 -1.0 -1.0 -1.0 -1.0 -1.0 -1.0 -1.0 -1.0 -1.0 -1.0 -1.0 -1.0 -1.0)
(n-samples 256)
(samples 256  0.005038 0.004971 0.005309 0.006332 0.007816 0.009387 0.011195 0.012326 0.013770 0.015881 0.018031 0.019376 0.021407 0.023640 0.026223 0.027863 0.031352 0.031598 0.035569 0.037027 0.039125 0.041184 0.043439 0.046156 0.048366 0.051462 0.054531 0.056205 0.059451 0.061120 0.063275 0.068021 0.070613 0.073791 0.076190 0.078554 0.081840 0.085276 0.088032 0.091032 0.093886 0.097899 0.101325 0.105342 0.108860 0.111248 0.115036 0.118994 0.123912 0.126863 0.130433 0.134554 0.139073 0.144158 0.147977 0.151749 0.155266 0.159736 0.163979 0.169403 0.173075 0.177569 0.181192 0.187461 0.192378 0.197781 0.200647 0.205031 0.210400 0.214619 0.219832 0.223921 0.227981 0.233971 0.239284 0.244013 0.248778 0.253863 0.258462 0.263860 0.268078 0.272441 0.276829 0.282448 0.288088 0.292513 0.297149 0.301742 0.306557 0.311948 0.317604 0.322662 0.327142 0.331539 0.336538 0.343159 0.348298 0.352378 0.356687 0.361451 0.366876 0.371339 0.376292 0.380187 0.385831 0.390853 0.395818 0.400132 0.405240 0.409659 0.414302 0.419731 0.425054 0.429512 0.434290 0.438552 0.443319 0.449448 0.454119 0.458133 0.463297 0.468449 0.473549 0.479187 0.483371 0.487319 0.492599 0.497939 0.503043 0.507583 0.512114 0.516320 0.521063 0.526370 0.531548 0.535990 0.539897 0.544952 0.549577 0.554543 0.559117 0.563606 0.568121 0.572277 0.576453 0.580751 0.585773 0.589499 0.594493 0.599431 0.604306 0.608607 0.613648 0.618589 0.622669 0.627186 0.632122 0.636361 0.640884 0.645328 0.650361 0.655400 0.658997 0.663901 0.668327 0.673325 0.678022 0.681800 0.687023 0.692222 0.696331 0.700578 0.705214 0.708958 0.712962 0.717573 0.721572 0.725420 0.729855 0.734584 0.738436 0.743195 0.747519 0.753134 0.755235 0.758501 0.762108 0.766298 0.770961 0.774589 0.778941 0.782457 0.786574 0.790357 0.794776 0.798392 0.802074 0.804914 0.808971 0.812697 0.816658 0.820088 0.823350 0.827151 0.831728 0.834897 0.838812 0.841956 0.845142 0.847563 0.851782 0.854303 0.858619 0.862201 0.865575 0.869252 0.871870 0.874898 0.877409 0.881020 0.883997 0.887880 0.891695 0.894496 0.898403 0.900669 0.903286 0.906580 0.909854 0.913359 0.915981 0.919251 0.923045 0.925987 0.928307 0.931538 0.933903 0.936846 0.940907 0.943729 0.946759 0.950022 0.953080 0.954972 0.958836 0.960798 0.963636 0.967746 0.970674 0.973686 0.976955 0.978904 0.982216 0.985144 0.987541 0.990344))
(time 0)
(channel green)
(curve
   (curve-type smooth)
   (n-points 17)
   (points 34 -1.0 -1.0 -1.0 -1.0 -1.0 -1.0 -1.0 -1.0 -1.0 -1.0 -1.0 -1.0 -1.0 -1.0 -1.0 -1.0 -1.0 -1.0 -1.0 -1.0 -1.0 -1.0 -1.0 -1.0 -1.0 -1.0 -1.0 -1.0 -1.0 -1.0 -1.0 -1.0 -1.0 -1.0)
(n-samples 256)
(samples 256  0.006021 0.006552 0.007166 0.008166 0.009523 0.011034 0.012655 0.014090 0.016373 0.017806 0.019621 0.021913 0.023983 0.026289 0.028826 0.030686 0.033225 0.035195 0.038122 0.039794 0.042447 0.044711 0.048194 0.049404 0.052674 0.055312 0.058056 0.060605 0.063278 0.065705 0.070426 0.073373 0.075535 0.078090 0.080796 0.084540 0.087374 0.090650 0.094107 0.097256 0.100611 0.103770 0.107654 0.111495 0.114507 0.118080 0.121986 0.126814 0.130525 0.134105 0.138034 0.142493 0.146641 0.151095 0.155310 0.158808 0.164407 0.167876 0.172095 0.178572 0.181891 0.186530 0.192240 0.195633 0.201341 0.205302 0.209694 0.215737 0.219731 0.224697 0.229629 0.234068 0.240303 0.244746 0.248812 0.253974 0.258445 0.263582 0.268851 0.273798 0.278678 0.282845 0.288625 0.293934 0.298097 0.303184 0.307945 0.311829 0.319372 0.322651 0.327657 0.332614 0.337313 0.341363 0.347917 0.352933 0.357476 0.361451 0.367165 0.372406 0.377490 0.381331 0.386238 0.391250 0.396103 0.401238 0.405628 0.411171 0.415373 0.420420 0.425637 0.430934 0.435425 0.440016 0.444476 0.450406 0.455568 0.459794 0.464948 0.469560 0.475635 0.480370 0.485378 0.490059 0.494663 0.499653 0.505179 0.509834 0.514737 0.519267 0.524267 0.529054 0.534677 0.538633 0.543245 0.548433 0.552897 0.557826 0.562182 0.566988 0.571521 0.576758 0.581928 0.586193 0.590587 0.595505 0.600369 0.604668 0.609097 0.614040 0.618678 0.623349 0.628040 0.633542 0.638320 0.641835 0.646952 0.651057 0.655565 0.660425 0.664618 0.669480 0.674084 0.677023 0.683172 0.686953 0.691743 0.696144 0.699788 0.703632 0.708379 0.712699 0.717513 0.721089 0.725520 0.729996 0.734000 0.738253 0.742750 0.746468 0.750275 0.754508 0.759625 0.763375 0.767285 0.771012 0.775196 0.777971 0.783638 0.787153 0.791038 0.794539 0.798322 0.802790 0.805476 0.809980 0.813466 0.816630 0.821372 0.824661 0.828719 0.831466 0.835125 0.839097 0.841997 0.845579 0.849190 0.851993 0.855998 0.859333 0.862215 0.866225 0.868648 0.872959 0.876410 0.879234 0.882347 0.886632 0.888463 0.892751 0.895757 0.898742 0.901845 0.905797 0.908560 0.911054 0.914507 0.917392 0.921041 0.924531 0.927638 0.929499 0.933173 0.935467 0.939363 0.941401 0.945132 0.947467 0.950850 0.953061 0.955032 0.958346 0.961948 0.966087 0.967393 0.970035 0.972584 0.975635 0.978467 0.980838 0.983195 0.985378 0.988042 0.989907 0.991681 0.992979))
(time 0)
(channel blue)
(curve
   (curve-type smooth)
   (n-points 17)
   (points 34 -1.0 -1.0 -1.0 -1.0 -1.0 -1.0 -1.0 -1.0 -1.0 -1.0 -1.0 -1.0 -1.0 -1.0 -1.0 -1.0 -1.0 -1.0 -1.0 -1.0 -1.0 -1.0 -1.0 -1.0 -1.0 -1.0 -1.0 -1.0 -1.0 -1.0 -1.0 -1.0 -1.0 -1.0)
(n-samples 256)
(samples 256  0.004935 0.004652 0.004675 0.005249 0.006661 0.007942 0.010061 0.011245 0.013585 0.015284 0.017621 0.019761 0.021882 0.023804 0.026066 0.028808 0.031482 0.033688 0.035977 0.038112 0.040961 0.043810 0.046069 0.048899 0.051284 0.053614 0.056922 0.059664 0.062041 0.065411 0.068146 0.071203 0.073597 0.077047 0.079660 0.083469 0.086163 0.089575 0.092623 0.096524 0.099990 0.103848 0.107137 0.110772 0.113824 0.118114 0.122066 0.126255 0.130030 0.133517 0.138277 0.142908 0.146856 0.150816 0.154576 0.159636 0.164537 0.168878 0.173919 0.178002 0.183058 0.188394 0.194310 0.198192 0.202668 0.207568 0.212788 0.218090 0.222324 0.227604 0.232810 0.238136 0.243651 0.248594 0.253639 0.258459 0.263724 0.268879 0.273308 0.278310 0.282856 0.288789 0.293768 0.298255 0.303047 0.307691 0.312758 0.318653 0.323389 0.328388 0.333056 0.337719 0.343170 0.348601 0.353989 0.358091 0.361956 0.367335 0.373252 0.378003 0.382127 0.386725 0.391422 0.397003 0.401869 0.406074 0.410704 0.415433 0.420274 0.425575 0.430051 0.435179 0.438917 0.443923 0.448431 0.454087 0.458087 0.462428 0.467024 0.472679 0.477217 0.481969 0.486528 0.490841 0.496226 0.500800 0.506175 0.510880 0.515300 0.520253 0.525216 0.529481 0.534988 0.539215 0.544026 0.549281 0.553363 0.558402 0.563662 0.568052 0.572852 0.577935 0.582126 0.587082 0.590812 0.596025 0.601025 0.605472 0.610339 0.615010 0.619958 0.623522 0.628442 0.633364 0.639203 0.642919 0.647136 0.651555 0.656040 0.660544 0.665787 0.669700 0.673822 0.678883 0.682309 0.687695 0.692002 0.696270 0.699828 0.705172 0.708822 0.712996 0.718286 0.721780 0.724750 0.730076 0.734399 0.739012 0.742293 0.746443 0.750372 0.754670 0.758967 0.763822 0.767387 0.770696 0.774778 0.778454 0.783317 0.787448 0.790914 0.793905 0.797938 0.802082 0.805626 0.809071 0.813495 0.816562 0.820496 0.824142 0.828102 0.830673 0.834447 0.837760 0.841715 0.845194 0.849037 0.852683 0.855953 0.858739 0.862358 0.865665 0.868918 0.871614 0.875473 0.878253 0.882163 0.885550 0.887974 0.892214 0.894892 0.897442 0.900602 0.904283 0.906231 0.910589 0.914007 0.916784 0.919856 0.922662 0.924519 0.929317 0.931004 0.933109 0.936166 0.939715 0.942576 0.944758 0.946899 0.950799 0.952639 0.956345 0.958760 0.961074 0.964226 0.965375 0.969428 0.970640 0.973188 0.975675 0.977231 0.978562 0.983145 0.984168 0.988184 0.989830))
