# GIMP curves tool settings
(time 0)
(channel value)
(curve
   (curve-type smooth)
   (n-points 17)
   (points 34 -1.0 -1.0 -1.0 -1.0 -1.0 -1.0 -1.0 -1.0 -1.0 -1.0 -1.0 -1.0 -1.0 -1.0 -1.0 -1.0 -1.0 -1.0 -1.0 -1.0 -1.0 -1.0 -1.0 -1.0 -1.0 -1.0 -1.0 -1.0 -1.0 -1.0 -1.0 -1.0 -1.0 -1.0)
(n-samples 256)
(samples 256  0.000000 0.003922 0.007843 0.011765 0.015686 0.019608 0.023529 0.027451 0.031373 0.035294 0.039216 0.043137 0.047059 0.050980 0.054902 0.058824 0.062745 0.066667 0.070588 0.074510 0.078431 0.082353 0.086275 0.090196 0.094118 0.098039 0.101961 0.105882 0.109804 0.113725 0.117647 0.121569 0.125490 0.129412 0.133333 0.137255 0.141176 0.145098 0.149020 0.152941 0.156863 0.160784 0.164706 0.168627 0.172549 0.176471 0.180392 0.184314 0.188235 0.192157 0.196078 0.200000 0.203922 0.207843 0.211765 0.215686 0.219608 0.223529 0.227451 0.231373 0.235294 0.239216 0.243137 0.247059 0.250980 0.254902 0.258824 0.262745 0.266667 0.270588 0.274510 0.278431 0.282353 0.286275 0.290196 0.294118 0.298039 0.301961 0.305882 0.309804 0.313725 0.317647 0.321569 0.325490 0.329412 0.333333 0.337255 0.341176 0.345098 0.349020 0.352941 0.356863 0.360784 0.364706 0.368627 0.372549 0.376471 0.380392 0.384314 0.388235 0.392157 0.396078 0.400000 0.403922 0.407843 0.411765 0.415686 0.419608 0.423529 0.427451 0.431373 0.435294 0.439216 0.443137 0.447059 0.450980 0.454902 0.458824 0.462745 0.466667 0.470588 0.474510 0.478431 0.482353 0.486275 0.490196 0.494118 0.498039 0.501961 0.505882 0.509804 0.513725 0.517647 0.521569 0.525490 0.529412 0.533333 0.537255 0.541176 0.545098 0.549020 0.552941 0.556863 0.560784 0.564706 0.568627 0.572549 0.576471 0.580392 0.584314 0.588235 0.592157 0.596078 0.600000 0.603922 0.607843 0.611765 0.615686 0.619608 0.623529 0.627451 0.631373 0.635294 0.639216 0.643137 0.647059 0.650980 0.654902 0.658824 0.662745 0.666667 0.670588 0.674510 0.678431 0.682353 0.686275 0.690196 0.694118 0.698039 0.701961 0.705882 0.709804 0.713725 0.717647 0.721569 0.725490 0.729412 0.733333 0.737255 0.741176 0.745098 0.749020 0.752941 0.756863 0.760784 0.764706 0.768627 0.772549 0.776471 0.780392 0.784314 0.788235 0.792157 0.796078 0.800000 0.803922 0.807843 0.811765 0.815686 0.819608 0.823529 0.827451 0.831373 0.835294 0.839216 0.843137 0.847059 0.850980 0.854902 0.858824 0.862745 0.866667 0.870588 0.874510 0.878431 0.882353 0.886275 0.890196 0.894118 0.898039 0.901961 0.905882 0.909804 0.913725 0.917647 0.921569 0.925490 0.929412 0.933333 0.937255 0.941176 0.945098 0.949020 0.952941 0.956863 0.960784 0.964706 0.968627 0.972549 0.976471 0.980392 0.984314 0.988235 0.992157 0.996078 1.000000))
(time 0)
(channel red)
(curve
   (curve-type smooth)
   (n-points 17)
   (points 34 -1.0 -1.0 -1.0 -1.0 -1.0 -1.0 -1.0 -1.0 -1.0 -1.0 -1.0 -1.0 -1.0 -1.0 -1.0 -1.0 -1.0 -1.0 -1.0 -1.0 -1.0 -1.0 -1.0 -1.0 -1.0 -1.0 -1.0 -1.0 -1.0 -1.0 -1.0 -1.0 -1.0 -1.0)
(n-samples 256)
(samples 256  0.002488 0.002222 0.003953 0.005182 0.006794 0.008078 0.009693 0.011036 0.012970 0.014275 0.015987 0.017690 0.019489 0.021248 0.023390 0.024967 0.027036 0.028965 0.031175 0.033159 0.035081 0.037333 0.039590 0.041771 0.044001 0.046247 0.048556 0.050864 0.053326 0.055920 0.058380 0.060929 0.063545 0.066139 0.068896 0.071745 0.074645 0.077378 0.080362 0.083479 0.086644 0.089580 0.092909 0.096126 0.099639 0.102984 0.106545 0.110082 0.113828 0.117377 0.121276 0.125113 0.128976 0.132931 0.137001 0.140980 0.145066 0.149353 0.153587 0.157891 0.162183 0.166602 0.170983 0.175512 0.180108 0.184543 0.189266 0.194082 0.198497 0.203336 0.208305 0.212905 0.218105 0.223059 0.227856 0.232957 0.238069 0.243192 0.248412 0.253617 0.258845 0.264142 0.269318 0.274949 0.280093 0.285295 0.291118 0.296646 0.301795 0.307259 0.312772 0.318500 0.324084 0.329215 0.334665 0.340495 0.345993 0.351325 0.356646 0.362280 0.367682 0.373159 0.378554 0.383877 0.389239 0.394263 0.399576 0.405007 0.410222 0.415329 0.420462 0.425747 0.430603 0.435877 0.441012 0.446000 0.451085 0.455956 0.460911 0.465887 0.470984 0.476055 0.480882 0.486383 0.491234 0.496564 0.501803 0.507084 0.512186 0.517712 0.523458 0.528971 0.534667 0.540725 0.546416 0.552808 0.559180 0.565489 0.571799 0.578653 0.585091 0.591507 0.597779 0.604151 0.610420 0.616051 0.621597 0.627105 0.632672 0.637601 0.642909 0.647838 0.652944 0.657689 0.662717 0.667549 0.672307 0.677056 0.681737 0.686252 0.690954 0.695472 0.700364 0.704715 0.709465 0.713756 0.718572 0.723323 0.727454 0.732182 0.736767 0.740884 0.745195 0.749270 0.752882 0.756684 0.760284 0.762633 0.766552 0.769135 0.770689 0.774335 0.776905 0.777901 0.782222 0.784423 0.788133 0.792088 0.796062 0.800572 0.805393 0.810332 0.815459 0.819141 0.823246 0.827425 0.830883 0.834329 0.837966 0.840744 0.844274 0.847901 0.851296 0.854821 0.858421 0.861667 0.865493 0.868327 0.872268 0.875389 0.878330 0.880055 0.883077 0.885795 0.888267 0.894869 0.899528 0.900881 0.908296 0.910784 0.912605 0.909524 0.917195 0.918004 0.916807 0.918519 0.920784 0.922353 0.931373 0.927059 0.930980 0.941176 0.933333 0.937255 0.941176 0.946405 0.949020 0.952941 0.960784 0.956863 0.956863 0.960784 0.960784 0.960784 0.960784 0.960784 0.960784 0.960784 0.960784 0.960784 0.960784 0.960784 0.960784 0.960784 0.960784 0.960784))
(time 0)
(channel green)
(curve
   (curve-type smooth)
   (n-points 17)
   (points 34 -1.0 -1.0 -1.0 -1.0 -1.0 -1.0 -1.0 -1.0 -1.0 -1.0 -1.0 -1.0 -1.0 -1.0 -1.0 -1.0 -1.0 -1.0 -1.0 -1.0 -1.0 -1.0 -1.0 -1.0 -1.0 -1.0 -1.0 -1.0 -1.0 -1.0 -1.0 -1.0 -1.0 -1.0)
(n-samples 256)
(samples 256  0.005726 0.004900 0.003964 0.005491 0.006410 0.007705 0.009320 0.010629 0.011939 0.013942 0.015211 0.017272 0.018741 0.020894 0.022530 0.024433 0.026431 0.028406 0.030511 0.032423 0.034558 0.036612 0.038892 0.040974 0.043249 0.045581 0.047876 0.050296 0.052726 0.055223 0.057801 0.060405 0.063169 0.065754 0.068688 0.071531 0.074556 0.077523 0.080856 0.083978 0.087492 0.090809 0.094487 0.098012 0.101598 0.105476 0.109036 0.113017 0.116844 0.120662 0.124875 0.128591 0.132632 0.136812 0.140877 0.145036 0.149370 0.153714 0.157877 0.162512 0.167038 0.171208 0.175942 0.180466 0.185084 0.189560 0.194411 0.198978 0.203427 0.208138 0.213022 0.217779 0.222605 0.227312 0.232553 0.237562 0.242607 0.247586 0.252712 0.258049 0.263475 0.268837 0.274058 0.279504 0.284764 0.290488 0.295956 0.301421 0.306886 0.312347 0.317923 0.323391 0.328913 0.334268 0.339724 0.345035 0.350209 0.355737 0.360928 0.366260 0.371526 0.376850 0.382066 0.387295 0.392021 0.397099 0.402142 0.407159 0.411941 0.416984 0.421903 0.426760 0.431613 0.436516 0.441406 0.446244 0.451172 0.456350 0.461176 0.466036 0.471186 0.476443 0.480997 0.486084 0.491347 0.496474 0.501637 0.506886 0.511948 0.516887 0.522269 0.527035 0.532542 0.537490 0.542848 0.547594 0.552444 0.557583 0.562538 0.566933 0.572178 0.576981 0.582005 0.587183 0.592664 0.597649 0.603117 0.609314 0.615800 0.622414 0.629097 0.636081 0.641952 0.648278 0.653765 0.659531 0.665114 0.670980 0.676174 0.682020 0.687128 0.692393 0.697574 0.702692 0.707633 0.712318 0.717159 0.721927 0.726761 0.731576 0.736383 0.741274 0.745941 0.750471 0.755028 0.759475 0.763747 0.768012 0.772340 0.776515 0.780503 0.784684 0.788726 0.792776 0.796628 0.800387 0.804213 0.808081 0.811811 0.815919 0.819842 0.823727 0.827534 0.831314 0.835062 0.838837 0.843056 0.846380 0.850654 0.853252 0.858382 0.862144 0.866807 0.869171 0.871219 0.873478 0.879053 0.880326 0.885714 0.886392 0.893350 0.893647 0.896999 0.900609 0.901961 0.906288 0.912821 0.913235 0.911373 0.911765 0.911765 0.929412 0.915686 0.937255 0.937255 0.925490 0.925490 0.925490 0.925490 0.925490 0.925490 0.925490 0.925490 0.925490 0.925490 0.925490 0.925490 0.925490 0.925490 0.925490 0.925490 0.925490 0.925490 0.925490 0.925490 0.925490 0.925490 0.925490 0.925490 0.925490 0.925490 0.925490 0.925490 0.925490 0.925490 0.925490))
(time 0)
(channel blue)
(curve
   (curve-type smooth)
   (n-points 17)
   (points 34 -1.0 -1.0 -1.0 -1.0 -1.0 -1.0 -1.0 -1.0 -1.0 -1.0 -1.0 -1.0 -1.0 -1.0 -1.0 -1.0 -1.0 -1.0 -1.0 -1.0 -1.0 -1.0 -1.0 -1.0 -1.0 -1.0 -1.0 -1.0 -1.0 -1.0 -1.0 -1.0 -1.0 -1.0)
(n-samples 256)
(samples 256  0.005228 0.005016 0.006005 0.007595 0.009247 0.010790 0.012723 0.014687 0.017009 0.019166 0.021424 0.023840 0.026341 0.028864 0.031394 0.033983 0.036553 0.039244 0.041868 0.044611 0.047201 0.049904 0.052593 0.055385 0.058037 0.060660 0.063386 0.066165 0.068757 0.071502 0.074064 0.076833 0.079510 0.082227 0.084851 0.087606 0.090510 0.093170 0.096030 0.098883 0.101978 0.104892 0.107975 0.111068 0.114370 0.117739 0.121271 0.124975 0.128714 0.132596 0.136555 0.140690 0.144837 0.149072 0.153492 0.157916 0.162501 0.167090 0.171709 0.176725 0.181525 0.186326 0.191511 0.196525 0.201914 0.207005 0.212376 0.217773 0.223010 0.228345 0.233647 0.239070 0.244322 0.249778 0.255029 0.260623 0.266066 0.271341 0.276589 0.281806 0.287304 0.292176 0.297223 0.302256 0.307445 0.311795 0.316948 0.321386 0.325941 0.330496 0.335041 0.339262 0.343537 0.348297 0.352374 0.356707 0.361121 0.365919 0.370496 0.375008 0.379989 0.384602 0.389605 0.394596 0.399214 0.404226 0.409379 0.414484 0.419771 0.424692 0.429923 0.435303 0.440418 0.445891 0.451057 0.456173 0.461651 0.466710 0.472072 0.477648 0.483016 0.488491 0.493645 0.499656 0.504667 0.510278 0.515599 0.521318 0.526680 0.532159 0.538013 0.543094 0.548247 0.553942 0.558694 0.564433 0.569364 0.574553 0.579204 0.584034 0.588892 0.593337 0.598566 0.602948 0.607091 0.612010 0.616625 0.620797 0.625276 0.629848 0.633939 0.638275 0.643008 0.647391 0.652128 0.656806 0.661757 0.666559 0.671455 0.676929 0.681676 0.686504 0.691299 0.696030 0.700470 0.704838 0.709361 0.713753 0.718234 0.723082 0.727621 0.732325 0.736948 0.741561 0.746227 0.750760 0.755264 0.759843 0.764493 0.768962 0.773341 0.777547 0.781837 0.786058 0.790231 0.794324 0.798443 0.802478 0.806605 0.811032 0.815179 0.819371 0.823526 0.827634 0.831541 0.835600 0.839247 0.842353 0.845120 0.848176 0.850870 0.853744 0.856629 0.860385 0.863468 0.869305 0.872123 0.875980 0.881969 0.886928 0.885357 0.890745 0.895997 0.899654 0.902720 0.900654 0.909961 0.910924 0.909368 0.919608 0.917647 0.913725 0.913725 0.913725 0.913725 0.913725 0.913725 0.913725 0.913725 0.913725 0.913725 0.913725 0.913725 0.913725 0.913725 0.913725 0.913725 0.913725 0.913725 0.913725 0.913725 0.913725 0.913725 0.913725 0.913725 0.913725 0.913725 0.913725 0.913725 0.913725 0.913725 0.913725 0.913725 0.913725 0.913725 0.913725))
