# GIMP curves tool settings
(time 0)
(channel value)
(curve
   (curve-type smooth)
   (n-points 17)
   (points 34 -1.0 -1.0 -1.0 -1.0 -1.0 -1.0 -1.0 -1.0 -1.0 -1.0 -1.0 -1.0 -1.0 -1.0 -1.0 -1.0 -1.0 -1.0 -1.0 -1.0 -1.0 -1.0 -1.0 -1.0 -1.0 -1.0 -1.0 -1.0 -1.0 -1.0 -1.0 -1.0 -1.0 -1.0)
(n-samples 256)
(samples 256  0.000000 0.003922 0.007843 0.011765 0.015686 0.019608 0.023529 0.027451 0.031373 0.035294 0.039216 0.043137 0.047059 0.050980 0.054902 0.058824 0.062745 0.066667 0.070588 0.074510 0.078431 0.082353 0.086275 0.090196 0.094118 0.098039 0.101961 0.105882 0.109804 0.113725 0.117647 0.121569 0.125490 0.129412 0.133333 0.137255 0.141176 0.145098 0.149020 0.152941 0.156863 0.160784 0.164706 0.168627 0.172549 0.176471 0.180392 0.184314 0.188235 0.192157 0.196078 0.200000 0.203922 0.207843 0.211765 0.215686 0.219608 0.223529 0.227451 0.231373 0.235294 0.239216 0.243137 0.247059 0.250980 0.254902 0.258824 0.262745 0.266667 0.270588 0.274510 0.278431 0.282353 0.286275 0.290196 0.294118 0.298039 0.301961 0.305882 0.309804 0.313725 0.317647 0.321569 0.325490 0.329412 0.333333 0.337255 0.341176 0.345098 0.349020 0.352941 0.356863 0.360784 0.364706 0.368627 0.372549 0.376471 0.380392 0.384314 0.388235 0.392157 0.396078 0.400000 0.403922 0.407843 0.411765 0.415686 0.419608 0.423529 0.427451 0.431373 0.435294 0.439216 0.443137 0.447059 0.450980 0.454902 0.458824 0.462745 0.466667 0.470588 0.474510 0.478431 0.482353 0.486275 0.490196 0.494118 0.498039 0.501961 0.505882 0.509804 0.513725 0.517647 0.521569 0.525490 0.529412 0.533333 0.537255 0.541176 0.545098 0.549020 0.552941 0.556863 0.560784 0.564706 0.568627 0.572549 0.576471 0.580392 0.584314 0.588235 0.592157 0.596078 0.600000 0.603922 0.607843 0.611765 0.615686 0.619608 0.623529 0.627451 0.631373 0.635294 0.639216 0.643137 0.647059 0.650980 0.654902 0.658824 0.662745 0.666667 0.670588 0.674510 0.678431 0.682353 0.686275 0.690196 0.694118 0.698039 0.701961 0.705882 0.709804 0.713725 0.717647 0.721569 0.725490 0.729412 0.733333 0.737255 0.741176 0.745098 0.749020 0.752941 0.756863 0.760784 0.764706 0.768627 0.772549 0.776471 0.780392 0.784314 0.788235 0.792157 0.796078 0.800000 0.803922 0.807843 0.811765 0.815686 0.819608 0.823529 0.827451 0.831373 0.835294 0.839216 0.843137 0.847059 0.850980 0.854902 0.858824 0.862745 0.866667 0.870588 0.874510 0.878431 0.882353 0.886275 0.890196 0.894118 0.898039 0.901961 0.905882 0.909804 0.913725 0.917647 0.921569 0.925490 0.929412 0.933333 0.937255 0.941176 0.945098 0.949020 0.952941 0.956863 0.960784 0.964706 0.968627 0.972549 0.976471 0.980392 0.984314 0.988235 0.992157 0.996078 1.000000))
(time 0)
(channel red)
(curve
   (curve-type smooth)
   (n-points 17)
   (points 34 -1.0 -1.0 -1.0 -1.0 -1.0 -1.0 -1.0 -1.0 -1.0 -1.0 -1.0 -1.0 -1.0 -1.0 -1.0 -1.0 -1.0 -1.0 -1.0 -1.0 -1.0 -1.0 -1.0 -1.0 -1.0 -1.0 -1.0 -1.0 -1.0 -1.0 -1.0 -1.0 -1.0 -1.0)
(n-samples 256)
(samples 256  0.003736 0.000784 0.001037 0.000710 0.000843 0.000658 0.000846 0.000746 0.001179 0.001018 0.001624 0.001929 0.002942 0.005288 0.005990 0.006402 0.007863 0.010223 0.011384 0.014378 0.015339 0.018690 0.020235 0.023132 0.025734 0.028380 0.031609 0.034589 0.037591 0.041044 0.044521 0.048053 0.051605 0.055153 0.058927 0.062769 0.066654 0.070606 0.074596 0.078747 0.083056 0.087004 0.091423 0.095525 0.099935 0.104151 0.108736 0.113236 0.117703 0.122020 0.126541 0.131057 0.135496 0.140102 0.144527 0.149202 0.153620 0.158349 0.162847 0.167590 0.172076 0.176787 0.181282 0.185999 0.190870 0.195317 0.200166 0.205072 0.209548 0.214421 0.219355 0.223867 0.229057 0.233889 0.238599 0.243562 0.248620 0.253611 0.258540 0.263574 0.268661 0.273712 0.278794 0.284051 0.288786 0.293793 0.299309 0.304445 0.309256 0.314273 0.319413 0.324676 0.329766 0.334489 0.339513 0.344879 0.349751 0.354447 0.359311 0.364314 0.369149 0.374013 0.378682 0.383345 0.388225 0.392461 0.397119 0.401848 0.406444 0.410879 0.415303 0.419847 0.424061 0.428859 0.433249 0.437453 0.441906 0.446287 0.450689 0.454994 0.459515 0.463868 0.468242 0.473043 0.477351 0.482102 0.486638 0.491360 0.495862 0.500806 0.505796 0.510765 0.515743 0.521272 0.526352 0.531870 0.537870 0.543380 0.548833 0.555244 0.561109 0.566664 0.572066 0.577696 0.583371 0.588112 0.592770 0.597421 0.601904 0.606404 0.610646 0.614563 0.618878 0.622745 0.627398 0.631172 0.635187 0.638938 0.642775 0.646697 0.650863 0.654332 0.658369 0.661810 0.666048 0.669425 0.673725 0.677626 0.680922 0.685043 0.688887 0.692209 0.696263 0.699540 0.702357 0.705694 0.708062 0.709730 0.712763 0.714382 0.714707 0.717601 0.719210 0.718845 0.722336 0.723867 0.727003 0.730539 0.733969 0.738290 0.742759 0.747718 0.753015 0.755787 0.760261 0.763782 0.766818 0.769515 0.772758 0.774974 0.778406 0.781455 0.784307 0.787299 0.790427 0.793587 0.796643 0.799909 0.803377 0.806638 0.809551 0.811474 0.814494 0.816372 0.822051 0.828202 0.834152 0.835806 0.843620 0.844314 0.849486 0.846125 0.852489 0.851337 0.850700 0.858824 0.857647 0.859608 0.866667 0.869804 0.869804 0.874510 0.876471 0.882353 0.878431 0.883660 0.884314 0.886275 0.890196 0.882353 0.882353 0.894118 0.894118 0.894118 0.894118 0.894118 0.894118 0.894118 0.894118 0.894118 0.894118 0.894118 0.894118 0.894118 0.894118 0.894118))
(time 0)
(channel green)
(curve
   (curve-type smooth)
   (n-points 17)
   (points 34 -1.0 -1.0 -1.0 -1.0 -1.0 -1.0 -1.0 -1.0 -1.0 -1.0 -1.0 -1.0 -1.0 -1.0 -1.0 -1.0 -1.0 -1.0 -1.0 -1.0 -1.0 -1.0 -1.0 -1.0 -1.0 -1.0 -1.0 -1.0 -1.0 -1.0 -1.0 -1.0 -1.0 -1.0)
(n-samples 256)
(samples 256  0.005167 0.002755 0.000765 0.000730 0.000380 0.000191 0.000240 0.000142 0.000157 0.000245 0.000302 0.001020 0.001938 0.003685 0.004526 0.005428 0.006884 0.008806 0.010607 0.012302 0.014684 0.016780 0.019538 0.021987 0.024725 0.027930 0.030994 0.034264 0.037669 0.041215 0.044998 0.048796 0.052853 0.056785 0.061154 0.065340 0.069863 0.074309 0.079224 0.083911 0.089081 0.093935 0.099224 0.104309 0.109296 0.114752 0.119589 0.125108 0.130077 0.135200 0.140546 0.145206 0.150396 0.155498 0.160412 0.165406 0.170571 0.175589 0.180349 0.185898 0.190853 0.195351 0.200797 0.205800 0.210583 0.215379 0.220661 0.225436 0.229943 0.234676 0.240002 0.244730 0.249682 0.254464 0.259944 0.265144 0.270367 0.275330 0.280667 0.286095 0.291784 0.297344 0.302647 0.308127 0.313602 0.319571 0.325195 0.330855 0.336381 0.341762 0.347479 0.352826 0.358486 0.363817 0.369109 0.374260 0.379239 0.384529 0.389465 0.394508 0.399603 0.404666 0.409457 0.414515 0.418751 0.423393 0.428064 0.432514 0.436506 0.441204 0.445403 0.449682 0.453940 0.458359 0.462416 0.466778 0.471165 0.475566 0.479909 0.484346 0.488594 0.493464 0.496971 0.501657 0.506313 0.510836 0.515548 0.520224 0.524794 0.529117 0.533739 0.537941 0.542992 0.547349 0.552287 0.556193 0.560498 0.564982 0.569262 0.572746 0.577320 0.581697 0.586149 0.590967 0.595988 0.600385 0.605633 0.612113 0.619196 0.626887 0.634311 0.641852 0.648208 0.654994 0.660610 0.666742 0.672476 0.678388 0.683215 0.689585 0.694409 0.699343 0.704319 0.709384 0.714248 0.718679 0.723423 0.728038 0.732693 0.737337 0.741885 0.746530 0.750827 0.755321 0.759796 0.763910 0.767895 0.771630 0.775569 0.779451 0.783059 0.787103 0.791125 0.794747 0.798298 0.802141 0.805707 0.809161 0.812824 0.816939 0.820615 0.824608 0.828174 0.831416 0.835115 0.838801 0.842700 0.846192 0.849839 0.853976 0.858007 0.861512 0.865721 0.869435 0.871895 0.875583 0.879441 0.881736 0.885561 0.889318 0.891475 0.895294 0.898760 0.902502 0.905490 0.909804 0.913424 0.914216 0.915294 0.923529 0.923529 0.929412 0.927451 0.933333 0.933333 0.937255 0.937255 0.937255 0.937255 0.937255 0.937255 0.937255 0.937255 0.937255 0.937255 0.937255 0.937255 0.937255 0.937255 0.937255 0.937255 0.937255 0.937255 0.937255 0.937255 0.937255 0.937255 0.937255 0.937255 0.937255 0.937255 0.937255 0.937255 0.937255 0.937255 0.937255))
(time 0)
(channel blue)
(curve
   (curve-type smooth)
   (n-points 17)
   (points 34 -1.0 -1.0 -1.0 -1.0 -1.0 -1.0 -1.0 -1.0 -1.0 -1.0 -1.0 -1.0 -1.0 -1.0 -1.0 -1.0 -1.0 -1.0 -1.0 -1.0 -1.0 -1.0 -1.0 -1.0 -1.0 -1.0 -1.0 -1.0 -1.0 -1.0 -1.0 -1.0 -1.0 -1.0)
(n-samples 256)
(samples 256  0.005179 0.003523 0.002971 0.003172 0.003278 0.003530 0.004179 0.004993 0.006331 0.007664 0.009166 0.011039 0.013290 0.015577 0.017830 0.020365 0.023033 0.025852 0.028716 0.031774 0.034693 0.037997 0.041157 0.044577 0.047896 0.051149 0.054588 0.058127 0.061354 0.065043 0.068454 0.071999 0.075521 0.079364 0.082834 0.086728 0.090701 0.094441 0.098399 0.102218 0.106444 0.110544 0.114597 0.118646 0.123047 0.127386 0.131751 0.136587 0.141101 0.145687 0.150684 0.155346 0.160419 0.165251 0.170269 0.175308 0.180431 0.185712 0.190735 0.196321 0.201571 0.206990 0.212627 0.218100 0.224004 0.229371 0.235257 0.241047 0.246419 0.252060 0.257538 0.263060 0.268423 0.273967 0.279294 0.284876 0.290338 0.295286 0.300545 0.305677 0.311015 0.315459 0.320394 0.325042 0.329807 0.333720 0.338413 0.342430 0.346370 0.350435 0.354235 0.357721 0.361237 0.365431 0.368960 0.372533 0.376206 0.380351 0.384189 0.388101 0.392375 0.396563 0.400796 0.405140 0.409288 0.413635 0.418005 0.422587 0.427225 0.431593 0.436321 0.441046 0.445539 0.450359 0.454992 0.459408 0.464376 0.468717 0.473435 0.478426 0.483079 0.487985 0.492498 0.497897 0.502296 0.507313 0.511898 0.517123 0.521862 0.526658 0.532050 0.536512 0.540972 0.546201 0.550189 0.555236 0.559272 0.563878 0.567778 0.571906 0.575817 0.579296 0.584015 0.587304 0.590524 0.594473 0.598595 0.601484 0.604829 0.609006 0.612133 0.615562 0.619397 0.623216 0.627013 0.631241 0.635563 0.639827 0.644455 0.649258 0.653421 0.657875 0.662135 0.666117 0.669777 0.673443 0.677173 0.680923 0.684749 0.689036 0.693159 0.697391 0.701560 0.706138 0.710184 0.714307 0.718414 0.722895 0.727146 0.731295 0.735418 0.739214 0.743042 0.746885 0.750786 0.754411 0.757882 0.761591 0.765626 0.770010 0.774046 0.778374 0.782014 0.786650 0.790102 0.794557 0.797514 0.800179 0.802699 0.805553 0.806162 0.808711 0.810916 0.817601 0.817702 0.827136 0.831373 0.836806 0.843905 0.844510 0.846141 0.848941 0.858742 0.861015 0.862492 0.866480 0.870745 0.874230 0.874946 0.874510 0.862745 0.873203 0.873203 0.873203 0.873203 0.873203 0.873203 0.873203 0.873203 0.873203 0.873203 0.873203 0.873203 0.873203 0.873203 0.873203 0.873203 0.873203 0.873203 0.873203 0.873203 0.873203 0.873203 0.873203 0.873203 0.873203 0.873203 0.873203 0.873203 0.873203 0.873203 0.873203 0.873203 0.873203 0.873203 0.873203))
