# GIMP curves tool settings

(time 0)
(channel value)
(curve
    (curve-type smooth)
    (n-points 17)
    (points 34 0.000000 0.000000 -1.000000 -1.000000 0.121569 0.121569 -1.000000 -1.000000 0.247059 0.247059 -1.000000 -1.000000 0.372549 0.372549 -1.000000 -1.000000 0.498039 0.498039 -1.000000 -1.000000 0.623529 0.623529 -1.000000 -1.000000 0.749020 0.749020 -1.000000 -1.000000 0.874510 0.874510 -1.000000 -1.000000 1.000000 1.000000)
    (n-samples 256)
    (samples 256 0.000000 0.003922 0.007843 0.011765 0.015686 0.019608 0.023529 0.027451 0.031373 0.035294 0.039216 0.043137 0.047059 0.050980 0.054902 0.058824 0.062745 0.066667 0.070588 0.074510 0.078431 0.082353 0.086275 0.090196 0.094118 0.098039 0.101961 0.105882 0.109804 0.113725 0.117647 0.121569 0.125491 0.129412 0.133334 0.137255 0.141177 0.145098 0.149020 0.152942 0.156863 0.160785 0.164706 0.168628 0.172549 0.176471 0.180393 0.184314 0.188236 0.192157 0.196079 0.200000 0.203922 0.207844 0.211765 0.215687 0.219608 0.223530 0.227451 0.231373 0.235294 0.239216 0.243138 0.247059 0.250981 0.254902 0.258824 0.262745 0.266667 0.270588 0.274510 0.278432 0.282353 0.286275 0.290196 0.294118 0.298039 0.301961 0.305883 0.309804 0.313726 0.317647 0.321569 0.325490 0.329412 0.333334 0.337255 0.341177 0.345098 0.349020 0.352941 0.356863 0.360784 0.364706 0.368628 0.372549 0.376471 0.380392 0.384314 0.388235 0.392157 0.396078 0.400000 0.403922 0.407843 0.411765 0.415686 0.419608 0.423529 0.427451 0.431373 0.435294 0.439216 0.443137 0.447059 0.450980 0.454902 0.458824 0.462745 0.466667 0.470588 0.474510 0.478431 0.482353 0.486274 0.490196 0.494118 0.498039 0.501961 0.505882 0.509804 0.513725 0.517647 0.521568 0.525490 0.529412 0.533333 0.537255 0.541176 0.545098 0.549019 0.552941 0.556863 0.560784 0.564706 0.568627 0.572549 0.576470 0.580392 0.584314 0.588235 0.592157 0.596078 0.600000 0.603921 0.607843 0.611764 0.615686 0.619608 0.623529 0.627451 0.631372 0.635294 0.639215 0.643137 0.647058 0.650980 0.654902 0.658823 0.662745 0.666666 0.670588 0.674509 0.678431 0.682353 0.686274 0.690196 0.694117 0.698039 0.701960 0.705882 0.709804 0.713725 0.717647 0.721568 0.725490 0.729411 0.733333 0.737254 0.741176 0.745098 0.749020 0.752942 0.756863 0.760785 0.764706 0.768628 0.772549 0.776471 0.780393 0.784314 0.788236 0.792157 0.796079 0.800000 0.803922 0.807844 0.811765 0.815687 0.819608 0.823530 0.827451 0.831373 0.835295 0.839216 0.843138 0.847059 0.850981 0.854902 0.858824 0.862745 0.866667 0.870589 0.874510 0.878432 0.882353 0.886275 0.890196 0.894118 0.898039 0.901961 0.905883 0.909804 0.913726 0.917647 0.921569 0.925490 0.929412 0.933334 0.937255 0.941177 0.945098 0.949020 0.952941 0.956863 0.960785 0.964706 0.968628 0.972549 0.976471 0.980392 0.984314 0.988235 0.992157 0.996079 1.000000))
(time 0)
(channel red)
(curve
    (curve-type smooth)
    (n-points 17)
    (points 34 0.000000 0.004696 -1.000000 -1.000000 0.121569 0.025426 -1.000000 -1.000000 0.247059 0.174362 -1.000000 -1.000000 0.372549 0.361901 -1.000000 -1.000000 0.498039 0.533516 -1.000000 -1.000000 0.623529 0.687090 -1.000000 -1.000000 0.749020 0.816747 -1.000000 -1.000000 0.874510 0.915679 -1.000000 -1.000000 1.000000 0.993978)
    (n-samples 256)
    (samples 256 0.004696 0.004354 0.004017 0.003694 0.003389 0.003110 0.002863 0.002653 0.002487 0.002372 0.002314 0.002319 0.002394 0.002545 0.002777 0.003098 0.003514 0.004031 0.004656 0.005394 0.006252 0.007237 0.008354 0.009611 0.011013 0.012566 0.014277 0.016153 0.018200 0.020423 0.022830 0.025426 0.028222 0.031217 0.034403 0.037773 0.041319 0.045032 0.048905 0.052930 0.057099 0.061403 0.065836 0.070388 0.075052 0.079820 0.084684 0.089637 0.094669 0.099774 0.104943 0.110168 0.115442 0.120755 0.126102 0.131472 0.136859 0.142255 0.147651 0.153040 0.158413 0.163764 0.169083 0.174362 0.179664 0.185052 0.190521 0.196066 0.201682 0.207364 0.213107 0.218906 0.224756 0.230652 0.236589 0.242562 0.248566 0.254596 0.260647 0.266714 0.272793 0.278877 0.284962 0.291044 0.297117 0.303175 0.309215 0.315231 0.321219 0.327172 0.333086 0.338957 0.344779 0.350547 0.356256 0.361901 0.367506 0.373097 0.378675 0.384238 0.389787 0.395322 0.400842 0.406347 0.411837 0.417312 0.422772 0.428216 0.433644 0.439056 0.444452 0.449831 0.455194 0.460541 0.465870 0.471182 0.476476 0.481753 0.487013 0.492254 0.497477 0.502682 0.507869 0.513036 0.518185 0.523315 0.528425 0.533516 0.538591 0.543654 0.548703 0.553740 0.558762 0.563769 0.568762 0.573739 0.578699 0.583643 0.588570 0.593479 0.598369 0.603241 0.608093 0.612926 0.617737 0.622528 0.627297 0.632045 0.636769 0.641470 0.646148 0.650801 0.655430 0.660033 0.664610 0.669161 0.673685 0.678182 0.682650 0.687090 0.691507 0.695907 0.700288 0.704652 0.708996 0.713320 0.717623 0.721906 0.726167 0.730405 0.734621 0.738813 0.742981 0.747124 0.751242 0.755333 0.759398 0.763436 0.767445 0.771427 0.775378 0.779301 0.783192 0.787053 0.790882 0.794679 0.798443 0.802173 0.805869 0.809530 0.813156 0.816747 0.820299 0.823812 0.827287 0.830725 0.834126 0.837493 0.840825 0.844124 0.847390 0.850625 0.853829 0.857004 0.860149 0.863267 0.866358 0.869423 0.872463 0.875478 0.878471 0.881441 0.884390 0.887318 0.890227 0.893117 0.895989 0.898845 0.901685 0.904510 0.907321 0.910119 0.912905 0.915679 0.918433 0.921158 0.923855 0.926524 0.929167 0.931784 0.934377 0.936946 0.939493 0.942018 0.944522 0.947006 0.949471 0.951918 0.954349 0.956763 0.959162 0.961547 0.963919 0.966278 0.968626 0.970964 0.973292 0.975612 0.977925 0.980230 0.982530 0.984825 0.987117 0.989406 0.991692 0.993978))
(time 0)
(channel green)
(curve
    (curve-type smooth)
    (n-points 17)
    (points 34 0.000000 0.005169 -1.000000 -1.000000 0.121569 0.055403 -1.000000 -1.000000 0.247059 0.194423 -1.000000 -1.000000 0.372549 0.362058 -1.000000 -1.000000 0.498039 0.528089 -1.000000 -1.000000 0.623529 0.681625 -1.000000 -1.000000 0.749020 0.812175 -1.000000 -1.000000 0.874510 0.914305 -1.000000 -1.000000 1.000000 0.992361)
    (n-samples 256)
    (samples 256 0.005169 0.006098 0.007032 0.007974 0.008930 0.009902 0.010896 0.011916 0.012967 0.014052 0.015175 0.016342 0.017557 0.018823 0.020145 0.021528 0.022976 0.024493 0.026083 0.027751 0.029501 0.031337 0.033265 0.035287 0.037408 0.039633 0.041966 0.044412 0.046974 0.049657 0.052465 0.055403 0.058476 0.061683 0.065020 0.068480 0.072059 0.075752 0.079552 0.083456 0.087457 0.091551 0.095732 0.099995 0.104335 0.108747 0.113224 0.117763 0.122358 0.127003 0.131694 0.136425 0.141191 0.145986 0.150806 0.155646 0.160499 0.165361 0.170226 0.175090 0.179947 0.184791 0.189619 0.194423 0.199243 0.204117 0.209044 0.214019 0.219041 0.224107 0.229213 0.234357 0.239537 0.244750 0.249992 0.255261 0.260554 0.265869 0.271203 0.276552 0.281915 0.287288 0.292669 0.298055 0.303443 0.308830 0.314214 0.319592 0.324960 0.330317 0.335660 0.340985 0.346290 0.351573 0.356830 0.362058 0.367276 0.372502 0.377735 0.382974 0.388218 0.393467 0.398718 0.403971 0.409226 0.414481 0.419734 0.424986 0.430235 0.435480 0.440721 0.445955 0.451182 0.456402 0.461612 0.466813 0.472003 0.477181 0.482346 0.487498 0.492634 0.497755 0.502858 0.507944 0.513011 0.518058 0.523085 0.528089 0.533081 0.538070 0.543056 0.548036 0.553011 0.557979 0.562939 0.567890 0.572832 0.577764 0.582683 0.587590 0.592484 0.597363 0.602227 0.607075 0.611905 0.616717 0.621509 0.626282 0.631033 0.635762 0.640468 0.645150 0.649807 0.654438 0.659042 0.663619 0.668166 0.672683 0.677170 0.681625 0.686055 0.690468 0.694862 0.699238 0.703595 0.707932 0.712248 0.716545 0.720820 0.725073 0.729305 0.733513 0.737699 0.741861 0.745999 0.750112 0.754201 0.758263 0.762300 0.766310 0.770293 0.774248 0.778175 0.782074 0.785943 0.789783 0.793593 0.797373 0.801121 0.804838 0.808522 0.812175 0.815795 0.819383 0.822940 0.826466 0.829961 0.833427 0.836863 0.840270 0.843648 0.846998 0.850319 0.853613 0.856880 0.860120 0.863333 0.866521 0.869683 0.872819 0.875931 0.879018 0.882082 0.885121 0.888138 0.891131 0.894103 0.897052 0.899979 0.902885 0.905770 0.908635 0.911480 0.914305 0.917103 0.919867 0.922597 0.925296 0.927964 0.930602 0.933212 0.935794 0.938349 0.940880 0.943385 0.945868 0.948329 0.950769 0.953189 0.955590 0.957974 0.960341 0.962692 0.965030 0.967354 0.969666 0.971967 0.974258 0.976540 0.978814 0.981082 0.983345 0.985603 0.987857 0.990110 0.992361))
(time 0)
(channel blue)
(curve
    (curve-type smooth)
    (n-points 17)
    (points 34 0.000000 0.004692 -1.000000 -1.000000 0.121569 0.047321 -1.000000 -1.000000 0.247059 0.189510 -1.000000 -1.000000 0.372549 0.360777 -1.000000 -1.000000 0.498039 0.528688 -1.000000 -1.000000 0.623529 0.683753 -1.000000 -1.000000 0.749020 0.813204 -1.000000 -1.000000 0.874510 0.913705 -1.000000 -1.000000 1.000000 0.995848)
    (n-samples 256)
    (samples 256 0.004692 0.005289 0.005890 0.006502 0.007127 0.007773 0.008442 0.009141 0.009874 0.010646 0.011462 0.012326 0.013244 0.014220 0.015259 0.016367 0.017547 0.018806 0.020147 0.021575 0.023096 0.024715 0.026435 0.028263 0.030202 0.032259 0.034437 0.036741 0.039177 0.041749 0.044462 0.047321 0.050334 0.053501 0.056815 0.060272 0.063864 0.067586 0.071431 0.075393 0.079465 0.083643 0.087919 0.092287 0.096741 0.101276 0.105884 0.110559 0.115296 0.120088 0.124929 0.129813 0.134734 0.139685 0.144660 0.149654 0.154659 0.159670 0.164681 0.169685 0.174676 0.179648 0.184595 0.189510 0.194437 0.199422 0.204460 0.209550 0.214688 0.219871 0.225096 0.230361 0.235662 0.240996 0.246361 0.251753 0.257169 0.262607 0.268064 0.273536 0.279021 0.284515 0.290016 0.295520 0.301025 0.306528 0.312026 0.317515 0.322993 0.328457 0.333904 0.339331 0.344734 0.350112 0.355461 0.360777 0.366080 0.371387 0.376699 0.382014 0.387332 0.392652 0.397972 0.403292 0.408611 0.413928 0.419243 0.424554 0.429861 0.435162 0.440457 0.445745 0.451025 0.456297 0.461559 0.466810 0.472050 0.477277 0.482492 0.487692 0.492878 0.498048 0.503201 0.508337 0.513454 0.518553 0.523631 0.528688 0.533734 0.538779 0.543822 0.548861 0.553895 0.558924 0.563945 0.568958 0.573961 0.578954 0.583936 0.588904 0.593858 0.598797 0.603720 0.608624 0.613511 0.618377 0.623222 0.628044 0.632844 0.637618 0.642367 0.647089 0.651783 0.656447 0.661081 0.665684 0.670253 0.674789 0.679289 0.683753 0.688188 0.692600 0.696990 0.701358 0.705702 0.710024 0.714321 0.718595 0.722845 0.727070 0.731270 0.735445 0.739595 0.743719 0.747817 0.751888 0.755933 0.759951 0.763942 0.767905 0.771841 0.775748 0.779627 0.783476 0.787297 0.791089 0.794851 0.798582 0.802284 0.805955 0.809595 0.813204 0.816778 0.820314 0.823814 0.827277 0.830706 0.834102 0.837464 0.840795 0.844095 0.847365 0.850606 0.853819 0.857005 0.860165 0.863300 0.866411 0.869499 0.872565 0.875610 0.878634 0.881639 0.884626 0.887596 0.890549 0.893487 0.896411 0.899321 0.902219 0.905105 0.907981 0.910847 0.913705 0.916546 0.919360 0.922149 0.924914 0.927655 0.930374 0.933071 0.935747 0.938402 0.941039 0.943656 0.946257 0.948840 0.951407 0.953960 0.956498 0.959022 0.961534 0.964034 0.966523 0.969003 0.971473 0.973934 0.976388 0.978835 0.981277 0.983713 0.986145 0.988574 0.991000 0.993424 0.995848))
(time 0)
(channel alpha)
(curve
    (curve-type free)
    (n-points 17)
    (points 34 -1.000000 -1.000000 -1.000000 -1.000000 -1.000000 -1.000000 -1.000000 -1.000000 -1.000000 -1.000000 -1.000000 -1.000000 -1.000000 -1.000000 -1.000000 -1.000000 -1.000000 -1.000000 -1.000000 -1.000000 -1.000000 -1.000000 -1.000000 -1.000000 -1.000000 -1.000000 -1.000000 -1.000000 -1.000000 -1.000000 -1.000000 -1.000000 -1.000000 -1.000000)
    (n-samples 256)
    (samples 256 0.000000 0.003922 0.007843 0.011765 0.015686 0.019608 0.023529 0.027451 0.031373 0.035294 0.039216 0.043137 0.047059 0.050980 0.054902 0.058824 0.062745 0.066667 0.070588 0.074510 0.078431 0.082353 0.086275 0.090196 0.094118 0.098039 0.101961 0.105882 0.109804 0.113725 0.117647 0.121569 0.125490 0.129412 0.133333 0.137255 0.141176 0.145098 0.149020 0.152941 0.156863 0.160784 0.164706 0.168627 0.172549 0.176471 0.180392 0.184314 0.188235 0.192157 0.196078 0.200000 0.203922 0.207843 0.211765 0.215686 0.219608 0.223529 0.227451 0.231373 0.235294 0.239216 0.243137 0.247059 0.250980 0.254902 0.258824 0.262745 0.266667 0.270588 0.274510 0.278431 0.282353 0.286275 0.290196 0.294118 0.298039 0.301961 0.305882 0.309804 0.313725 0.317647 0.321569 0.325490 0.329412 0.333333 0.337255 0.341176 0.345098 0.349020 0.352941 0.356863 0.360784 0.364706 0.368627 0.372549 0.376471 0.380392 0.384314 0.388235 0.392157 0.396078 0.400000 0.403922 0.407843 0.411765 0.415686 0.419608 0.423529 0.427451 0.431373 0.435294 0.439216 0.443137 0.447059 0.450980 0.454902 0.458824 0.462745 0.466667 0.470588 0.474510 0.478431 0.482353 0.486275 0.490196 0.494118 0.498039 0.501961 0.505882 0.509804 0.513725 0.517647 0.521569 0.525490 0.529412 0.533333 0.537255 0.541176 0.545098 0.549020 0.552941 0.556863 0.560784 0.564706 0.568627 0.572549 0.576471 0.580392 0.584314 0.588235 0.592157 0.596078 0.600000 0.603922 0.607843 0.611765 0.615686 0.619608 0.623529 0.627451 0.631373 0.635294 0.639216 0.643137 0.647059 0.650980 0.654902 0.658824 0.662745 0.666667 0.670588 0.674510 0.678431 0.682353 0.686275 0.690196 0.694118 0.698039 0.701961 0.705882 0.709804 0.713725 0.717647 0.721569 0.725490 0.729412 0.733333 0.737255 0.741176 0.745098 0.749020 0.752941 0.756863 0.760784 0.764706 0.768627 0.772549 0.776471 0.780392 0.784314 0.788235 0.792157 0.796078 0.800000 0.803922 0.807843 0.811765 0.815686 0.819608 0.823529 0.827451 0.831373 0.835294 0.839216 0.843137 0.847059 0.850980 0.854902 0.858824 0.862745 0.866667 0.870588 0.874510 0.878431 0.882353 0.886275 0.890196 0.894118 0.898039 0.901961 0.905882 0.909804 0.913725 0.917647 0.921569 0.925490 0.929412 0.933333 0.937255 0.941176 0.945098 0.949020 0.952941 0.956863 0.960784 0.964706 0.968627 0.972549 0.976471 0.980392 0.984314 0.988235 0.992157 0.996078 1.000000))

# end of curves tool settings
