# GIMP curves tool settings

(time 0)
(channel value)
(curve
    (curve-type smooth)
    (n-points 17)
    (points 34 0.000000 0.000000 -1.000000 -1.000000 0.121569 0.121569 -1.000000 -1.000000 0.247059 0.247059 -1.000000 -1.000000 0.372549 0.372549 -1.000000 -1.000000 0.498039 0.498039 -1.000000 -1.000000 0.623529 0.623529 -1.000000 -1.000000 0.749020 0.749020 -1.000000 -1.000000 0.874510 0.874510 -1.000000 -1.000000 1.000000 1.000000)
    (n-samples 256)
    (samples 256 0.000000 0.003922 0.007843 0.011765 0.015686 0.019608 0.023529 0.027451 0.031373 0.035294 0.039216 0.043137 0.047059 0.050980 0.054902 0.058824 0.062745 0.066667 0.070588 0.074510 0.078431 0.082353 0.086275 0.090196 0.094118 0.098039 0.101961 0.105882 0.109804 0.113725 0.117647 0.121569 0.125491 0.129412 0.133334 0.137255 0.141177 0.145098 0.149020 0.152942 0.156863 0.160785 0.164706 0.168628 0.172549 0.176471 0.180393 0.184314 0.188236 0.192157 0.196079 0.200000 0.203922 0.207844 0.211765 0.215687 0.219608 0.223530 0.227451 0.231373 0.235294 0.239216 0.243138 0.247059 0.250981 0.254902 0.258824 0.262745 0.266667 0.270588 0.274510 0.278432 0.282353 0.286275 0.290196 0.294118 0.298039 0.301961 0.305883 0.309804 0.313726 0.317647 0.321569 0.325490 0.329412 0.333334 0.337255 0.341177 0.345098 0.349020 0.352941 0.356863 0.360784 0.364706 0.368628 0.372549 0.376471 0.380392 0.384314 0.388235 0.392157 0.396078 0.400000 0.403922 0.407843 0.411765 0.415686 0.419608 0.423529 0.427451 0.431373 0.435294 0.439216 0.443137 0.447059 0.450980 0.454902 0.458824 0.462745 0.466667 0.470588 0.474510 0.478431 0.482353 0.486274 0.490196 0.494118 0.498039 0.501961 0.505882 0.509804 0.513725 0.517647 0.521568 0.525490 0.529412 0.533333 0.537255 0.541176 0.545098 0.549019 0.552941 0.556863 0.560784 0.564706 0.568627 0.572549 0.576470 0.580392 0.584314 0.588235 0.592157 0.596078 0.600000 0.603921 0.607843 0.611764 0.615686 0.619608 0.623529 0.627451 0.631372 0.635294 0.639215 0.643137 0.647058 0.650980 0.654902 0.658823 0.662745 0.666666 0.670588 0.674509 0.678431 0.682353 0.686274 0.690196 0.694117 0.698039 0.701960 0.705882 0.709804 0.713725 0.717647 0.721568 0.725490 0.729411 0.733333 0.737254 0.741176 0.745098 0.749020 0.752942 0.756863 0.760785 0.764706 0.768628 0.772549 0.776471 0.780393 0.784314 0.788236 0.792157 0.796079 0.800000 0.803922 0.807844 0.811765 0.815687 0.819608 0.823530 0.827451 0.831373 0.835295 0.839216 0.843138 0.847059 0.850981 0.854902 0.858824 0.862745 0.866667 0.870589 0.874510 0.878432 0.882353 0.886275 0.890196 0.894118 0.898039 0.901961 0.905883 0.909804 0.913726 0.917647 0.921569 0.925490 0.929412 0.933334 0.937255 0.941177 0.945098 0.949020 0.952941 0.956863 0.960785 0.964706 0.968628 0.972549 0.976471 0.980392 0.984314 0.988235 0.992157 0.996079 1.000000))
(time 0)
(channel red)
(curve
    (curve-type smooth)
    (n-points 17)
    (points 34 0.000000 0.006682 -1.000000 -1.000000 0.121569 0.053081 -1.000000 -1.000000 0.247059 0.203063 -1.000000 -1.000000 0.372549 0.385490 -1.000000 -1.000000 0.498039 0.547876 -1.000000 -1.000000 0.623529 0.695979 -1.000000 -1.000000 0.749020 0.820579 -1.000000 -1.000000 0.874510 0.915571 -1.000000 -1.000000 1.000000 0.993383)
    (n-samples 256)
    (samples 256 0.006682 0.007369 0.008062 0.008764 0.009482 0.010220 0.010983 0.011777 0.012606 0.013475 0.014390 0.015356 0.016377 0.017459 0.018607 0.019825 0.021120 0.022495 0.023956 0.025509 0.027157 0.028907 0.030763 0.032730 0.034813 0.037018 0.039350 0.041813 0.044412 0.047153 0.050041 0.053081 0.056279 0.059636 0.063145 0.066800 0.070594 0.074521 0.078576 0.082752 0.087043 0.091442 0.095943 0.100540 0.105227 0.109998 0.114846 0.119765 0.124749 0.129792 0.134887 0.140029 0.145210 0.150425 0.155668 0.160932 0.166211 0.171499 0.176789 0.182076 0.187353 0.192614 0.197853 0.203063 0.208298 0.213610 0.218996 0.224451 0.229969 0.235546 0.241178 0.246858 0.252583 0.258348 0.264148 0.269978 0.275833 0.281708 0.287599 0.293501 0.299410 0.305319 0.311225 0.317122 0.323006 0.328873 0.334716 0.340532 0.346316 0.352062 0.357766 0.363424 0.369030 0.374580 0.380068 0.385490 0.390865 0.396216 0.401542 0.406845 0.412125 0.417382 0.422617 0.427830 0.433023 0.438195 0.443348 0.448480 0.453594 0.458690 0.463768 0.468828 0.473872 0.478900 0.483912 0.488908 0.493890 0.498858 0.503812 0.508754 0.513682 0.518599 0.523504 0.528398 0.533282 0.538156 0.543021 0.547876 0.552725 0.557568 0.562404 0.567233 0.572054 0.576865 0.581666 0.586457 0.591236 0.596002 0.600755 0.605494 0.610217 0.614925 0.619616 0.624289 0.628944 0.633580 0.638195 0.642790 0.647362 0.651912 0.656439 0.660941 0.665418 0.669869 0.674292 0.678689 0.683056 0.687394 0.691702 0.695979 0.700231 0.704466 0.708683 0.712881 0.717060 0.721219 0.725358 0.729475 0.733572 0.737646 0.741698 0.745726 0.749731 0.753712 0.757668 0.761598 0.765503 0.769381 0.773232 0.777055 0.780850 0.784617 0.788354 0.792061 0.795738 0.799384 0.802998 0.806581 0.810131 0.813647 0.817130 0.820579 0.823990 0.827361 0.830693 0.833987 0.837245 0.840468 0.843656 0.846811 0.849935 0.853027 0.856090 0.859125 0.862131 0.865112 0.868068 0.870999 0.873908 0.876795 0.879661 0.882508 0.885337 0.888149 0.890944 0.893725 0.896492 0.899246 0.901989 0.904722 0.907445 0.910160 0.912869 0.915571 0.918259 0.920922 0.923561 0.926178 0.928773 0.931347 0.933900 0.936433 0.938948 0.941444 0.943924 0.946386 0.948833 0.951265 0.953683 0.956088 0.958480 0.960860 0.963229 0.965588 0.967937 0.970278 0.972611 0.974937 0.977256 0.979570 0.981880 0.984185 0.986487 0.988787 0.991086 0.993383))
(time 0)
(channel green)
(curve
    (curve-type smooth)
    (n-points 17)
    (points 34 0.000000 0.004813 -1.000000 -1.000000 0.121569 0.078648 -1.000000 -1.000000 0.247059 0.226512 -1.000000 -1.000000 0.372549 0.388962 -1.000000 -1.000000 0.498039 0.538890 -1.000000 -1.000000 0.623529 0.691640 -1.000000 -1.000000 0.749020 0.814798 -1.000000 -1.000000 0.874510 0.915399 -1.000000 -1.000000 1.000000 0.981127)
    (n-samples 256)
    (samples 256 0.004813 0.006627 0.008444 0.010268 0.012103 0.013953 0.015820 0.017708 0.019621 0.021563 0.023536 0.025545 0.027593 0.029684 0.031821 0.034007 0.036247 0.038543 0.040900 0.043321 0.045809 0.048369 0.051002 0.053714 0.056508 0.059387 0.062354 0.065414 0.068570 0.071825 0.075183 0.078648 0.082228 0.085926 0.089738 0.093657 0.097680 0.101800 0.106014 0.110314 0.114698 0.119159 0.123692 0.128292 0.132954 0.137673 0.142444 0.147262 0.152121 0.157016 0.161943 0.166896 0.171870 0.176860 0.181861 0.186868 0.191875 0.196878 0.201871 0.206849 0.211808 0.216741 0.221644 0.226512 0.231381 0.236287 0.241230 0.246206 0.251213 0.256248 0.261308 0.266392 0.271497 0.276621 0.281760 0.286913 0.292076 0.297249 0.302427 0.307608 0.312791 0.317972 0.323149 0.328320 0.333481 0.338632 0.343768 0.348888 0.353990 0.359069 0.364126 0.369155 0.374157 0.379126 0.384062 0.388962 0.393830 0.398671 0.403489 0.408283 0.413056 0.417808 0.422542 0.427258 0.431959 0.436645 0.441317 0.445978 0.450629 0.455270 0.459904 0.464532 0.469156 0.473775 0.478393 0.483011 0.487629 0.492250 0.496874 0.501503 0.506139 0.510783 0.515436 0.520100 0.524776 0.529465 0.534170 0.538890 0.543636 0.548414 0.553220 0.558051 0.562905 0.567779 0.572669 0.577573 0.582487 0.587409 0.592336 0.597265 0.602193 0.607116 0.612032 0.616938 0.621831 0.626708 0.631566 0.636402 0.641213 0.645997 0.650749 0.655467 0.660149 0.664791 0.669390 0.673943 0.678448 0.682901 0.687299 0.691640 0.695933 0.700191 0.704415 0.708605 0.712762 0.716886 0.720978 0.725039 0.729069 0.733069 0.737040 0.740983 0.744897 0.748784 0.752644 0.756478 0.760286 0.764070 0.767830 0.771566 0.775279 0.778970 0.782639 0.786288 0.789916 0.793524 0.797113 0.800684 0.804237 0.807774 0.811293 0.814798 0.818289 0.821769 0.825237 0.828691 0.832131 0.835555 0.838962 0.842352 0.845722 0.849072 0.852401 0.855708 0.858991 0.862250 0.865482 0.868688 0.871866 0.875014 0.878132 0.881219 0.884273 0.887294 0.890280 0.893230 0.896142 0.899017 0.901852 0.904647 0.907400 0.910111 0.912777 0.915399 0.917973 0.920497 0.922973 0.925403 0.927788 0.930130 0.932431 0.934692 0.936914 0.939100 0.941250 0.943367 0.945453 0.947507 0.949533 0.951532 0.953506 0.955455 0.957382 0.959289 0.961176 0.963045 0.964899 0.966738 0.968565 0.970380 0.972186 0.973984 0.975775 0.977562 0.979345 0.981127))
(time 0)
(channel blue)
(curve
    (curve-type smooth)
    (n-points 17)
    (points 34 0.000000 0.006761 -1.000000 -1.000000 0.121569 0.071975 -1.000000 -1.000000 0.247059 0.217606 -1.000000 -1.000000 0.372549 0.380142 -1.000000 -1.000000 0.498039 0.542687 -1.000000 -1.000000 0.623529 0.691263 -1.000000 -1.000000 0.749020 0.816561 -1.000000 -1.000000 0.874510 0.913496 -1.000000 -1.000000 1.000000 0.992558)
    (n-samples 256)
    (samples 256 0.006761 0.008244 0.009730 0.011225 0.012731 0.014253 0.015794 0.017358 0.018949 0.020572 0.022229 0.023925 0.025664 0.027450 0.029286 0.031176 0.033124 0.035135 0.037211 0.039358 0.041578 0.043875 0.046255 0.048719 0.051273 0.053920 0.056664 0.059509 0.062458 0.065517 0.068687 0.071975 0.075388 0.078929 0.082594 0.086375 0.090269 0.094270 0.098371 0.102568 0.106854 0.111225 0.115675 0.120199 0.124790 0.129444 0.134155 0.138917 0.143725 0.148574 0.153457 0.158369 0.163306 0.168261 0.173228 0.178203 0.183180 0.188153 0.193117 0.198067 0.202996 0.207899 0.212771 0.217606 0.222437 0.227300 0.232193 0.237114 0.242062 0.247035 0.252032 0.257051 0.262091 0.267150 0.272226 0.277319 0.282425 0.287545 0.292676 0.297817 0.302966 0.308122 0.313283 0.318448 0.323614 0.328782 0.333948 0.339111 0.344271 0.349425 0.354571 0.359709 0.364837 0.369953 0.375055 0.380142 0.385228 0.390326 0.395436 0.400555 0.405683 0.410818 0.415959 0.421105 0.426254 0.431406 0.436558 0.441710 0.446860 0.452007 0.457150 0.462287 0.467418 0.472540 0.477653 0.482756 0.487846 0.492923 0.497986 0.503033 0.508063 0.513074 0.518066 0.523037 0.527986 0.532912 0.537813 0.542687 0.547546 0.552399 0.557247 0.562087 0.566919 0.571742 0.576556 0.581359 0.586151 0.590930 0.595697 0.600449 0.605187 0.609909 0.614615 0.619303 0.623973 0.628624 0.633256 0.637866 0.642455 0.647021 0.651564 0.656083 0.660577 0.665045 0.669487 0.673901 0.678286 0.682642 0.686968 0.691263 0.695533 0.699785 0.704019 0.708233 0.712428 0.716602 0.720756 0.724889 0.729000 0.733090 0.737157 0.741201 0.745222 0.749219 0.753191 0.757139 0.761062 0.764959 0.768830 0.772674 0.776491 0.780281 0.784043 0.787776 0.791480 0.795155 0.798800 0.802414 0.805998 0.809551 0.813072 0.816561 0.820015 0.823431 0.826812 0.830157 0.833469 0.836747 0.839993 0.843208 0.846393 0.849548 0.852675 0.855774 0.858848 0.861895 0.864919 0.867918 0.870895 0.873851 0.876786 0.879701 0.882597 0.885476 0.888338 0.891184 0.894015 0.896832 0.899636 0.902428 0.905209 0.907981 0.910742 0.913496 0.916233 0.918945 0.921632 0.924295 0.926936 0.929554 0.932151 0.934728 0.937285 0.939823 0.942343 0.944846 0.947333 0.949804 0.952260 0.954703 0.957132 0.959549 0.961955 0.964350 0.966735 0.969111 0.971479 0.973840 0.976194 0.978542 0.980886 0.983225 0.985561 0.987895 0.990227 0.992558))
(time 0)
(channel alpha)
(curve
    (curve-type free)
    (n-points 17)
    (points 34 -1.000000 -1.000000 -1.000000 -1.000000 -1.000000 -1.000000 -1.000000 -1.000000 -1.000000 -1.000000 -1.000000 -1.000000 -1.000000 -1.000000 -1.000000 -1.000000 -1.000000 -1.000000 -1.000000 -1.000000 -1.000000 -1.000000 -1.000000 -1.000000 -1.000000 -1.000000 -1.000000 -1.000000 -1.000000 -1.000000 -1.000000 -1.000000 -1.000000 -1.000000)
    (n-samples 256)
    (samples 256 0.000000 0.003922 0.007843 0.011765 0.015686 0.019608 0.023529 0.027451 0.031373 0.035294 0.039216 0.043137 0.047059 0.050980 0.054902 0.058824 0.062745 0.066667 0.070588 0.074510 0.078431 0.082353 0.086275 0.090196 0.094118 0.098039 0.101961 0.105882 0.109804 0.113725 0.117647 0.121569 0.125490 0.129412 0.133333 0.137255 0.141176 0.145098 0.149020 0.152941 0.156863 0.160784 0.164706 0.168627 0.172549 0.176471 0.180392 0.184314 0.188235 0.192157 0.196078 0.200000 0.203922 0.207843 0.211765 0.215686 0.219608 0.223529 0.227451 0.231373 0.235294 0.239216 0.243137 0.247059 0.250980 0.254902 0.258824 0.262745 0.266667 0.270588 0.274510 0.278431 0.282353 0.286275 0.290196 0.294118 0.298039 0.301961 0.305882 0.309804 0.313725 0.317647 0.321569 0.325490 0.329412 0.333333 0.337255 0.341176 0.345098 0.349020 0.352941 0.356863 0.360784 0.364706 0.368627 0.372549 0.376471 0.380392 0.384314 0.388235 0.392157 0.396078 0.400000 0.403922 0.407843 0.411765 0.415686 0.419608 0.423529 0.427451 0.431373 0.435294 0.439216 0.443137 0.447059 0.450980 0.454902 0.458824 0.462745 0.466667 0.470588 0.474510 0.478431 0.482353 0.486275 0.490196 0.494118 0.498039 0.501961 0.505882 0.509804 0.513725 0.517647 0.521569 0.525490 0.529412 0.533333 0.537255 0.541176 0.545098 0.549020 0.552941 0.556863 0.560784 0.564706 0.568627 0.572549 0.576471 0.580392 0.584314 0.588235 0.592157 0.596078 0.600000 0.603922 0.607843 0.611765 0.615686 0.619608 0.623529 0.627451 0.631373 0.635294 0.639216 0.643137 0.647059 0.650980 0.654902 0.658824 0.662745 0.666667 0.670588 0.674510 0.678431 0.682353 0.686275 0.690196 0.694118 0.698039 0.701961 0.705882 0.709804 0.713725 0.717647 0.721569 0.725490 0.729412 0.733333 0.737255 0.741176 0.745098 0.749020 0.752941 0.756863 0.760784 0.764706 0.768627 0.772549 0.776471 0.780392 0.784314 0.788235 0.792157 0.796078 0.800000 0.803922 0.807843 0.811765 0.815686 0.819608 0.823529 0.827451 0.831373 0.835294 0.839216 0.843137 0.847059 0.850980 0.854902 0.858824 0.862745 0.866667 0.870588 0.874510 0.878431 0.882353 0.886275 0.890196 0.894118 0.898039 0.901961 0.905882 0.909804 0.913725 0.917647 0.921569 0.925490 0.929412 0.933333 0.937255 0.941176 0.945098 0.949020 0.952941 0.956863 0.960784 0.964706 0.968627 0.972549 0.976471 0.980392 0.984314 0.988235 0.992157 0.996078 1.000000))

# end of curves tool settings
