# GIMP curves tool settings
(time 0)
(channel value)
(curve
   (curve-type smooth)
   (n-points 17)
   (points 34 -1.0 -1.0 -1.0 -1.0 -1.0 -1.0 -1.0 -1.0 -1.0 -1.0 -1.0 -1.0 -1.0 -1.0 -1.0 -1.0 -1.0 -1.0 -1.0 -1.0 -1.0 -1.0 -1.0 -1.0 -1.0 -1.0 -1.0 -1.0 -1.0 -1.0 -1.0 -1.0 -1.0 -1.0)
(n-samples 256)
(samples 256  0.000000 0.003922 0.007843 0.011765 0.015686 0.019608 0.023529 0.027451 0.031373 0.035294 0.039216 0.043137 0.047059 0.050980 0.054902 0.058824 0.062745 0.066667 0.070588 0.074510 0.078431 0.082353 0.086275 0.090196 0.094118 0.098039 0.101961 0.105882 0.109804 0.113725 0.117647 0.121569 0.125490 0.129412 0.133333 0.137255 0.141176 0.145098 0.149020 0.152941 0.156863 0.160784 0.164706 0.168627 0.172549 0.176471 0.180392 0.184314 0.188235 0.192157 0.196078 0.200000 0.203922 0.207843 0.211765 0.215686 0.219608 0.223529 0.227451 0.231373 0.235294 0.239216 0.243137 0.247059 0.250980 0.254902 0.258824 0.262745 0.266667 0.270588 0.274510 0.278431 0.282353 0.286275 0.290196 0.294118 0.298039 0.301961 0.305882 0.309804 0.313725 0.317647 0.321569 0.325490 0.329412 0.333333 0.337255 0.341176 0.345098 0.349020 0.352941 0.356863 0.360784 0.364706 0.368627 0.372549 0.376471 0.380392 0.384314 0.388235 0.392157 0.396078 0.400000 0.403922 0.407843 0.411765 0.415686 0.419608 0.423529 0.427451 0.431373 0.435294 0.439216 0.443137 0.447059 0.450980 0.454902 0.458824 0.462745 0.466667 0.470588 0.474510 0.478431 0.482353 0.486275 0.490196 0.494118 0.498039 0.501961 0.505882 0.509804 0.513725 0.517647 0.521569 0.525490 0.529412 0.533333 0.537255 0.541176 0.545098 0.549020 0.552941 0.556863 0.560784 0.564706 0.568627 0.572549 0.576471 0.580392 0.584314 0.588235 0.592157 0.596078 0.600000 0.603922 0.607843 0.611765 0.615686 0.619608 0.623529 0.627451 0.631373 0.635294 0.639216 0.643137 0.647059 0.650980 0.654902 0.658824 0.662745 0.666667 0.670588 0.674510 0.678431 0.682353 0.686275 0.690196 0.694118 0.698039 0.701961 0.705882 0.709804 0.713725 0.717647 0.721569 0.725490 0.729412 0.733333 0.737255 0.741176 0.745098 0.749020 0.752941 0.756863 0.760784 0.764706 0.768627 0.772549 0.776471 0.780392 0.784314 0.788235 0.792157 0.796078 0.800000 0.803922 0.807843 0.811765 0.815686 0.819608 0.823529 0.827451 0.831373 0.835294 0.839216 0.843137 0.847059 0.850980 0.854902 0.858824 0.862745 0.866667 0.870588 0.874510 0.878431 0.882353 0.886275 0.890196 0.894118 0.898039 0.901961 0.905882 0.909804 0.913725 0.917647 0.921569 0.925490 0.929412 0.933333 0.937255 0.941176 0.945098 0.949020 0.952941 0.956863 0.960784 0.964706 0.968627 0.972549 0.976471 0.980392 0.984314 0.988235 0.992157 0.996078 1.000000))
(time 0)
(channel red)
(curve
   (curve-type smooth)
   (n-points 17)
   (points 34 -1.0 -1.0 -1.0 -1.0 -1.0 -1.0 -1.0 -1.0 -1.0 -1.0 -1.0 -1.0 -1.0 -1.0 -1.0 -1.0 -1.0 -1.0 -1.0 -1.0 -1.0 -1.0 -1.0 -1.0 -1.0 -1.0 -1.0 -1.0 -1.0 -1.0 -1.0 -1.0 -1.0 -1.0)
(n-samples 256)
(samples 256  0.003849 0.003849 0.003849 0.003918 0.007830 0.011706 0.011763 0.015678 0.019519 0.019606 0.023521 0.027376 0.027587 0.031366 0.035244 0.036145 0.039231 0.043118 0.046848 0.047742 0.051081 0.054882 0.058742 0.060534 0.063315 0.066982 0.070691 0.074537 0.078404 0.082285 0.086110 0.089232 0.092737 0.096440 0.100343 0.104375 0.108448 0.112760 0.117393 0.121561 0.125579 0.129619 0.133683 0.137834 0.142037 0.146519 0.151204 0.155828 0.160685 0.165052 0.169297 0.173666 0.178378 0.183102 0.187817 0.192581 0.196986 0.201519 0.206198 0.210910 0.215551 0.220339 0.224834 0.229429 0.234111 0.238729 0.243244 0.247984 0.252688 0.257284 0.261801 0.266432 0.270906 0.275461 0.280324 0.284919 0.289370 0.293887 0.298297 0.302769 0.307711 0.312302 0.316743 0.320988 0.325475 0.329861 0.334587 0.339365 0.343807 0.348128 0.352362 0.356624 0.360921 0.366120 0.370758 0.374940 0.379124 0.383443 0.387735 0.392128 0.397366 0.401818 0.406072 0.410280 0.414551 0.418881 0.423328 0.428223 0.433041 0.437345 0.441630 0.445920 0.450338 0.454716 0.459134 0.464214 0.468759 0.473166 0.477616 0.481960 0.486244 0.490590 0.494981 0.499436 0.504335 0.508694 0.513263 0.517530 0.521781 0.525880 0.530012 0.534223 0.538352 0.542329 0.546763 0.550837 0.555609 0.559731 0.563553 0.567279 0.571081 0.574793 0.578531 0.582227 0.585886 0.589702 0.593498 0.597465 0.601457 0.607533 0.612250 0.616157 0.620041 0.623951 0.627849 0.631752 0.635672 0.639598 0.643538 0.647467 0.651421 0.655367 0.659283 0.663230 0.667153 0.671134 0.675047 0.678932 0.682903 0.686782 0.690672 0.694663 0.698618 0.702610 0.706678 0.710649 0.714754 0.719017 0.723099 0.727332 0.731693 0.735743 0.739923 0.744375 0.748290 0.752272 0.756142 0.759904 0.763731 0.767392 0.771079 0.774747 0.778289 0.782103 0.785697 0.789445 0.793167 0.796827 0.800518 0.804189 0.807918 0.811611 0.815435 0.819376 0.823292 0.827134 0.830632 0.833941 0.836922 0.840177 0.843501 0.847486 0.851413 0.855437 0.858791 0.862286 0.865177 0.868997 0.871614 0.875359 0.878867 0.884127 0.886727 0.890553 0.894958 0.897603 0.901569 0.905882 0.907843 0.912157 0.913725 0.917647 0.921569 0.925490 0.929412 0.932026 0.937255 0.941176 0.941176 0.949020 0.949020 0.952941 0.952941 0.952941 0.952941 0.952941 0.952941 0.952941 0.952941 0.952941 0.952941 0.952941 0.952941 0.952941 0.952941 0.952941))
(time 0)
(channel green)
(curve
   (curve-type smooth)
   (n-points 17)
   (points 34 -1.0 -1.0 -1.0 -1.0 -1.0 -1.0 -1.0 -1.0 -1.0 -1.0 -1.0 -1.0 -1.0 -1.0 -1.0 -1.0 -1.0 -1.0 -1.0 -1.0 -1.0 -1.0 -1.0 -1.0 -1.0 -1.0 -1.0 -1.0 -1.0 -1.0 -1.0 -1.0 -1.0 -1.0)
(n-samples 256)
(samples 256  0.003646 0.003646 0.003646 0.003800 0.007702 0.011357 0.011701 0.015621 0.018966 0.019568 0.023472 0.026500 0.027423 0.031260 0.034768 0.035257 0.039118 0.042851 0.046001 0.046980 0.050817 0.054560 0.058084 0.060178 0.062597 0.066452 0.070253 0.074028 0.077759 0.081489 0.085187 0.088941 0.092258 0.096087 0.099869 0.103889 0.107921 0.112087 0.116167 0.120197 0.124154 0.128248 0.132251 0.136336 0.140420 0.144942 0.149787 0.154133 0.158718 0.163070 0.167294 0.171709 0.176592 0.181184 0.185741 0.190378 0.194754 0.199203 0.204153 0.208655 0.213153 0.217844 0.222187 0.226845 0.231648 0.236229 0.240617 0.245305 0.249776 0.254583 0.259274 0.263739 0.268158 0.272824 0.277233 0.281999 0.286664 0.291091 0.295453 0.299864 0.304486 0.309235 0.313817 0.318175 0.322498 0.326784 0.331447 0.336182 0.340713 0.345093 0.349425 0.353751 0.358083 0.362990 0.367554 0.371962 0.376393 0.380778 0.385116 0.389478 0.394383 0.398907 0.403364 0.407787 0.412196 0.416490 0.420805 0.425776 0.430433 0.434800 0.439279 0.443631 0.447923 0.452183 0.456642 0.461546 0.466013 0.470364 0.474709 0.479024 0.483273 0.487482 0.491778 0.496459 0.501038 0.505384 0.509589 0.513818 0.518002 0.522219 0.526347 0.530474 0.534725 0.539390 0.543989 0.548418 0.552681 0.556810 0.560921 0.565061 0.569155 0.573217 0.577284 0.581316 0.585496 0.589733 0.594209 0.598535 0.603101 0.607512 0.611654 0.615702 0.619752 0.623729 0.627712 0.631664 0.635599 0.639509 0.643448 0.647319 0.651233 0.655128 0.659029 0.662925 0.666845 0.670764 0.674686 0.678613 0.682538 0.686451 0.690335 0.694224 0.698132 0.702052 0.705964 0.709883 0.713812 0.717754 0.721697 0.725633 0.729552 0.733433 0.737317 0.741207 0.745120 0.749036 0.752955 0.756870 0.760791 0.764706 0.768612 0.772529 0.776386 0.780271 0.784029 0.787550 0.790961 0.793713 0.796772 0.800148 0.803971 0.807843 0.811835 0.815686 0.819608 0.823529 0.827257 0.831020 0.834530 0.837811 0.840239 0.843451 0.847299 0.850980 0.854902 0.858824 0.862745 0.866667 0.870588 0.874510 0.874510 0.878431 0.882353 0.886275 0.886275 0.894118 0.894118 0.894118 0.894118 0.894118 0.894118 0.894118 0.894118 0.894118 0.894118 0.894118 0.894118 0.894118 0.894118 0.894118 0.894118 0.894118 0.894118 0.894118 0.894118 0.894118 0.894118 0.894118 0.894118 0.894118 0.894118 0.894118 0.894118 0.894118 0.894118 0.894118))
(time 0)
(channel blue)
(curve
   (curve-type smooth)
   (n-points 17)
   (points 34 -1.0 -1.0 -1.0 -1.0 -1.0 -1.0 -1.0 -1.0 -1.0 -1.0 -1.0 -1.0 -1.0 -1.0 -1.0 -1.0 -1.0 -1.0 -1.0 -1.0 -1.0 -1.0 -1.0 -1.0 -1.0 -1.0 -1.0 -1.0 -1.0 -1.0 -1.0 -1.0 -1.0 -1.0)
(n-samples 256)
(samples 256  0.002614 0.002614 0.002614 0.003747 0.007297 0.009855 0.011488 0.014833 0.016836 0.019141 0.022312 0.024350 0.026812 0.029802 0.032260 0.034533 0.037652 0.040410 0.042988 0.045737 0.048768 0.051882 0.054723 0.057478 0.060763 0.064122 0.067419 0.070779 0.074296 0.077743 0.081308 0.084892 0.088439 0.092169 0.096102 0.100083 0.104057 0.108145 0.112494 0.116687 0.120917 0.125208 0.129491 0.133876 0.138203 0.142633 0.147064 0.151433 0.156087 0.160555 0.165086 0.169522 0.173979 0.178499 0.183061 0.187813 0.192353 0.196875 0.201394 0.205799 0.210471 0.215292 0.219812 0.224347 0.228802 0.233319 0.237878 0.242707 0.247284 0.251784 0.256261 0.260735 0.265226 0.270000 0.274683 0.279175 0.283586 0.288028 0.292533 0.297138 0.301977 0.306540 0.311003 0.315435 0.319952 0.324513 0.329595 0.334147 0.338654 0.343122 0.347503 0.352025 0.356808 0.362045 0.366597 0.371005 0.375302 0.379574 0.384143 0.389191 0.394341 0.398695 0.402910 0.407071 0.411321 0.415831 0.420926 0.426075 0.430352 0.434462 0.438532 0.442659 0.447041 0.451874 0.456721 0.461630 0.465708 0.469719 0.473753 0.477860 0.482275 0.487039 0.491736 0.495924 0.500618 0.504652 0.508667 0.512723 0.517009 0.521473 0.525896 0.530264 0.534482 0.538492 0.543283 0.547292 0.551398 0.555625 0.559870 0.564144 0.568465 0.572768 0.576912 0.581139 0.585452 0.589626 0.593790 0.598280 0.602654 0.606740 0.610875 0.614984 0.619003 0.623059 0.627095 0.631108 0.635101 0.639100 0.643132 0.647152 0.651218 0.655237 0.659306 0.663327 0.667245 0.671399 0.675718 0.679988 0.684392 0.688462 0.692339 0.696351 0.700030 0.703834 0.707547 0.711045 0.714457 0.718053 0.721697 0.725532 0.729416 0.733317 0.737243 0.741170 0.745096 0.749018 0.752939 0.756862 0.760781 0.764699 0.768609 0.772501 0.776387 0.780254 0.784137 0.787762 0.791613 0.795447 0.798398 0.800574 0.804493 0.808114 0.811940 0.815686 0.819498 0.823239 0.827212 0.830719 0.834356 0.838235 0.841635 0.843922 0.847222 0.850980 0.854902 0.858824 0.862745 0.866387 0.870588 0.874510 0.878431 0.882353 0.882353 0.882353 0.882353 0.882353 0.882353 0.882353 0.882353 0.882353 0.882353 0.882353 0.882353 0.882353 0.882353 0.882353 0.882353 0.882353 0.882353 0.882353 0.882353 0.882353 0.882353 0.882353 0.882353 0.882353 0.882353 0.882353 0.882353 0.882353 0.882353 0.882353 0.882353 0.882353 0.882353 0.882353))
