# GIMP curves tool settings
(time 0)
(channel value)
(curve
   (curve-type smooth)
   (n-points 17)
   (points 34 -1.0 -1.0 -1.0 -1.0 -1.0 -1.0 -1.0 -1.0 -1.0 -1.0 -1.0 -1.0 -1.0 -1.0 -1.0 -1.0 -1.0 -1.0 -1.0 -1.0 -1.0 -1.0 -1.0 -1.0 -1.0 -1.0 -1.0 -1.0 -1.0 -1.0 -1.0 -1.0 -1.0 -1.0)
(n-samples 256)
(samples 256  0.000000 0.003922 0.007843 0.011765 0.015686 0.019608 0.023529 0.027451 0.031373 0.035294 0.039216 0.043137 0.047059 0.050980 0.054902 0.058824 0.062745 0.066667 0.070588 0.074510 0.078431 0.082353 0.086275 0.090196 0.094118 0.098039 0.101961 0.105882 0.109804 0.113725 0.117647 0.121569 0.125490 0.129412 0.133333 0.137255 0.141176 0.145098 0.149020 0.152941 0.156863 0.160784 0.164706 0.168627 0.172549 0.176471 0.180392 0.184314 0.188235 0.192157 0.196078 0.200000 0.203922 0.207843 0.211765 0.215686 0.219608 0.223529 0.227451 0.231373 0.235294 0.239216 0.243137 0.247059 0.250980 0.254902 0.258824 0.262745 0.266667 0.270588 0.274510 0.278431 0.282353 0.286275 0.290196 0.294118 0.298039 0.301961 0.305882 0.309804 0.313725 0.317647 0.321569 0.325490 0.329412 0.333333 0.337255 0.341176 0.345098 0.349020 0.352941 0.356863 0.360784 0.364706 0.368627 0.372549 0.376471 0.380392 0.384314 0.388235 0.392157 0.396078 0.400000 0.403922 0.407843 0.411765 0.415686 0.419608 0.423529 0.427451 0.431373 0.435294 0.439216 0.443137 0.447059 0.450980 0.454902 0.458824 0.462745 0.466667 0.470588 0.474510 0.478431 0.482353 0.486275 0.490196 0.494118 0.498039 0.501961 0.505882 0.509804 0.513725 0.517647 0.521569 0.525490 0.529412 0.533333 0.537255 0.541176 0.545098 0.549020 0.552941 0.556863 0.560784 0.564706 0.568627 0.572549 0.576471 0.580392 0.584314 0.588235 0.592157 0.596078 0.600000 0.603922 0.607843 0.611765 0.615686 0.619608 0.623529 0.627451 0.631373 0.635294 0.639216 0.643137 0.647059 0.650980 0.654902 0.658824 0.662745 0.666667 0.670588 0.674510 0.678431 0.682353 0.686275 0.690196 0.694118 0.698039 0.701961 0.705882 0.709804 0.713725 0.717647 0.721569 0.725490 0.729412 0.733333 0.737255 0.741176 0.745098 0.749020 0.752941 0.756863 0.760784 0.764706 0.768627 0.772549 0.776471 0.780392 0.784314 0.788235 0.792157 0.796078 0.800000 0.803922 0.807843 0.811765 0.815686 0.819608 0.823529 0.827451 0.831373 0.835294 0.839216 0.843137 0.847059 0.850980 0.854902 0.858824 0.862745 0.866667 0.870588 0.874510 0.878431 0.882353 0.886275 0.890196 0.894118 0.898039 0.901961 0.905882 0.909804 0.913725 0.917647 0.921569 0.925490 0.929412 0.933333 0.937255 0.941176 0.945098 0.949020 0.952941 0.956863 0.960784 0.964706 0.968627 0.972549 0.976471 0.980392 0.984314 0.988235 0.992157 0.996078 1.000000))
(time 0)
(channel red)
(curve
   (curve-type smooth)
   (n-points 17)
   (points 34 -1.0 -1.0 -1.0 -1.0 -1.0 -1.0 -1.0 -1.0 -1.0 -1.0 -1.0 -1.0 -1.0 -1.0 -1.0 -1.0 -1.0 -1.0 -1.0 -1.0 -1.0 -1.0 -1.0 -1.0 -1.0 -1.0 -1.0 -1.0 -1.0 -1.0 -1.0 -1.0 -1.0 -1.0)
(n-samples 256)
(samples 256  0.001267 0.001496 0.002176 0.003395 0.005487 0.007268 0.009087 0.010966 0.013561 0.016233 0.019047 0.021130 0.023543 0.026249 0.028723 0.031438 0.034100 0.037197 0.039665 0.042419 0.044823 0.047557 0.050141 0.053066 0.055522 0.058576 0.061494 0.064304 0.067155 0.069456 0.073054 0.076555 0.079551 0.082721 0.085703 0.088813 0.091936 0.095614 0.098761 0.101852 0.105351 0.109369 0.113201 0.116529 0.120168 0.123684 0.127480 0.131479 0.135302 0.139291 0.143399 0.147223 0.151804 0.155985 0.160118 0.164557 0.168725 0.173069 0.177557 0.182162 0.186495 0.190962 0.195562 0.200875 0.205326 0.210290 0.213980 0.218987 0.223314 0.229025 0.232959 0.237795 0.242990 0.247792 0.253141 0.257747 0.262356 0.267321 0.272147 0.277501 0.282453 0.286815 0.291549 0.297097 0.302319 0.307079 0.311827 0.316729 0.321565 0.326886 0.331914 0.336955 0.341808 0.347035 0.351968 0.356901 0.362030 0.366571 0.371487 0.376302 0.381653 0.386644 0.391672 0.396196 0.400995 0.406334 0.411316 0.416138 0.420741 0.425498 0.430490 0.435516 0.440731 0.445508 0.450288 0.455551 0.459982 0.464954 0.469800 0.474211 0.479170 0.484056 0.488488 0.493436 0.498202 0.502532 0.507669 0.512068 0.516941 0.521393 0.526221 0.530875 0.535661 0.540381 0.544939 0.549473 0.553868 0.558544 0.562774 0.567875 0.572316 0.576775 0.581337 0.585804 0.590470 0.594711 0.599310 0.603837 0.608144 0.613044 0.617019 0.621180 0.625492 0.629428 0.633688 0.637984 0.642239 0.646308 0.650438 0.654507 0.658732 0.662709 0.666774 0.670931 0.674569 0.678673 0.682929 0.686743 0.690763 0.695086 0.698715 0.702471 0.706324 0.709845 0.713185 0.717591 0.720649 0.724420 0.728398 0.732055 0.735867 0.739091 0.742654 0.746587 0.749943 0.753261 0.756605 0.760250 0.763810 0.767262 0.770538 0.773767 0.776775 0.780505 0.783443 0.786624 0.790106 0.793256 0.795960 0.799196 0.802384 0.805380 0.808233 0.811488 0.814590 0.817215 0.820615 0.823504 0.826163 0.829105 0.831679 0.834599 0.837642 0.840225 0.843521 0.845981 0.848636 0.851160 0.854011 0.856536 0.859587 0.862022 0.864934 0.867575 0.870131 0.872723 0.875376 0.877880 0.880729 0.883428 0.885842 0.888453 0.891149 0.893182 0.895548 0.898312 0.900978 0.903657 0.906314 0.909219 0.911650 0.914221 0.916752 0.919452 0.922283 0.925586 0.928277 0.932230 0.935428 0.938710 0.941611 0.944653 0.950961 0.958147 0.972350 0.978852))
(time 0)
(channel green)
(curve
   (curve-type smooth)
   (n-points 17)
   (points 34 -1.0 -1.0 -1.0 -1.0 -1.0 -1.0 -1.0 -1.0 -1.0 -1.0 -1.0 -1.0 -1.0 -1.0 -1.0 -1.0 -1.0 -1.0 -1.0 -1.0 -1.0 -1.0 -1.0 -1.0 -1.0 -1.0 -1.0 -1.0 -1.0 -1.0 -1.0 -1.0 -1.0 -1.0)
(n-samples 256)
(samples 256  0.001387 0.002069 0.003785 0.005587 0.008056 0.010101 0.012494 0.014535 0.017700 0.020645 0.022772 0.025682 0.028470 0.031590 0.034144 0.036979 0.039874 0.042290 0.045080 0.047903 0.050593 0.053893 0.057004 0.059611 0.062588 0.066264 0.068844 0.071935 0.075081 0.077908 0.082350 0.085776 0.088550 0.091961 0.095365 0.099061 0.102400 0.106023 0.110120 0.113757 0.117415 0.121105 0.125339 0.129251 0.133014 0.136470 0.140992 0.145700 0.150149 0.154190 0.158066 0.162566 0.167462 0.172046 0.176031 0.180296 0.185778 0.190015 0.195092 0.200728 0.204979 0.209557 0.214887 0.219820 0.225263 0.229314 0.234318 0.240111 0.244775 0.249994 0.254590 0.259484 0.266209 0.270851 0.275811 0.281092 0.285956 0.291654 0.297015 0.302267 0.307470 0.312624 0.318134 0.323867 0.329062 0.333825 0.338760 0.342994 0.350907 0.355625 0.360081 0.365759 0.370970 0.375575 0.381268 0.387577 0.391846 0.396875 0.402595 0.408185 0.413118 0.417989 0.423228 0.428982 0.434734 0.439443 0.444746 0.449715 0.454714 0.459877 0.465217 0.471055 0.476148 0.481168 0.485611 0.491477 0.496814 0.501441 0.506643 0.511567 0.517189 0.522407 0.527451 0.532171 0.536452 0.542206 0.547460 0.552254 0.556925 0.561773 0.566353 0.571827 0.577010 0.581718 0.586422 0.590914 0.595946 0.601332 0.605463 0.610362 0.614864 0.619995 0.624895 0.629242 0.633637 0.638752 0.643820 0.647969 0.652933 0.657864 0.662004 0.666626 0.670812 0.676020 0.680559 0.684601 0.689245 0.693274 0.698039 0.702574 0.706960 0.710869 0.715074 0.718750 0.724919 0.728259 0.733059 0.736967 0.740776 0.744886 0.749029 0.753464 0.757459 0.761550 0.765213 0.769039 0.773086 0.776989 0.781353 0.785118 0.788538 0.792250 0.796261 0.800036 0.803673 0.807298 0.810853 0.814091 0.818248 0.821883 0.825029 0.828607 0.831722 0.835500 0.839108 0.842409 0.845314 0.848563 0.852169 0.855181 0.859048 0.861992 0.864918 0.868095 0.871080 0.874118 0.877738 0.880321 0.883671 0.886684 0.889553 0.892821 0.895944 0.898978 0.902007 0.904548 0.907291 0.911051 0.913956 0.916426 0.919298 0.921783 0.924630 0.927279 0.930352 0.932644 0.935775 0.938540 0.941237 0.943889 0.947070 0.949455 0.952062 0.954282 0.957253 0.960425 0.962927 0.964582 0.967356 0.969195 0.971803 0.973755 0.975595 0.978386 0.979892 0.982078 0.984562 0.986786 0.989022 0.990677 0.992636 0.993732 0.995403 0.996116 0.996403 0.996901))
(time 0)
(channel blue)
(curve
   (curve-type smooth)
   (n-points 17)
   (points 34 -1.0 -1.0 -1.0 -1.0 -1.0 -1.0 -1.0 -1.0 -1.0 -1.0 -1.0 -1.0 -1.0 -1.0 -1.0 -1.0 -1.0 -1.0 -1.0 -1.0 -1.0 -1.0 -1.0 -1.0 -1.0 -1.0 -1.0 -1.0 -1.0 -1.0 -1.0 -1.0 -1.0 -1.0)
(n-samples 256)
(samples 256  0.001332 0.001696 0.002939 0.004836 0.007962 0.011322 0.015176 0.019076 0.023505 0.027566 0.031665 0.035697 0.039945 0.044285 0.048842 0.053348 0.056962 0.061081 0.065181 0.069002 0.073147 0.077216 0.081577 0.085466 0.089337 0.093083 0.096661 0.100368 0.104468 0.108396 0.112954 0.116768 0.120272 0.124541 0.128322 0.132153 0.135898 0.140100 0.143882 0.148012 0.152406 0.156394 0.160402 0.164374 0.168656 0.172653 0.176861 0.181245 0.185648 0.189463 0.194315 0.198919 0.203484 0.207942 0.212011 0.216850 0.221581 0.226080 0.230501 0.235007 0.239867 0.244360 0.250208 0.254741 0.259733 0.264140 0.268829 0.274016 0.278900 0.283157 0.288567 0.293842 0.298843 0.303916 0.308985 0.314004 0.318877 0.323586 0.329121 0.334018 0.339105 0.344392 0.349559 0.354344 0.359094 0.364293 0.369403 0.374708 0.379874 0.384810 0.389873 0.394514 0.400124 0.405708 0.410857 0.415657 0.420178 0.425569 0.431160 0.435985 0.440938 0.446068 0.451096 0.456431 0.461933 0.466518 0.471671 0.476755 0.481760 0.487522 0.492476 0.497413 0.502174 0.507206 0.512196 0.517386 0.522645 0.527498 0.532315 0.537807 0.543004 0.548112 0.552899 0.558036 0.562898 0.567960 0.573534 0.578314 0.583483 0.588378 0.593133 0.598211 0.603137 0.608313 0.613132 0.618805 0.623409 0.628469 0.633737 0.638129 0.643044 0.647714 0.652962 0.657614 0.662558 0.667393 0.672645 0.677170 0.682236 0.686797 0.691743 0.696190 0.701080 0.705699 0.710893 0.715324 0.719597 0.724351 0.729268 0.734217 0.739091 0.743520 0.747583 0.752412 0.756848 0.761448 0.765906 0.770328 0.774271 0.778758 0.783400 0.787790 0.792616 0.796429 0.799949 0.805053 0.809374 0.814190 0.817572 0.821805 0.825791 0.829975 0.833961 0.838481 0.842298 0.845780 0.849886 0.853914 0.858151 0.862003 0.865638 0.869484 0.873500 0.877071 0.880842 0.884125 0.888018 0.891494 0.895323 0.899612 0.902870 0.906009 0.909766 0.913635 0.916893 0.920105 0.923841 0.927506 0.930653 0.933573 0.936978 0.940711 0.943788 0.946896 0.950012 0.953632 0.956622 0.960586 0.962978 0.966569 0.969340 0.972245 0.975660 0.979141 0.982011 0.984545 0.987223 0.989518 0.991598 0.993652 0.994818 0.995590 0.996304 0.996364 0.996535 0.996833 0.996688 0.996829 0.996917 0.996959 0.997006 0.997171 0.996892 0.996959 0.997038 0.997125 0.996951 0.997012 0.996681 0.996792 0.996686 0.996312 0.996535 0.996049 0.996073 0.996075))
