# GIMP curves tool settings
(time 0)
(channel value)
(curve
   (curve-type smooth)
   (n-points 17)
   (points 34 -1.0 -1.0 -1.0 -1.0 -1.0 -1.0 -1.0 -1.0 -1.0 -1.0 -1.0 -1.0 -1.0 -1.0 -1.0 -1.0 -1.0 -1.0 -1.0 -1.0 -1.0 -1.0 -1.0 -1.0 -1.0 -1.0 -1.0 -1.0 -1.0 -1.0 -1.0 -1.0 -1.0 -1.0)
(n-samples 256)
(samples 256  0.000000 0.003922 0.007843 0.011765 0.015686 0.019608 0.023529 0.027451 0.031373 0.035294 0.039216 0.043137 0.047059 0.050980 0.054902 0.058824 0.062745 0.066667 0.070588 0.074510 0.078431 0.082353 0.086275 0.090196 0.094118 0.098039 0.101961 0.105882 0.109804 0.113725 0.117647 0.121569 0.125490 0.129412 0.133333 0.137255 0.141176 0.145098 0.149020 0.152941 0.156863 0.160784 0.164706 0.168627 0.172549 0.176471 0.180392 0.184314 0.188235 0.192157 0.196078 0.200000 0.203922 0.207843 0.211765 0.215686 0.219608 0.223529 0.227451 0.231373 0.235294 0.239216 0.243137 0.247059 0.250980 0.254902 0.258824 0.262745 0.266667 0.270588 0.274510 0.278431 0.282353 0.286275 0.290196 0.294118 0.298039 0.301961 0.305882 0.309804 0.313725 0.317647 0.321569 0.325490 0.329412 0.333333 0.337255 0.341176 0.345098 0.349020 0.352941 0.356863 0.360784 0.364706 0.368627 0.372549 0.376471 0.380392 0.384314 0.388235 0.392157 0.396078 0.400000 0.403922 0.407843 0.411765 0.415686 0.419608 0.423529 0.427451 0.431373 0.435294 0.439216 0.443137 0.447059 0.450980 0.454902 0.458824 0.462745 0.466667 0.470588 0.474510 0.478431 0.482353 0.486275 0.490196 0.494118 0.498039 0.501961 0.505882 0.509804 0.513725 0.517647 0.521569 0.525490 0.529412 0.533333 0.537255 0.541176 0.545098 0.549020 0.552941 0.556863 0.560784 0.564706 0.568627 0.572549 0.576471 0.580392 0.584314 0.588235 0.592157 0.596078 0.600000 0.603922 0.607843 0.611765 0.615686 0.619608 0.623529 0.627451 0.631373 0.635294 0.639216 0.643137 0.647059 0.650980 0.654902 0.658824 0.662745 0.666667 0.670588 0.674510 0.678431 0.682353 0.686275 0.690196 0.694118 0.698039 0.701961 0.705882 0.709804 0.713725 0.717647 0.721569 0.725490 0.729412 0.733333 0.737255 0.741176 0.745098 0.749020 0.752941 0.756863 0.760784 0.764706 0.768627 0.772549 0.776471 0.780392 0.784314 0.788235 0.792157 0.796078 0.800000 0.803922 0.807843 0.811765 0.815686 0.819608 0.823529 0.827451 0.831373 0.835294 0.839216 0.843137 0.847059 0.850980 0.854902 0.858824 0.862745 0.866667 0.870588 0.874510 0.878431 0.882353 0.886275 0.890196 0.894118 0.898039 0.901961 0.905882 0.909804 0.913725 0.917647 0.921569 0.925490 0.929412 0.933333 0.937255 0.941176 0.945098 0.949020 0.952941 0.956863 0.960784 0.964706 0.968627 0.972549 0.976471 0.980392 0.984314 0.988235 0.992157 0.996078 1.000000))
(time 0)
(channel red)
(curve
   (curve-type smooth)
   (n-points 17)
   (points 34 -1.0 -1.0 -1.0 -1.0 -1.0 -1.0 -1.0 -1.0 -1.0 -1.0 -1.0 -1.0 -1.0 -1.0 -1.0 -1.0 -1.0 -1.0 -1.0 -1.0 -1.0 -1.0 -1.0 -1.0 -1.0 -1.0 -1.0 -1.0 -1.0 -1.0 -1.0 -1.0 -1.0 -1.0)
(n-samples 256)
(samples 256  0.000110 0.002067 0.006801 0.011587 0.016195 0.021003 0.025538 0.030409 0.035025 0.039767 0.044363 0.049147 0.053708 0.058371 0.063035 0.067729 0.072373 0.077019 0.081546 0.086207 0.090868 0.095484 0.100163 0.104815 0.109491 0.114048 0.118701 0.123348 0.127895 0.132547 0.137126 0.141730 0.146402 0.150945 0.155554 0.160141 0.164740 0.169327 0.173867 0.178444 0.183016 0.187562 0.192111 0.196682 0.201266 0.205801 0.210322 0.214829 0.219388 0.223908 0.228407 0.232914 0.237432 0.241849 0.246374 0.250794 0.255263 0.259792 0.264238 0.268601 0.273019 0.277449 0.281905 0.286279 0.290645 0.295036 0.299385 0.303789 0.308168 0.312548 0.316853 0.321144 0.325452 0.329709 0.334049 0.338361 0.342612 0.346834 0.351144 0.355348 0.359595 0.363796 0.368060 0.372174 0.376361 0.380609 0.384731 0.388875 0.392988 0.397195 0.401286 0.405421 0.409478 0.413589 0.417671 0.421794 0.425829 0.429874 0.433893 0.438003 0.441992 0.445959 0.449984 0.454032 0.457949 0.461982 0.465932 0.469919 0.473812 0.477868 0.481689 0.485660 0.489605 0.493519 0.497406 0.501357 0.505312 0.509123 0.512988 0.516920 0.520677 0.524541 0.528406 0.532036 0.536037 0.539808 0.543439 0.547327 0.551173 0.554900 0.558546 0.562440 0.566114 0.569795 0.573491 0.577105 0.580795 0.584475 0.588076 0.591786 0.595241 0.598842 0.602500 0.606171 0.609810 0.613401 0.617055 0.620654 0.624329 0.627980 0.631594 0.635269 0.638933 0.642562 0.646186 0.649813 0.653498 0.657119 0.660720 0.664385 0.667977 0.671521 0.675053 0.678674 0.682243 0.685842 0.689425 0.692988 0.696566 0.700124 0.703678 0.707283 0.710843 0.714340 0.717997 0.721535 0.725085 0.728805 0.732291 0.735806 0.739496 0.742958 0.746689 0.750476 0.753829 0.757454 0.760976 0.764487 0.767839 0.771566 0.774774 0.778275 0.781577 0.785203 0.788646 0.792134 0.795641 0.799217 0.802628 0.806382 0.809782 0.813301 0.816832 0.820107 0.823709 0.827260 0.830490 0.834018 0.837505 0.841106 0.844480 0.848300 0.851058 0.854957 0.858052 0.860951 0.865078 0.869452 0.872036 0.874967 0.876875 0.882166 0.885219 0.891266 0.892157 0.895425 0.895294 0.901176 0.909804 0.911373 0.913725 0.909804 0.923529 0.925490 0.925490 0.932026 0.929412 0.933333 0.941176 0.937255 0.937255 0.941176 0.941176 0.941176 0.941176 0.941176 0.941176 0.941176 0.941176 0.941176 0.941176 0.941176 0.941176 0.941176 0.941176 0.941176))
(time 0)
(channel green)
(curve
   (curve-type smooth)
   (n-points 17)
   (points 34 -1.0 -1.0 -1.0 -1.0 -1.0 -1.0 -1.0 -1.0 -1.0 -1.0 -1.0 -1.0 -1.0 -1.0 -1.0 -1.0 -1.0 -1.0 -1.0 -1.0 -1.0 -1.0 -1.0 -1.0 -1.0 -1.0 -1.0 -1.0 -1.0 -1.0 -1.0 -1.0 -1.0 -1.0)
(n-samples 256)
(samples 256  0.000586 0.002824 0.007525 0.012062 0.016466 0.021405 0.026037 0.030709 0.035433 0.040012 0.044772 0.049406 0.054085 0.058566 0.063331 0.068080 0.072679 0.077402 0.081965 0.086586 0.091113 0.095932 0.100481 0.105142 0.109802 0.114413 0.119042 0.123612 0.128175 0.132849 0.137397 0.142063 0.146675 0.151290 0.155875 0.160454 0.165024 0.169611 0.174146 0.178662 0.183200 0.187830 0.192221 0.196782 0.201290 0.205811 0.210361 0.214823 0.219415 0.223848 0.228396 0.232946 0.237361 0.241869 0.246340 0.250807 0.255267 0.259730 0.264128 0.268529 0.273009 0.277465 0.281850 0.286287 0.290686 0.295080 0.299442 0.303864 0.308278 0.312573 0.316873 0.321244 0.325603 0.329905 0.334226 0.338513 0.342719 0.346976 0.351238 0.355502 0.359713 0.363842 0.368138 0.372272 0.376475 0.380614 0.384830 0.389026 0.393022 0.397215 0.401319 0.405452 0.409512 0.413665 0.417746 0.421769 0.425847 0.429915 0.433929 0.438017 0.442015 0.446026 0.450089 0.454158 0.458132 0.462191 0.466181 0.470061 0.474107 0.478073 0.482072 0.486057 0.489997 0.493845 0.497855 0.501794 0.505654 0.509755 0.513557 0.517480 0.521237 0.525136 0.528965 0.532922 0.536623 0.540422 0.544244 0.548123 0.551948 0.555714 0.559339 0.563227 0.566944 0.570756 0.574524 0.578363 0.581932 0.585801 0.589558 0.593289 0.596874 0.600719 0.604392 0.608110 0.611779 0.615466 0.619110 0.622616 0.626100 0.629553 0.633043 0.636498 0.640038 0.643586 0.647089 0.650643 0.654221 0.657727 0.661307 0.664793 0.668363 0.671890 0.675415 0.678954 0.682588 0.686088 0.689633 0.693200 0.696733 0.700248 0.703773 0.707272 0.710812 0.714375 0.717919 0.721417 0.724956 0.728425 0.731871 0.735494 0.738994 0.742377 0.745876 0.749264 0.752790 0.756213 0.759791 0.763567 0.767268 0.770721 0.774325 0.777507 0.781194 0.784498 0.787997 0.791701 0.795294 0.798510 0.802086 0.805486 0.809183 0.812935 0.815721 0.821486 0.823710 0.827203 0.828266 0.834809 0.836109 0.838806 0.844928 0.846902 0.848579 0.853955 0.858235 0.859364 0.860633 0.869118 0.872157 0.876471 0.876471 0.870588 0.884314 0.898039 0.898039 0.898039 0.898039 0.898039 0.898039 0.898039 0.898039 0.898039 0.898039 0.898039 0.898039 0.898039 0.898039 0.898039 0.898039 0.898039 0.898039 0.898039 0.898039 0.898039 0.898039 0.898039 0.898039 0.898039 0.898039 0.898039 0.898039 0.898039 0.898039 0.898039 0.898039 0.898039))
(time 0)
(channel blue)
(curve
   (curve-type smooth)
   (n-points 17)
   (points 34 -1.0 -1.0 -1.0 -1.0 -1.0 -1.0 -1.0 -1.0 -1.0 -1.0 -1.0 -1.0 -1.0 -1.0 -1.0 -1.0 -1.0 -1.0 -1.0 -1.0 -1.0 -1.0 -1.0 -1.0 -1.0 -1.0 -1.0 -1.0 -1.0 -1.0 -1.0 -1.0 -1.0 -1.0)
(n-samples 256)
(samples 256  0.000126 0.001884 0.006604 0.011277 0.015898 0.020588 0.025209 0.029832 0.034394 0.039003 0.043609 0.048178 0.052721 0.057299 0.061873 0.066467 0.071074 0.075646 0.080236 0.084814 0.089453 0.094048 0.098682 0.103300 0.107888 0.112481 0.117120 0.121781 0.126413 0.130951 0.135591 0.140252 0.144885 0.149476 0.154134 0.158764 0.163385 0.167993 0.172573 0.177251 0.181762 0.186377 0.191012 0.195555 0.200105 0.204682 0.209255 0.213772 0.218318 0.222798 0.227306 0.231856 0.236285 0.240787 0.245287 0.249740 0.254168 0.258592 0.263073 0.267415 0.271873 0.276254 0.280581 0.284928 0.289306 0.293634 0.297947 0.302282 0.306603 0.310966 0.315335 0.319484 0.323790 0.328111 0.332377 0.336580 0.340882 0.345184 0.349436 0.353646 0.357883 0.362206 0.366386 0.370630 0.374847 0.379125 0.383348 0.387549 0.391711 0.395918 0.400105 0.404299 0.408513 0.412595 0.416868 0.420986 0.425070 0.429166 0.433320 0.437461 0.441492 0.445551 0.449514 0.453646 0.457528 0.461602 0.465650 0.469649 0.473501 0.477453 0.481512 0.485449 0.489246 0.493283 0.497173 0.501149 0.504899 0.508861 0.512623 0.516447 0.520276 0.524232 0.528076 0.531892 0.535707 0.539456 0.543279 0.547012 0.550804 0.554649 0.558355 0.561949 0.565745 0.569525 0.573165 0.576983 0.580703 0.584379 0.588112 0.591918 0.595676 0.599496 0.603163 0.606997 0.610665 0.614307 0.618070 0.621743 0.625318 0.628970 0.632780 0.636411 0.640090 0.643756 0.647343 0.650834 0.654633 0.658138 0.661890 0.665372 0.668999 0.672574 0.676137 0.679682 0.683216 0.686869 0.690430 0.694025 0.697591 0.701130 0.704688 0.708233 0.711706 0.715227 0.718750 0.722234 0.725813 0.729315 0.732851 0.736328 0.739773 0.743315 0.746764 0.750305 0.753811 0.757330 0.760827 0.764279 0.767760 0.771167 0.774695 0.778093 0.781568 0.784935 0.788436 0.792094 0.795403 0.799091 0.802455 0.805755 0.809518 0.813436 0.817062 0.820054 0.825260 0.826894 0.831714 0.835743 0.835848 0.839020 0.845140 0.850588 0.851961 0.850058 0.856799 0.860317 0.862275 0.868627 0.868845 0.866667 0.890196 0.882353 0.882353 0.882353 0.882353 0.882353 0.882353 0.882353 0.882353 0.882353 0.882353 0.882353 0.882353 0.882353 0.882353 0.882353 0.882353 0.882353 0.882353 0.882353 0.882353 0.882353 0.882353 0.882353 0.882353 0.882353 0.882353 0.882353 0.882353 0.882353 0.882353 0.882353 0.882353 0.882353 0.882353 0.882353))
