# GIMP curves tool settings

(time 0)
(channel value)
(curve
    (curve-type smooth)
    (n-points 17)
    (points 34 0.000000 0.000000 -1.000000 -1.000000 0.121569 0.121569 -1.000000 -1.000000 0.247059 0.247059 -1.000000 -1.000000 0.372549 0.372549 -1.000000 -1.000000 0.498039 0.498039 -1.000000 -1.000000 0.623529 0.623529 -1.000000 -1.000000 0.749020 0.749020 -1.000000 -1.000000 0.874510 0.874510 -1.000000 -1.000000 1.000000 1.000000)
    (n-samples 256)
    (samples 256 0.000000 0.003922 0.007843 0.011765 0.015686 0.019608 0.023529 0.027451 0.031373 0.035294 0.039216 0.043137 0.047059 0.050980 0.054902 0.058824 0.062745 0.066667 0.070588 0.074510 0.078431 0.082353 0.086275 0.090196 0.094118 0.098039 0.101961 0.105882 0.109804 0.113725 0.117647 0.121569 0.125491 0.129412 0.133334 0.137255 0.141177 0.145098 0.149020 0.152942 0.156863 0.160785 0.164706 0.168628 0.172549 0.176471 0.180393 0.184314 0.188236 0.192157 0.196079 0.200000 0.203922 0.207844 0.211765 0.215687 0.219608 0.223530 0.227451 0.231373 0.235294 0.239216 0.243138 0.247059 0.250981 0.254902 0.258824 0.262745 0.266667 0.270588 0.274510 0.278432 0.282353 0.286275 0.290196 0.294118 0.298039 0.301961 0.305883 0.309804 0.313726 0.317647 0.321569 0.325490 0.329412 0.333334 0.337255 0.341177 0.345098 0.349020 0.352941 0.356863 0.360784 0.364706 0.368628 0.372549 0.376471 0.380392 0.384314 0.388235 0.392157 0.396078 0.400000 0.403922 0.407843 0.411765 0.415686 0.419608 0.423529 0.427451 0.431373 0.435294 0.439216 0.443137 0.447059 0.450980 0.454902 0.458824 0.462745 0.466667 0.470588 0.474510 0.478431 0.482353 0.486274 0.490196 0.494118 0.498039 0.501961 0.505882 0.509804 0.513725 0.517647 0.521568 0.525490 0.529412 0.533333 0.537255 0.541176 0.545098 0.549019 0.552941 0.556863 0.560784 0.564706 0.568627 0.572549 0.576470 0.580392 0.584314 0.588235 0.592157 0.596078 0.600000 0.603921 0.607843 0.611764 0.615686 0.619608 0.623529 0.627451 0.631372 0.635294 0.639215 0.643137 0.647058 0.650980 0.654902 0.658823 0.662745 0.666666 0.670588 0.674509 0.678431 0.682353 0.686274 0.690196 0.694117 0.698039 0.701960 0.705882 0.709804 0.713725 0.717647 0.721568 0.725490 0.729411 0.733333 0.737254 0.741176 0.745098 0.749020 0.752942 0.756863 0.760785 0.764706 0.768628 0.772549 0.776471 0.780393 0.784314 0.788236 0.792157 0.796079 0.800000 0.803922 0.807844 0.811765 0.815687 0.819608 0.823530 0.827451 0.831373 0.835295 0.839216 0.843138 0.847059 0.850981 0.854902 0.858824 0.862745 0.866667 0.870589 0.874510 0.878432 0.882353 0.886275 0.890196 0.894118 0.898039 0.901961 0.905883 0.909804 0.913726 0.917647 0.921569 0.925490 0.929412 0.933334 0.937255 0.941177 0.945098 0.949020 0.952941 0.956863 0.960785 0.964706 0.968628 0.972549 0.976471 0.980392 0.984314 0.988235 0.992157 0.996079 1.000000))
(time 0)
(channel red)
(curve
    (curve-type smooth)
    (n-points 17)
    (points 34 0.000000 0.014084 -1.000000 -1.000000 0.121569 0.099699 -1.000000 -1.000000 0.247059 0.203939 -1.000000 -1.000000 0.372549 0.315719 -1.000000 -1.000000 0.498039 0.434989 -1.000000 -1.000000 0.623529 0.548943 -1.000000 -1.000000 0.749020 0.698455 -1.000000 -1.000000 0.874510 0.822765 -1.000000 -1.000000 1.000000 0.961862)
    (n-samples 256)
    (samples 256 0.014084 0.016720 0.019357 0.021995 0.024636 0.027280 0.029927 0.032580 0.035238 0.037902 0.040574 0.043253 0.045941 0.048638 0.051346 0.054064 0.056794 0.059537 0.062294 0.065064 0.067849 0.070650 0.073468 0.076303 0.079156 0.082028 0.084919 0.087831 0.090764 0.093719 0.096697 0.099699 0.102724 0.105771 0.108840 0.111930 0.115041 0.118170 0.121318 0.124485 0.127668 0.130868 0.134084 0.137314 0.140559 0.143818 0.147089 0.150372 0.153667 0.156972 0.160287 0.163611 0.166943 0.170283 0.173630 0.176983 0.180341 0.183705 0.187071 0.190442 0.193814 0.197188 0.200564 0.203939 0.207318 0.210704 0.214098 0.217500 0.220908 0.224324 0.227748 0.231178 0.234616 0.238062 0.241515 0.244975 0.248443 0.251918 0.255400 0.258890 0.262387 0.265891 0.269403 0.272922 0.276448 0.279982 0.283523 0.287071 0.290626 0.294189 0.297759 0.301337 0.304921 0.308513 0.312113 0.315719 0.319339 0.322977 0.326633 0.330306 0.333993 0.337695 0.341409 0.345134 0.348871 0.352616 0.356370 0.360130 0.363897 0.367667 0.371442 0.375218 0.378996 0.382773 0.386549 0.390323 0.394093 0.397858 0.401618 0.405370 0.409114 0.412848 0.416572 0.420284 0.423982 0.427667 0.431336 0.434989 0.438611 0.442192 0.445735 0.449245 0.452724 0.456177 0.459607 0.463018 0.466414 0.469799 0.473176 0.476549 0.479921 0.483298 0.486681 0.490076 0.493485 0.496913 0.500364 0.503840 0.507346 0.510885 0.514462 0.518079 0.521741 0.525452 0.529215 0.533034 0.536912 0.540854 0.544863 0.548943 0.553106 0.557357 0.561691 0.566103 0.570586 0.575136 0.579746 0.584411 0.589126 0.593885 0.598683 0.603513 0.608370 0.613250 0.618145 0.623051 0.627962 0.632873 0.637778 0.642671 0.647546 0.652399 0.657224 0.662015 0.666766 0.671473 0.676128 0.680728 0.685266 0.689737 0.694135 0.698455 0.702702 0.706889 0.711020 0.715099 0.719128 0.723112 0.727054 0.730958 0.734828 0.738667 0.742479 0.746267 0.750036 0.753789 0.757529 0.761261 0.764988 0.768713 0.772440 0.776173 0.779916 0.783672 0.787445 0.791239 0.795056 0.798902 0.802779 0.806691 0.810642 0.814636 0.818676 0.822765 0.826891 0.831039 0.835207 0.839394 0.843600 0.847825 0.852067 0.856326 0.860602 0.864893 0.869198 0.873519 0.877852 0.882199 0.886557 0.890927 0.895308 0.899699 0.904100 0.908509 0.912927 0.917352 0.921784 0.926221 0.930665 0.935113 0.939565 0.944020 0.948478 0.952939 0.957400 0.961862))
(time 0)
(channel green)
(curve
    (curve-type smooth)
    (n-points 17)
    (points 34 0.000000 0.007490 -1.000000 -1.000000 0.121569 0.073374 -1.000000 -1.000000 0.247059 0.168608 -1.000000 -1.000000 0.372549 0.261655 -1.000000 -1.000000 0.498039 0.380149 -1.000000 -1.000000 0.623529 0.522149 -1.000000 -1.000000 0.749020 0.685863 -1.000000 -1.000000 0.874510 0.849426 -1.000000 -1.000000 1.000000 0.982740)
    (n-samples 256)
    (samples 256 0.007490 0.009399 0.011310 0.013224 0.015141 0.017064 0.018994 0.020932 0.022879 0.024837 0.026807 0.028791 0.030789 0.032804 0.034836 0.036887 0.038958 0.041051 0.043167 0.045307 0.047473 0.049666 0.051887 0.054137 0.056419 0.058733 0.061081 0.063464 0.065884 0.068341 0.070837 0.073374 0.075958 0.078594 0.081279 0.084011 0.086787 0.089603 0.092459 0.095350 0.098274 0.101229 0.104212 0.107221 0.110251 0.113302 0.116370 0.119453 0.122548 0.125652 0.128763 0.131878 0.134994 0.138110 0.141221 0.144325 0.147421 0.150504 0.153573 0.156625 0.159657 0.162667 0.165651 0.168608 0.171536 0.174437 0.177314 0.180170 0.183006 0.185826 0.188632 0.191427 0.194213 0.196993 0.199768 0.202543 0.205318 0.208098 0.210883 0.213678 0.216484 0.219303 0.222140 0.224995 0.227871 0.230772 0.233699 0.236655 0.239643 0.242665 0.245724 0.248822 0.251961 0.255145 0.258375 0.261655 0.264974 0.268319 0.271691 0.275088 0.278512 0.281962 0.285437 0.288938 0.292465 0.296016 0.299592 0.303194 0.306819 0.310470 0.314144 0.317843 0.321565 0.325311 0.329081 0.332874 0.336690 0.340530 0.344392 0.348276 0.352184 0.356113 0.360065 0.364039 0.368034 0.372051 0.376090 0.380149 0.384232 0.388339 0.392470 0.396626 0.400806 0.405009 0.409236 0.413487 0.417762 0.422059 0.426380 0.430723 0.435089 0.439478 0.443889 0.448323 0.452778 0.457256 0.461755 0.466276 0.470818 0.475382 0.479966 0.484572 0.489198 0.493845 0.498512 0.503200 0.507907 0.512635 0.517382 0.522149 0.526947 0.531785 0.536662 0.541575 0.546523 0.551504 0.556515 0.561554 0.566620 0.571711 0.576824 0.581958 0.587110 0.592279 0.597462 0.602658 0.607864 0.613079 0.618300 0.623526 0.628755 0.633984 0.639211 0.644435 0.649654 0.654865 0.660066 0.665257 0.670433 0.675594 0.680738 0.685863 0.690991 0.696145 0.701323 0.706522 0.711740 0.716972 0.722218 0.727473 0.732736 0.738003 0.743272 0.748539 0.753803 0.759061 0.764309 0.769545 0.774766 0.779969 0.785152 0.790312 0.795446 0.800552 0.805626 0.810666 0.815669 0.820632 0.825553 0.830429 0.835257 0.840035 0.844759 0.849426 0.854043 0.858617 0.863149 0.867641 0.872095 0.876511 0.880891 0.885236 0.889548 0.893828 0.898078 0.902299 0.906492 0.910659 0.914801 0.918919 0.923015 0.927090 0.931146 0.935184 0.939206 0.943212 0.947204 0.951184 0.955153 0.959112 0.963063 0.967006 0.970945 0.974879 0.978810 0.982740))
(time 0)
(channel blue)
(curve
    (curve-type smooth)
    (n-points 17)
    (points 34 0.000000 0.005540 -1.000000 -1.000000 0.121569 0.047915 -1.000000 -1.000000 0.247059 0.122895 -1.000000 -1.000000 0.372549 0.214014 -1.000000 -1.000000 0.498039 0.311910 -1.000000 -1.000000 0.623529 0.398501 -1.000000 -1.000000 0.749020 0.582155 -1.000000 -1.000000 0.874510 0.800607 -1.000000 -1.000000 1.000000 0.954600)
    (n-samples 256)
    (samples 256 0.005540 0.006659 0.007780 0.008904 0.010033 0.011167 0.012310 0.013462 0.014624 0.015799 0.016988 0.018192 0.019414 0.020654 0.021914 0.023196 0.024501 0.025831 0.027187 0.028571 0.029984 0.031428 0.032905 0.034416 0.035963 0.037546 0.039169 0.040831 0.042535 0.044283 0.046076 0.047915 0.049800 0.051727 0.053697 0.055706 0.057755 0.059841 0.061963 0.064120 0.066311 0.068534 0.070788 0.073072 0.075383 0.077722 0.080086 0.082475 0.084886 0.087319 0.089772 0.092245 0.094734 0.097240 0.099761 0.102295 0.104841 0.107398 0.109965 0.112540 0.115122 0.117709 0.120301 0.122895 0.125503 0.128134 0.130789 0.133466 0.136165 0.138884 0.141623 0.144381 0.147157 0.149950 0.152760 0.155585 0.158424 0.161278 0.164144 0.167022 0.169912 0.172812 0.175721 0.178639 0.181565 0.184497 0.187436 0.190380 0.193328 0.196279 0.199234 0.202190 0.205147 0.208104 0.211060 0.214014 0.216979 0.219967 0.222976 0.226004 0.229050 0.232112 0.235188 0.238276 0.241376 0.244486 0.247602 0.250725 0.253853 0.256983 0.260114 0.263245 0.266374 0.269498 0.272617 0.275729 0.278832 0.281925 0.285005 0.288072 0.291123 0.294157 0.297173 0.300168 0.303141 0.306090 0.309013 0.311910 0.314736 0.317455 0.320077 0.322611 0.325069 0.327459 0.329792 0.332078 0.334326 0.336546 0.338749 0.340944 0.343142 0.345351 0.347582 0.349846 0.352151 0.354508 0.356927 0.359417 0.361989 0.364653 0.367417 0.370294 0.373291 0.376420 0.379689 0.383110 0.386692 0.390444 0.394377 0.398501 0.402800 0.407250 0.411843 0.416575 0.421440 0.426432 0.431545 0.436774 0.442113 0.447556 0.453098 0.458733 0.464454 0.470258 0.476137 0.482086 0.488100 0.494172 0.500297 0.506470 0.512684 0.518934 0.525214 0.531519 0.537842 0.544179 0.550523 0.556868 0.563210 0.569542 0.575858 0.582155 0.588502 0.594970 0.601552 0.608237 0.615017 0.621882 0.628823 0.635832 0.642899 0.650015 0.657171 0.664359 0.671568 0.678789 0.686015 0.693235 0.700441 0.707623 0.714772 0.721880 0.728936 0.735933 0.742861 0.749711 0.756474 0.763140 0.769701 0.776147 0.782470 0.788661 0.794709 0.800607 0.806380 0.812061 0.817654 0.823161 0.828586 0.833930 0.839199 0.844393 0.849517 0.854572 0.859563 0.864492 0.869362 0.874176 0.878936 0.883647 0.888310 0.892929 0.897507 0.902046 0.906550 0.911021 0.915463 0.919879 0.924271 0.928642 0.932995 0.937334 0.941661 0.945979 0.950291 0.954600))
(time 0)
(channel alpha)
(curve
    (curve-type free)
    (n-points 17)
    (points 34 -1.000000 -1.000000 -1.000000 -1.000000 -1.000000 -1.000000 -1.000000 -1.000000 -1.000000 -1.000000 -1.000000 -1.000000 -1.000000 -1.000000 -1.000000 -1.000000 -1.000000 -1.000000 -1.000000 -1.000000 -1.000000 -1.000000 -1.000000 -1.000000 -1.000000 -1.000000 -1.000000 -1.000000 -1.000000 -1.000000 -1.000000 -1.000000 -1.000000 -1.000000)
    (n-samples 256)
    (samples 256 0.000000 0.003922 0.007843 0.011765 0.015686 0.019608 0.023529 0.027451 0.031373 0.035294 0.039216 0.043137 0.047059 0.050980 0.054902 0.058824 0.062745 0.066667 0.070588 0.074510 0.078431 0.082353 0.086275 0.090196 0.094118 0.098039 0.101961 0.105882 0.109804 0.113725 0.117647 0.121569 0.125490 0.129412 0.133333 0.137255 0.141176 0.145098 0.149020 0.152941 0.156863 0.160784 0.164706 0.168627 0.172549 0.176471 0.180392 0.184314 0.188235 0.192157 0.196078 0.200000 0.203922 0.207843 0.211765 0.215686 0.219608 0.223529 0.227451 0.231373 0.235294 0.239216 0.243137 0.247059 0.250980 0.254902 0.258824 0.262745 0.266667 0.270588 0.274510 0.278431 0.282353 0.286275 0.290196 0.294118 0.298039 0.301961 0.305882 0.309804 0.313725 0.317647 0.321569 0.325490 0.329412 0.333333 0.337255 0.341176 0.345098 0.349020 0.352941 0.356863 0.360784 0.364706 0.368627 0.372549 0.376471 0.380392 0.384314 0.388235 0.392157 0.396078 0.400000 0.403922 0.407843 0.411765 0.415686 0.419608 0.423529 0.427451 0.431373 0.435294 0.439216 0.443137 0.447059 0.450980 0.454902 0.458824 0.462745 0.466667 0.470588 0.474510 0.478431 0.482353 0.486275 0.490196 0.494118 0.498039 0.501961 0.505882 0.509804 0.513725 0.517647 0.521569 0.525490 0.529412 0.533333 0.537255 0.541176 0.545098 0.549020 0.552941 0.556863 0.560784 0.564706 0.568627 0.572549 0.576471 0.580392 0.584314 0.588235 0.592157 0.596078 0.600000 0.603922 0.607843 0.611765 0.615686 0.619608 0.623529 0.627451 0.631373 0.635294 0.639216 0.643137 0.647059 0.650980 0.654902 0.658824 0.662745 0.666667 0.670588 0.674510 0.678431 0.682353 0.686275 0.690196 0.694118 0.698039 0.701961 0.705882 0.709804 0.713725 0.717647 0.721569 0.725490 0.729412 0.733333 0.737255 0.741176 0.745098 0.749020 0.752941 0.756863 0.760784 0.764706 0.768627 0.772549 0.776471 0.780392 0.784314 0.788235 0.792157 0.796078 0.800000 0.803922 0.807843 0.811765 0.815686 0.819608 0.823529 0.827451 0.831373 0.835294 0.839216 0.843137 0.847059 0.850980 0.854902 0.858824 0.862745 0.866667 0.870588 0.874510 0.878431 0.882353 0.886275 0.890196 0.894118 0.898039 0.901961 0.905882 0.909804 0.913725 0.917647 0.921569 0.925490 0.929412 0.933333 0.937255 0.941176 0.945098 0.949020 0.952941 0.956863 0.960784 0.964706 0.968627 0.972549 0.976471 0.980392 0.984314 0.988235 0.992157 0.996078 1.000000))

# end of curves tool settings
