# GIMP curves tool settings

(time 0)
(channel value)
(curve
    (curve-type smooth)
    (n-points 17)
    (points 34 0.000000 0.000000 -1.000000 -1.000000 0.121569 0.121569 -1.000000 -1.000000 0.247059 0.247059 -1.000000 -1.000000 0.372549 0.372549 -1.000000 -1.000000 0.498039 0.498039 -1.000000 -1.000000 0.623529 0.623529 -1.000000 -1.000000 0.749020 0.749020 -1.000000 -1.000000 0.874510 0.874510 -1.000000 -1.000000 1.000000 1.000000)
    (n-samples 256)
    (samples 256 0.000000 0.003922 0.007843 0.011765 0.015686 0.019608 0.023529 0.027451 0.031373 0.035294 0.039216 0.043137 0.047059 0.050980 0.054902 0.058824 0.062745 0.066667 0.070588 0.074510 0.078431 0.082353 0.086275 0.090196 0.094118 0.098039 0.101961 0.105882 0.109804 0.113725 0.117647 0.121569 0.125491 0.129412 0.133334 0.137255 0.141177 0.145098 0.149020 0.152942 0.156863 0.160785 0.164706 0.168628 0.172549 0.176471 0.180393 0.184314 0.188236 0.192157 0.196079 0.200000 0.203922 0.207844 0.211765 0.215687 0.219608 0.223530 0.227451 0.231373 0.235294 0.239216 0.243138 0.247059 0.250981 0.254902 0.258824 0.262745 0.266667 0.270588 0.274510 0.278432 0.282353 0.286275 0.290196 0.294118 0.298039 0.301961 0.305883 0.309804 0.313726 0.317647 0.321569 0.325490 0.329412 0.333334 0.337255 0.341177 0.345098 0.349020 0.352941 0.356863 0.360784 0.364706 0.368628 0.372549 0.376471 0.380392 0.384314 0.388235 0.392157 0.396078 0.400000 0.403922 0.407843 0.411765 0.415686 0.419608 0.423529 0.427451 0.431373 0.435294 0.439216 0.443137 0.447059 0.450980 0.454902 0.458824 0.462745 0.466667 0.470588 0.474510 0.478431 0.482353 0.486274 0.490196 0.494118 0.498039 0.501961 0.505882 0.509804 0.513725 0.517647 0.521568 0.525490 0.529412 0.533333 0.537255 0.541176 0.545098 0.549019 0.552941 0.556863 0.560784 0.564706 0.568627 0.572549 0.576470 0.580392 0.584314 0.588235 0.592157 0.596078 0.600000 0.603921 0.607843 0.611764 0.615686 0.619608 0.623529 0.627451 0.631372 0.635294 0.639215 0.643137 0.647058 0.650980 0.654902 0.658823 0.662745 0.666666 0.670588 0.674509 0.678431 0.682353 0.686274 0.690196 0.694117 0.698039 0.701960 0.705882 0.709804 0.713725 0.717647 0.721568 0.725490 0.729411 0.733333 0.737254 0.741176 0.745098 0.749020 0.752942 0.756863 0.760785 0.764706 0.768628 0.772549 0.776471 0.780393 0.784314 0.788236 0.792157 0.796079 0.800000 0.803922 0.807844 0.811765 0.815687 0.819608 0.823530 0.827451 0.831373 0.835295 0.839216 0.843138 0.847059 0.850981 0.854902 0.858824 0.862745 0.866667 0.870589 0.874510 0.878432 0.882353 0.886275 0.890196 0.894118 0.898039 0.901961 0.905883 0.909804 0.913726 0.917647 0.921569 0.925490 0.929412 0.933334 0.937255 0.941177 0.945098 0.949020 0.952941 0.956863 0.960785 0.964706 0.968628 0.972549 0.976471 0.980392 0.984314 0.988235 0.992157 0.996079 1.000000))
(time 0)
(channel red)
(curve
    (curve-type smooth)
    (n-points 17)
    (points 34 0.000000 0.012732 -1.000000 -1.000000 0.121569 0.149958 -1.000000 -1.000000 0.247059 0.290050 -1.000000 -1.000000 0.372549 0.410592 -1.000000 -1.000000 0.498039 0.525317 -1.000000 -1.000000 0.623529 0.638641 -1.000000 -1.000000 0.749020 0.755730 -1.000000 -1.000000 0.874510 0.862851 -1.000000 -1.000000 1.000000 0.975957)
    (n-samples 256)
    (samples 256 0.012732 0.017171 0.021610 0.026049 0.030487 0.034925 0.039363 0.043801 0.048238 0.052674 0.057109 0.061544 0.065978 0.070411 0.074843 0.079274 0.083703 0.088132 0.092559 0.096985 0.101409 0.105832 0.110253 0.114673 0.119090 0.123506 0.127920 0.132332 0.136742 0.141149 0.145555 0.149958 0.154368 0.158792 0.163229 0.167677 0.172134 0.176600 0.181071 0.185547 0.190026 0.194506 0.198986 0.203464 0.207938 0.212407 0.216869 0.221322 0.225765 0.230196 0.234613 0.239015 0.243400 0.247767 0.252113 0.256438 0.260739 0.265015 0.269264 0.273485 0.277675 0.281834 0.285960 0.290050 0.294106 0.298131 0.302127 0.306093 0.310032 0.313945 0.317832 0.321696 0.325538 0.329359 0.333159 0.336941 0.340705 0.344453 0.348187 0.351907 0.355614 0.359310 0.362996 0.366674 0.370344 0.374009 0.377668 0.381324 0.384977 0.388630 0.392282 0.395936 0.399593 0.403254 0.406920 0.410592 0.414263 0.417925 0.421577 0.425221 0.428856 0.432483 0.436103 0.439715 0.443321 0.446920 0.450514 0.454102 0.457684 0.461262 0.464836 0.468406 0.471972 0.475535 0.479095 0.482653 0.486210 0.489764 0.493318 0.496871 0.500423 0.503976 0.507529 0.511083 0.514639 0.518196 0.521755 0.525317 0.528877 0.532431 0.535980 0.539524 0.543063 0.546598 0.550130 0.553658 0.557184 0.560708 0.564230 0.567751 0.571271 0.574791 0.578311 0.581831 0.585353 0.588877 0.592402 0.595930 0.599462 0.602996 0.606535 0.610078 0.613626 0.617180 0.620739 0.624305 0.627878 0.631458 0.635045 0.638641 0.642250 0.645874 0.649513 0.653165 0.656829 0.660504 0.664189 0.667882 0.671582 0.675288 0.678998 0.682711 0.686427 0.690143 0.693859 0.697573 0.701284 0.704990 0.708691 0.712386 0.716072 0.719749 0.723415 0.727070 0.730711 0.734338 0.737950 0.741544 0.745121 0.748678 0.752215 0.755730 0.759221 0.762688 0.766132 0.769556 0.772960 0.776347 0.779716 0.783071 0.786412 0.789741 0.793059 0.796367 0.799668 0.802963 0.806253 0.809539 0.812824 0.816108 0.819393 0.822680 0.825972 0.829268 0.832572 0.835884 0.839205 0.842538 0.845883 0.849243 0.852618 0.856010 0.859421 0.862851 0.866296 0.869750 0.873212 0.876682 0.880160 0.883645 0.887137 0.890637 0.894142 0.897654 0.901172 0.904696 0.908225 0.911760 0.915299 0.918843 0.922391 0.925944 0.929500 0.933060 0.936623 0.940190 0.943759 0.947330 0.950904 0.954479 0.958056 0.961635 0.965214 0.968795 0.972376 0.975957))
(time 0)
(channel green)
(curve
    (curve-type smooth)
    (n-points 17)
    (points 34 0.000000 0.001804 -1.000000 -1.000000 0.121569 0.091225 -1.000000 -1.000000 0.247059 0.231682 -1.000000 -1.000000 0.372549 0.369027 -1.000000 -1.000000 0.498039 0.517129 -1.000000 -1.000000 0.623529 0.661821 -1.000000 -1.000000 0.749020 0.797115 -1.000000 -1.000000 0.874510 0.920091 -1.000000 -1.000000 1.000000 0.998901)
    (n-samples 256)
    (samples 256 0.001804 0.004307 0.006812 0.009322 0.011839 0.014366 0.016904 0.019457 0.022027 0.024615 0.027225 0.029859 0.032520 0.035209 0.037929 0.040682 0.043471 0.046298 0.049166 0.052077 0.055033 0.058037 0.061091 0.064197 0.067358 0.070577 0.073855 0.077196 0.080600 0.084072 0.087612 0.091225 0.094921 0.098708 0.102581 0.106536 0.110568 0.114672 0.118845 0.123080 0.127374 0.131723 0.136120 0.140562 0.145045 0.149563 0.154111 0.158686 0.163283 0.167897 0.172523 0.177156 0.181793 0.186428 0.191058 0.195676 0.200279 0.204862 0.209421 0.213950 0.218445 0.222902 0.227316 0.231682 0.236015 0.240332 0.244635 0.248926 0.253204 0.257473 0.261733 0.265985 0.270231 0.274471 0.278708 0.282942 0.287174 0.291407 0.295641 0.299877 0.304117 0.308362 0.312613 0.316872 0.321139 0.325417 0.329706 0.334007 0.338323 0.342654 0.347001 0.351366 0.355749 0.360153 0.364579 0.369027 0.373499 0.377994 0.382511 0.387048 0.391605 0.396179 0.400770 0.405376 0.409996 0.414629 0.419273 0.423927 0.428590 0.433261 0.437937 0.442619 0.447304 0.451991 0.456680 0.461368 0.466054 0.470738 0.475417 0.480091 0.484758 0.489417 0.494067 0.498706 0.503333 0.507947 0.512546 0.517129 0.521705 0.526283 0.530863 0.535443 0.540024 0.544604 0.549184 0.553762 0.558339 0.562913 0.567484 0.572051 0.576615 0.581174 0.585728 0.590276 0.594817 0.599352 0.603880 0.608400 0.612911 0.617414 0.621906 0.626389 0.630861 0.635322 0.639771 0.644208 0.648632 0.653042 0.657439 0.661821 0.666193 0.670558 0.674916 0.679267 0.683610 0.687946 0.692274 0.696594 0.700905 0.705208 0.709501 0.713786 0.718060 0.722325 0.726580 0.730825 0.735059 0.739282 0.743494 0.747694 0.751883 0.756060 0.760225 0.764377 0.768517 0.772643 0.776756 0.780856 0.784942 0.789014 0.793071 0.797115 0.801160 0.805220 0.809294 0.813378 0.817470 0.821566 0.825664 0.829760 0.833852 0.837937 0.842012 0.846074 0.850120 0.854147 0.858153 0.862133 0.866086 0.870009 0.873898 0.877751 0.881565 0.885336 0.889063 0.892741 0.896369 0.899942 0.903459 0.906917 0.910312 0.913641 0.916902 0.920091 0.923212 0.926270 0.929268 0.932207 0.935089 0.937917 0.940692 0.943417 0.946093 0.948722 0.951307 0.953850 0.956352 0.958816 0.961244 0.963637 0.965997 0.968328 0.970630 0.972906 0.975157 0.977386 0.979596 0.981786 0.983961 0.986122 0.988270 0.990408 0.992539 0.994663 0.996783 0.998901))
(time 0)
(channel blue)
(curve
    (curve-type smooth)
    (n-points 17)
    (points 34 0.000000 0.010669 -1.000000 -1.000000 0.121569 0.145474 -1.000000 -1.000000 0.247059 0.284544 -1.000000 -1.000000 0.372549 0.425791 -1.000000 -1.000000 0.498039 0.551641 -1.000000 -1.000000 0.623529 0.655751 -1.000000 -1.000000 0.749020 0.781596 -1.000000 -1.000000 0.874510 0.900019 -1.000000 -1.000000 1.000000 0.985973)
    (n-samples 256)
    (samples 256 0.010669 0.015018 0.019367 0.023717 0.028066 0.032415 0.036764 0.041113 0.045462 0.049811 0.054160 0.058509 0.062858 0.067207 0.071556 0.075905 0.080253 0.084602 0.088950 0.093299 0.097647 0.101996 0.106344 0.110692 0.115040 0.119388 0.123736 0.128084 0.132431 0.136779 0.141126 0.145474 0.149820 0.154164 0.158506 0.162847 0.167186 0.171524 0.175860 0.180196 0.184532 0.188866 0.193201 0.197536 0.201870 0.206206 0.210542 0.214878 0.219216 0.223555 0.227895 0.232237 0.236581 0.240927 0.245275 0.249626 0.253979 0.258335 0.262694 0.267057 0.271423 0.275793 0.280166 0.284544 0.288933 0.293340 0.297763 0.302201 0.306651 0.311113 0.315584 0.320064 0.324549 0.329040 0.333534 0.338029 0.342524 0.347018 0.351508 0.355994 0.360473 0.364944 0.369405 0.373856 0.378293 0.382715 0.387122 0.391511 0.395881 0.400229 0.404555 0.408857 0.413133 0.417382 0.421602 0.425791 0.429960 0.434119 0.438269 0.442408 0.446535 0.450651 0.454755 0.458846 0.462923 0.466986 0.471035 0.475068 0.479085 0.483086 0.487071 0.491037 0.494986 0.498915 0.502826 0.506716 0.510586 0.514435 0.518263 0.522068 0.525851 0.529610 0.533345 0.537055 0.540741 0.544401 0.548034 0.551641 0.555203 0.558705 0.562152 0.565546 0.568894 0.572197 0.575460 0.578688 0.581883 0.585051 0.588195 0.591319 0.594428 0.597524 0.600612 0.603696 0.606781 0.609869 0.612965 0.616073 0.619197 0.622341 0.625509 0.628705 0.631933 0.635196 0.638499 0.641846 0.645241 0.648687 0.652189 0.655751 0.659368 0.663033 0.666742 0.670492 0.674282 0.678108 0.681967 0.685858 0.689777 0.693721 0.697689 0.701677 0.705682 0.709703 0.713736 0.717779 0.721828 0.725882 0.729938 0.733992 0.738043 0.742087 0.746123 0.750147 0.754156 0.758148 0.762121 0.766071 0.769996 0.773894 0.777761 0.781596 0.785421 0.789261 0.793113 0.796976 0.800847 0.804723 0.808603 0.812485 0.816365 0.820241 0.824112 0.827975 0.831828 0.835668 0.839493 0.843301 0.847089 0.850856 0.854598 0.858315 0.862002 0.865659 0.869282 0.872870 0.876420 0.879930 0.883398 0.886821 0.890197 0.893523 0.896798 0.900019 0.903189 0.906313 0.909392 0.912428 0.915422 0.918377 0.921292 0.924171 0.927014 0.929823 0.932599 0.935343 0.938058 0.940745 0.943405 0.946040 0.948651 0.951240 0.953808 0.956356 0.958887 0.961401 0.963901 0.966387 0.968861 0.971325 0.973780 0.976228 0.978669 0.981106 0.983540 0.985973))
(time 0)
(channel alpha)
(curve
    (curve-type free)
    (n-points 17)
    (points 34 -1.000000 -1.000000 -1.000000 -1.000000 -1.000000 -1.000000 -1.000000 -1.000000 -1.000000 -1.000000 -1.000000 -1.000000 -1.000000 -1.000000 -1.000000 -1.000000 -1.000000 -1.000000 -1.000000 -1.000000 -1.000000 -1.000000 -1.000000 -1.000000 -1.000000 -1.000000 -1.000000 -1.000000 -1.000000 -1.000000 -1.000000 -1.000000 -1.000000 -1.000000)
    (n-samples 256)
    (samples 256 0.000000 0.003922 0.007843 0.011765 0.015686 0.019608 0.023529 0.027451 0.031373 0.035294 0.039216 0.043137 0.047059 0.050980 0.054902 0.058824 0.062745 0.066667 0.070588 0.074510 0.078431 0.082353 0.086275 0.090196 0.094118 0.098039 0.101961 0.105882 0.109804 0.113725 0.117647 0.121569 0.125490 0.129412 0.133333 0.137255 0.141176 0.145098 0.149020 0.152941 0.156863 0.160784 0.164706 0.168627 0.172549 0.176471 0.180392 0.184314 0.188235 0.192157 0.196078 0.200000 0.203922 0.207843 0.211765 0.215686 0.219608 0.223529 0.227451 0.231373 0.235294 0.239216 0.243137 0.247059 0.250980 0.254902 0.258824 0.262745 0.266667 0.270588 0.274510 0.278431 0.282353 0.286275 0.290196 0.294118 0.298039 0.301961 0.305882 0.309804 0.313725 0.317647 0.321569 0.325490 0.329412 0.333333 0.337255 0.341176 0.345098 0.349020 0.352941 0.356863 0.360784 0.364706 0.368627 0.372549 0.376471 0.380392 0.384314 0.388235 0.392157 0.396078 0.400000 0.403922 0.407843 0.411765 0.415686 0.419608 0.423529 0.427451 0.431373 0.435294 0.439216 0.443137 0.447059 0.450980 0.454902 0.458824 0.462745 0.466667 0.470588 0.474510 0.478431 0.482353 0.486275 0.490196 0.494118 0.498039 0.501961 0.505882 0.509804 0.513725 0.517647 0.521569 0.525490 0.529412 0.533333 0.537255 0.541176 0.545098 0.549020 0.552941 0.556863 0.560784 0.564706 0.568627 0.572549 0.576471 0.580392 0.584314 0.588235 0.592157 0.596078 0.600000 0.603922 0.607843 0.611765 0.615686 0.619608 0.623529 0.627451 0.631373 0.635294 0.639216 0.643137 0.647059 0.650980 0.654902 0.658824 0.662745 0.666667 0.670588 0.674510 0.678431 0.682353 0.686275 0.690196 0.694118 0.698039 0.701961 0.705882 0.709804 0.713725 0.717647 0.721569 0.725490 0.729412 0.733333 0.737255 0.741176 0.745098 0.749020 0.752941 0.756863 0.760784 0.764706 0.768627 0.772549 0.776471 0.780392 0.784314 0.788235 0.792157 0.796078 0.800000 0.803922 0.807843 0.811765 0.815686 0.819608 0.823529 0.827451 0.831373 0.835294 0.839216 0.843137 0.847059 0.850980 0.854902 0.858824 0.862745 0.866667 0.870588 0.874510 0.878431 0.882353 0.886275 0.890196 0.894118 0.898039 0.901961 0.905882 0.909804 0.913725 0.917647 0.921569 0.925490 0.929412 0.933333 0.937255 0.941176 0.945098 0.949020 0.952941 0.956863 0.960784 0.964706 0.968627 0.972549 0.976471 0.980392 0.984314 0.988235 0.992157 0.996078 1.000000))

# end of curves tool settings
