# GIMP curves tool settings

(time 0)
(channel value)
(curve
    (curve-type smooth)
    (n-points 17)
    (points 34 0.000000 0.000000 -1.000000 -1.000000 0.121569 0.121569 -1.000000 -1.000000 0.247059 0.247059 -1.000000 -1.000000 0.372549 0.372549 -1.000000 -1.000000 0.498039 0.498039 -1.000000 -1.000000 0.623529 0.623529 -1.000000 -1.000000 0.749020 0.749020 -1.000000 -1.000000 0.874510 0.874510 -1.000000 -1.000000 1.000000 1.000000)
    (n-samples 256)
    (samples 256 0.000000 0.003922 0.007843 0.011765 0.015686 0.019608 0.023529 0.027451 0.031373 0.035294 0.039216 0.043137 0.047059 0.050980 0.054902 0.058824 0.062745 0.066667 0.070588 0.074510 0.078431 0.082353 0.086275 0.090196 0.094118 0.098039 0.101961 0.105882 0.109804 0.113725 0.117647 0.121569 0.125491 0.129412 0.133334 0.137255 0.141177 0.145098 0.149020 0.152942 0.156863 0.160785 0.164706 0.168628 0.172549 0.176471 0.180393 0.184314 0.188236 0.192157 0.196079 0.200000 0.203922 0.207844 0.211765 0.215687 0.219608 0.223530 0.227451 0.231373 0.235294 0.239216 0.243138 0.247059 0.250981 0.254902 0.258824 0.262745 0.266667 0.270588 0.274510 0.278432 0.282353 0.286275 0.290196 0.294118 0.298039 0.301961 0.305883 0.309804 0.313726 0.317647 0.321569 0.325490 0.329412 0.333334 0.337255 0.341177 0.345098 0.349020 0.352941 0.356863 0.360784 0.364706 0.368628 0.372549 0.376471 0.380392 0.384314 0.388235 0.392157 0.396078 0.400000 0.403922 0.407843 0.411765 0.415686 0.419608 0.423529 0.427451 0.431373 0.435294 0.439216 0.443137 0.447059 0.450980 0.454902 0.458824 0.462745 0.466667 0.470588 0.474510 0.478431 0.482353 0.486274 0.490196 0.494118 0.498039 0.501961 0.505882 0.509804 0.513725 0.517647 0.521568 0.525490 0.529412 0.533333 0.537255 0.541176 0.545098 0.549019 0.552941 0.556863 0.560784 0.564706 0.568627 0.572549 0.576470 0.580392 0.584314 0.588235 0.592157 0.596078 0.600000 0.603921 0.607843 0.611764 0.615686 0.619608 0.623529 0.627451 0.631372 0.635294 0.639215 0.643137 0.647058 0.650980 0.654902 0.658823 0.662745 0.666666 0.670588 0.674509 0.678431 0.682353 0.686274 0.690196 0.694117 0.698039 0.701960 0.705882 0.709804 0.713725 0.717647 0.721568 0.725490 0.729411 0.733333 0.737254 0.741176 0.745098 0.749020 0.752942 0.756863 0.760785 0.764706 0.768628 0.772549 0.776471 0.780393 0.784314 0.788236 0.792157 0.796079 0.800000 0.803922 0.807844 0.811765 0.815687 0.819608 0.823530 0.827451 0.831373 0.835295 0.839216 0.843138 0.847059 0.850981 0.854902 0.858824 0.862745 0.866667 0.870589 0.874510 0.878432 0.882353 0.886275 0.890196 0.894118 0.898039 0.901961 0.905883 0.909804 0.913726 0.917647 0.921569 0.925490 0.929412 0.933334 0.937255 0.941177 0.945098 0.949020 0.952941 0.956863 0.960785 0.964706 0.968628 0.972549 0.976471 0.980392 0.984314 0.988235 0.992157 0.996079 1.000000))
(time 0)
(channel red)
(curve
    (curve-type smooth)
    (n-points 17)
    (points 34 0.000000 0.004077 -1.000000 -1.000000 0.121569 0.080434 -1.000000 -1.000000 0.247059 0.217495 -1.000000 -1.000000 0.372549 0.373817 -1.000000 -1.000000 0.498039 0.529183 -1.000000 -1.000000 0.623529 0.673326 -1.000000 -1.000000 0.749020 0.799837 -1.000000 -1.000000 0.874510 0.907640 -1.000000 -1.000000 1.000000 0.997047)
    (n-samples 256)
    (samples 256 0.004077 0.006078 0.008083 0.010093 0.012111 0.014142 0.016186 0.018248 0.020330 0.022436 0.024567 0.026727 0.028919 0.031145 0.033409 0.035714 0.038061 0.040455 0.042898 0.045393 0.047943 0.050550 0.053218 0.055950 0.058748 0.061615 0.064554 0.067568 0.070661 0.073834 0.077090 0.080434 0.083868 0.087391 0.091000 0.094692 0.098464 0.102311 0.106230 0.110218 0.114271 0.118386 0.122559 0.126788 0.131067 0.135394 0.139766 0.144178 0.148628 0.153112 0.157627 0.162168 0.166732 0.171317 0.175918 0.180532 0.185156 0.189786 0.194418 0.199049 0.203676 0.208295 0.212903 0.217495 0.222098 0.226738 0.231413 0.236120 0.240859 0.245627 0.250423 0.255244 0.260089 0.264955 0.269842 0.274747 0.279668 0.284604 0.289553 0.294512 0.299480 0.304456 0.309436 0.314420 0.319405 0.324391 0.329374 0.334352 0.339326 0.344291 0.349247 0.354191 0.359122 0.364038 0.368937 0.373817 0.378692 0.383574 0.388464 0.393360 0.398262 0.403168 0.408077 0.412989 0.417902 0.422816 0.427730 0.432643 0.437553 0.442460 0.447363 0.452261 0.457153 0.462039 0.466916 0.471785 0.476644 0.481492 0.486329 0.491153 0.495964 0.500760 0.505541 0.510306 0.515054 0.519783 0.524493 0.529183 0.533860 0.538532 0.543199 0.547858 0.552511 0.557156 0.561793 0.566421 0.571040 0.575649 0.580247 0.584834 0.589409 0.593972 0.598522 0.603058 0.607580 0.612088 0.616581 0.621057 0.625517 0.629960 0.634386 0.638793 0.643182 0.647551 0.651900 0.656229 0.660536 0.664822 0.669086 0.673326 0.677547 0.681751 0.685940 0.690111 0.694267 0.698405 0.702527 0.706632 0.710720 0.714791 0.718844 0.722881 0.726900 0.730902 0.734886 0.738852 0.742801 0.746732 0.750645 0.754540 0.758417 0.762275 0.766115 0.769937 0.773741 0.777525 0.781291 0.785038 0.788766 0.792475 0.796165 0.799837 0.803489 0.807122 0.810737 0.814333 0.817911 0.821471 0.825012 0.828534 0.832039 0.835525 0.838992 0.842442 0.845873 0.849286 0.852681 0.856058 0.859416 0.862757 0.866079 0.869383 0.872670 0.875938 0.879189 0.882421 0.885636 0.888833 0.892012 0.895173 0.898316 0.901442 0.904550 0.907640 0.910708 0.913750 0.916767 0.919759 0.922728 0.925674 0.928598 0.931501 0.934384 0.937247 0.940092 0.942919 0.945730 0.948524 0.951303 0.954068 0.956820 0.959558 0.962285 0.965002 0.967708 0.970404 0.973093 0.975773 0.978447 0.981115 0.983778 0.986437 0.989093 0.991746 0.994397 0.997047))
(time 0)
(channel green)
(curve
    (curve-type smooth)
    (n-points 17)
    (points 34 0.000000 0.004337 -1.000000 -1.000000 0.121569 0.081805 -1.000000 -1.000000 0.247059 0.217915 -1.000000 -1.000000 0.372549 0.370659 -1.000000 -1.000000 0.498039 0.523103 -1.000000 -1.000000 0.623529 0.664628 -1.000000 -1.000000 0.749020 0.789063 -1.000000 -1.000000 0.874510 0.897041 -1.000000 -1.000000 1.000000 0.989259)
    (n-samples 256)
    (samples 256 0.004337 0.006391 0.008447 0.010510 0.012580 0.014662 0.016757 0.018870 0.021001 0.023155 0.025334 0.027541 0.029779 0.032050 0.034357 0.036703 0.039090 0.041522 0.044002 0.046531 0.049114 0.051752 0.054448 0.057206 0.060028 0.062916 0.065874 0.068904 0.072010 0.075193 0.078457 0.081805 0.085240 0.088764 0.092372 0.096061 0.099828 0.103669 0.107580 0.111558 0.115599 0.119701 0.123858 0.128069 0.132328 0.136634 0.140981 0.145367 0.149788 0.154241 0.158722 0.163227 0.167754 0.172298 0.176855 0.181423 0.185998 0.190576 0.195154 0.199728 0.204294 0.208850 0.213392 0.217915 0.222444 0.227005 0.231596 0.236214 0.240859 0.245529 0.250223 0.254939 0.259674 0.264429 0.269201 0.273989 0.278791 0.283605 0.288431 0.293266 0.298109 0.302959 0.307813 0.312671 0.317531 0.322390 0.327249 0.332104 0.336956 0.341801 0.346638 0.351467 0.356285 0.361091 0.365883 0.370659 0.375432 0.380215 0.385006 0.389804 0.394608 0.399417 0.404230 0.409047 0.413866 0.418687 0.423507 0.428327 0.433146 0.437962 0.442774 0.447582 0.452385 0.457181 0.461969 0.466750 0.471520 0.476281 0.481030 0.485767 0.490491 0.495200 0.499894 0.504572 0.509233 0.513876 0.518500 0.523103 0.527694 0.532280 0.536859 0.541433 0.546000 0.550559 0.555110 0.559653 0.564186 0.568710 0.573223 0.577726 0.582217 0.586696 0.591163 0.595616 0.600056 0.604482 0.608892 0.613288 0.617667 0.622030 0.626376 0.630705 0.635015 0.639306 0.643578 0.647830 0.652062 0.656272 0.660461 0.664628 0.668775 0.672905 0.677017 0.681113 0.685191 0.689252 0.693297 0.697324 0.701335 0.705328 0.709305 0.713266 0.717210 0.721137 0.725048 0.728942 0.732820 0.736681 0.740527 0.744356 0.748169 0.751966 0.755746 0.759511 0.763260 0.766993 0.770711 0.774412 0.778098 0.781768 0.785423 0.789063 0.792686 0.796292 0.799882 0.803455 0.807012 0.810552 0.814076 0.817584 0.821075 0.824551 0.828010 0.831453 0.834880 0.838291 0.841686 0.845066 0.848429 0.851777 0.855110 0.858427 0.861728 0.865014 0.868285 0.871540 0.874781 0.878006 0.881216 0.884411 0.887590 0.890756 0.893906 0.897041 0.900158 0.903252 0.906325 0.909376 0.912408 0.915420 0.918413 0.921388 0.924346 0.927288 0.930213 0.933123 0.936019 0.938901 0.941771 0.944628 0.947473 0.950308 0.953132 0.955947 0.958753 0.961552 0.964343 0.967128 0.969907 0.972681 0.975451 0.978217 0.980980 0.983741 0.986500 0.989259))
(time 0)
(channel blue)
(curve
    (curve-type smooth)
    (n-points 17)
    (points 34 0.000000 0.003227 -1.000000 -1.000000 0.121569 0.081040 -1.000000 -1.000000 0.247059 0.217448 -1.000000 -1.000000 0.372549 0.370345 -1.000000 -1.000000 0.498039 0.523280 -1.000000 -1.000000 0.623529 0.666010 -1.000000 -1.000000 0.749020 0.789101 -1.000000 -1.000000 0.874510 0.897209 -1.000000 -1.000000 1.000000 0.994118)
    (n-samples 256)
    (samples 256 0.003227 0.005292 0.007361 0.009434 0.011517 0.013610 0.015717 0.017841 0.019984 0.022149 0.024340 0.026558 0.028807 0.031089 0.033408 0.035765 0.038164 0.040607 0.043098 0.045638 0.048232 0.050881 0.053588 0.056357 0.059189 0.062088 0.065057 0.068098 0.071214 0.074408 0.077682 0.081040 0.084486 0.088019 0.091638 0.095337 0.099114 0.102965 0.106886 0.110875 0.114926 0.119038 0.123205 0.127426 0.131695 0.136011 0.140368 0.144764 0.149195 0.153657 0.158147 0.162662 0.167197 0.171750 0.176316 0.180893 0.185476 0.190063 0.194649 0.199231 0.203805 0.208369 0.212918 0.217448 0.221984 0.226551 0.231147 0.235771 0.240421 0.245095 0.249793 0.254512 0.259251 0.264009 0.268784 0.273575 0.278380 0.283197 0.288026 0.292864 0.297710 0.302562 0.307420 0.312281 0.317145 0.322009 0.326871 0.331732 0.336588 0.341439 0.346283 0.351119 0.355944 0.360758 0.365559 0.370345 0.375128 0.379921 0.384722 0.389530 0.394344 0.399164 0.403988 0.408815 0.413645 0.418477 0.423309 0.428141 0.432972 0.437801 0.442626 0.447448 0.452265 0.457075 0.461879 0.466675 0.471463 0.476240 0.481007 0.485763 0.490506 0.495236 0.499951 0.504651 0.509335 0.514002 0.518651 0.523280 0.527899 0.532517 0.537132 0.541744 0.546351 0.550954 0.555551 0.560140 0.564723 0.569296 0.573860 0.578414 0.582957 0.587488 0.592006 0.596510 0.601000 0.605474 0.609932 0.614373 0.618796 0.623200 0.627584 0.631948 0.636290 0.640610 0.644906 0.649179 0.653426 0.657648 0.661843 0.666010 0.670152 0.674270 0.678365 0.682438 0.686489 0.690519 0.694527 0.698515 0.702482 0.706429 0.710357 0.714266 0.718156 0.722028 0.725882 0.729719 0.733539 0.737343 0.741130 0.744902 0.748658 0.752400 0.756128 0.759841 0.763542 0.767229 0.770903 0.774565 0.778216 0.781855 0.785483 0.789101 0.792704 0.796290 0.799858 0.803408 0.806942 0.810458 0.813959 0.817444 0.820913 0.824367 0.827806 0.831231 0.834642 0.838038 0.841421 0.844791 0.848149 0.851494 0.854826 0.858147 0.861457 0.864755 0.868043 0.871321 0.874588 0.877846 0.881094 0.884334 0.887565 0.890787 0.894002 0.897209 0.900404 0.903584 0.906748 0.909897 0.913032 0.916153 0.919260 0.922355 0.925437 0.928508 0.931568 0.934616 0.937655 0.940683 0.943703 0.946713 0.949716 0.952711 0.955698 0.958679 0.961654 0.964624 0.967588 0.970547 0.973502 0.976454 0.979403 0.982349 0.985293 0.988236 0.991177 0.994118))
(time 0)
(channel alpha)
(curve
    (curve-type free)
    (n-points 17)
    (points 34 -1.000000 -1.000000 -1.000000 -1.000000 -1.000000 -1.000000 -1.000000 -1.000000 -1.000000 -1.000000 -1.000000 -1.000000 -1.000000 -1.000000 -1.000000 -1.000000 -1.000000 -1.000000 -1.000000 -1.000000 -1.000000 -1.000000 -1.000000 -1.000000 -1.000000 -1.000000 -1.000000 -1.000000 -1.000000 -1.000000 -1.000000 -1.000000 -1.000000 -1.000000)
    (n-samples 256)
    (samples 256 0.000000 0.003922 0.007843 0.011765 0.015686 0.019608 0.023529 0.027451 0.031373 0.035294 0.039216 0.043137 0.047059 0.050980 0.054902 0.058824 0.062745 0.066667 0.070588 0.074510 0.078431 0.082353 0.086275 0.090196 0.094118 0.098039 0.101961 0.105882 0.109804 0.113725 0.117647 0.121569 0.125490 0.129412 0.133333 0.137255 0.141176 0.145098 0.149020 0.152941 0.156863 0.160784 0.164706 0.168627 0.172549 0.176471 0.180392 0.184314 0.188235 0.192157 0.196078 0.200000 0.203922 0.207843 0.211765 0.215686 0.219608 0.223529 0.227451 0.231373 0.235294 0.239216 0.243137 0.247059 0.250980 0.254902 0.258824 0.262745 0.266667 0.270588 0.274510 0.278431 0.282353 0.286275 0.290196 0.294118 0.298039 0.301961 0.305882 0.309804 0.313725 0.317647 0.321569 0.325490 0.329412 0.333333 0.337255 0.341176 0.345098 0.349020 0.352941 0.356863 0.360784 0.364706 0.368627 0.372549 0.376471 0.380392 0.384314 0.388235 0.392157 0.396078 0.400000 0.403922 0.407843 0.411765 0.415686 0.419608 0.423529 0.427451 0.431373 0.435294 0.439216 0.443137 0.447059 0.450980 0.454902 0.458824 0.462745 0.466667 0.470588 0.474510 0.478431 0.482353 0.486275 0.490196 0.494118 0.498039 0.501961 0.505882 0.509804 0.513725 0.517647 0.521569 0.525490 0.529412 0.533333 0.537255 0.541176 0.545098 0.549020 0.552941 0.556863 0.560784 0.564706 0.568627 0.572549 0.576471 0.580392 0.584314 0.588235 0.592157 0.596078 0.600000 0.603922 0.607843 0.611765 0.615686 0.619608 0.623529 0.627451 0.631373 0.635294 0.639216 0.643137 0.647059 0.650980 0.654902 0.658824 0.662745 0.666667 0.670588 0.674510 0.678431 0.682353 0.686275 0.690196 0.694118 0.698039 0.701961 0.705882 0.709804 0.713725 0.717647 0.721569 0.725490 0.729412 0.733333 0.737255 0.741176 0.745098 0.749020 0.752941 0.756863 0.760784 0.764706 0.768627 0.772549 0.776471 0.780392 0.784314 0.788235 0.792157 0.796078 0.800000 0.803922 0.807843 0.811765 0.815686 0.819608 0.823529 0.827451 0.831373 0.835294 0.839216 0.843137 0.847059 0.850980 0.854902 0.858824 0.862745 0.866667 0.870588 0.874510 0.878431 0.882353 0.886275 0.890196 0.894118 0.898039 0.901961 0.905882 0.909804 0.913725 0.917647 0.921569 0.925490 0.929412 0.933333 0.937255 0.941176 0.945098 0.949020 0.952941 0.956863 0.960784 0.964706 0.968627 0.972549 0.976471 0.980392 0.984314 0.988235 0.992157 0.996078 1.000000))

# end of curves tool settings
