# GIMP curves tool settings
(time 0)
(channel value)
(curve
   (curve-type smooth)
   (n-points 17)
   (points 34 -1.0 -1.0 -1.0 -1.0 -1.0 -1.0 -1.0 -1.0 -1.0 -1.0 -1.0 -1.0 -1.0 -1.0 -1.0 -1.0 -1.0 -1.0 -1.0 -1.0 -1.0 -1.0 -1.0 -1.0 -1.0 -1.0 -1.0 -1.0 -1.0 -1.0 -1.0 -1.0 -1.0 -1.0)
(n-samples 256)
(samples 256  0.000000 0.003922 0.007843 0.011765 0.015686 0.019608 0.023529 0.027451 0.031373 0.035294 0.039216 0.043137 0.047059 0.050980 0.054902 0.058824 0.062745 0.066667 0.070588 0.074510 0.078431 0.082353 0.086275 0.090196 0.094118 0.098039 0.101961 0.105882 0.109804 0.113725 0.117647 0.121569 0.125490 0.129412 0.133333 0.137255 0.141176 0.145098 0.149020 0.152941 0.156863 0.160784 0.164706 0.168627 0.172549 0.176471 0.180392 0.184314 0.188235 0.192157 0.196078 0.200000 0.203922 0.207843 0.211765 0.215686 0.219608 0.223529 0.227451 0.231373 0.235294 0.239216 0.243137 0.247059 0.250980 0.254902 0.258824 0.262745 0.266667 0.270588 0.274510 0.278431 0.282353 0.286275 0.290196 0.294118 0.298039 0.301961 0.305882 0.309804 0.313725 0.317647 0.321569 0.325490 0.329412 0.333333 0.337255 0.341176 0.345098 0.349020 0.352941 0.356863 0.360784 0.364706 0.368627 0.372549 0.376471 0.380392 0.384314 0.388235 0.392157 0.396078 0.400000 0.403922 0.407843 0.411765 0.415686 0.419608 0.423529 0.427451 0.431373 0.435294 0.439216 0.443137 0.447059 0.450980 0.454902 0.458824 0.462745 0.466667 0.470588 0.474510 0.478431 0.482353 0.486275 0.490196 0.494118 0.498039 0.501961 0.505882 0.509804 0.513725 0.517647 0.521569 0.525490 0.529412 0.533333 0.537255 0.541176 0.545098 0.549020 0.552941 0.556863 0.560784 0.564706 0.568627 0.572549 0.576471 0.580392 0.584314 0.588235 0.592157 0.596078 0.600000 0.603922 0.607843 0.611765 0.615686 0.619608 0.623529 0.627451 0.631373 0.635294 0.639216 0.643137 0.647059 0.650980 0.654902 0.658824 0.662745 0.666667 0.670588 0.674510 0.678431 0.682353 0.686275 0.690196 0.694118 0.698039 0.701961 0.705882 0.709804 0.713725 0.717647 0.721569 0.725490 0.729412 0.733333 0.737255 0.741176 0.745098 0.749020 0.752941 0.756863 0.760784 0.764706 0.768627 0.772549 0.776471 0.780392 0.784314 0.788235 0.792157 0.796078 0.800000 0.803922 0.807843 0.811765 0.815686 0.819608 0.823529 0.827451 0.831373 0.835294 0.839216 0.843137 0.847059 0.850980 0.854902 0.858824 0.862745 0.866667 0.870588 0.874510 0.878431 0.882353 0.886275 0.890196 0.894118 0.898039 0.901961 0.905882 0.909804 0.913725 0.917647 0.921569 0.925490 0.929412 0.933333 0.937255 0.941176 0.945098 0.949020 0.952941 0.956863 0.960784 0.964706 0.968627 0.972549 0.976471 0.980392 0.984314 0.988235 0.992157 0.996078 1.000000))
(time 0)
(channel red)
(curve
   (curve-type smooth)
   (n-points 17)
   (points 34 -1.0 -1.0 -1.0 -1.0 -1.0 -1.0 -1.0 -1.0 -1.0 -1.0 -1.0 -1.0 -1.0 -1.0 -1.0 -1.0 -1.0 -1.0 -1.0 -1.0 -1.0 -1.0 -1.0 -1.0 -1.0 -1.0 -1.0 -1.0 -1.0 -1.0 -1.0 -1.0 -1.0 -1.0)
(n-samples 256)
(samples 256  0.000030 0.000148 0.003755 0.006356 0.009077 0.012025 0.014938 0.017840 0.020700 0.023644 0.026589 0.029490 0.032438 0.035435 0.038354 0.041376 0.044359 0.047363 0.050356 0.053417 0.056477 0.059542 0.062615 0.065741 0.068850 0.071971 0.075118 0.078343 0.081527 0.084727 0.088016 0.091253 0.094596 0.097931 0.101291 0.104681 0.108052 0.111525 0.115007 0.118474 0.122020 0.125592 0.129191 0.132859 0.136502 0.140236 0.143969 0.147736 0.151526 0.155379 0.159253 0.163157 0.167117 0.171077 0.175049 0.179108 0.183168 0.187272 0.191396 0.195573 0.199706 0.203961 0.208175 0.212420 0.216670 0.220986 0.225330 0.229651 0.234023 0.238433 0.242821 0.247299 0.251669 0.256123 0.260640 0.265099 0.269610 0.274144 0.278639 0.283177 0.287738 0.292346 0.296887 0.301458 0.306084 0.310679 0.315228 0.319813 0.324485 0.329173 0.333802 0.338388 0.343051 0.347777 0.352513 0.357093 0.361759 0.366524 0.371263 0.375957 0.380711 0.385434 0.390232 0.395029 0.399753 0.404564 0.409409 0.414200 0.419074 0.423880 0.428746 0.433554 0.438474 0.443373 0.448232 0.453204 0.458082 0.463063 0.468005 0.472864 0.477733 0.482636 0.487672 0.492460 0.497400 0.502198 0.507107 0.511915 0.516940 0.521636 0.526346 0.531188 0.535842 0.540596 0.545292 0.549900 0.554421 0.558990 0.563526 0.567976 0.572527 0.577003 0.581544 0.586040 0.590600 0.595097 0.599693 0.604238 0.608847 0.613445 0.618007 0.622616 0.627118 0.631758 0.636280 0.640835 0.645412 0.649960 0.654479 0.659023 0.663567 0.668044 0.672580 0.677060 0.681499 0.685888 0.690361 0.694633 0.699075 0.703346 0.707683 0.712012 0.716342 0.720683 0.725056 0.729387 0.733799 0.738198 0.742578 0.747140 0.751704 0.756105 0.760372 0.765020 0.769184 0.773458 0.777611 0.781585 0.785552 0.789407 0.793126 0.796702 0.800399 0.804291 0.807827 0.811764 0.815692 0.819532 0.823373 0.827158 0.830901 0.834762 0.838245 0.841738 0.845449 0.849135 0.852570 0.856321 0.859663 0.863265 0.866707 0.870448 0.873946 0.878308 0.881356 0.883396 0.887019 0.889741 0.891342 0.896471 0.900218 0.905042 0.908446 0.914082 0.915686 0.916340 0.922745 0.922353 0.927451 0.934902 0.932549 0.933333 0.937255 0.945098 0.956863 0.949020 0.954902 0.949020 0.949020 0.964706 0.964706 0.968627 0.968627 0.968627 0.968627 0.968627 0.968627 0.968627 0.968627 0.968627 0.968627 0.968627 0.968627 0.968627 0.968627 0.968627))
(time 0)
(channel green)
(curve
   (curve-type smooth)
   (n-points 17)
   (points 34 -1.0 -1.0 -1.0 -1.0 -1.0 -1.0 -1.0 -1.0 -1.0 -1.0 -1.0 -1.0 -1.0 -1.0 -1.0 -1.0 -1.0 -1.0 -1.0 -1.0 -1.0 -1.0 -1.0 -1.0 -1.0 -1.0 -1.0 -1.0 -1.0 -1.0 -1.0 -1.0 -1.0 -1.0)
(n-samples 256)
(samples 256  0.000086 0.000358 0.003327 0.005832 0.008597 0.011578 0.014321 0.017220 0.020119 0.022900 0.025838 0.028625 0.031589 0.034414 0.037349 0.040274 0.043172 0.046114 0.049051 0.052051 0.055004 0.058036 0.061026 0.064061 0.067095 0.070145 0.073277 0.076355 0.079467 0.082617 0.085768 0.088968 0.092138 0.095409 0.098628 0.101911 0.105229 0.108553 0.111866 0.115270 0.118610 0.122067 0.125509 0.129000 0.132529 0.136041 0.139702 0.143316 0.146997 0.150794 0.154486 0.158325 0.162154 0.166010 0.169949 0.173883 0.177795 0.181779 0.185839 0.189793 0.193858 0.198034 0.202092 0.206169 0.210417 0.214616 0.218811 0.223058 0.227370 0.231703 0.235993 0.240304 0.244663 0.249083 0.253345 0.257777 0.262130 0.266650 0.271058 0.275458 0.279870 0.284391 0.288837 0.293316 0.297722 0.302217 0.306795 0.311303 0.315852 0.320430 0.325027 0.329571 0.334110 0.338742 0.343357 0.348012 0.352603 0.357315 0.361936 0.366635 0.371377 0.376040 0.380769 0.385474 0.390252 0.394969 0.399660 0.404529 0.409270 0.414131 0.418853 0.423633 0.428474 0.433261 0.437939 0.442719 0.447583 0.452298 0.457187 0.461991 0.466622 0.471368 0.476202 0.480918 0.485728 0.490459 0.495355 0.499839 0.504712 0.509344 0.514165 0.518832 0.523641 0.528399 0.533121 0.537844 0.542589 0.547272 0.551962 0.556709 0.561451 0.565970 0.570795 0.575446 0.580002 0.584620 0.589267 0.593766 0.598238 0.602651 0.607149 0.611526 0.616027 0.620406 0.624868 0.629306 0.633710 0.638150 0.642547 0.646827 0.651231 0.655550 0.659857 0.664215 0.668538 0.672844 0.677152 0.681438 0.685738 0.689954 0.694200 0.698389 0.702702 0.706815 0.710993 0.715166 0.719313 0.723409 0.727462 0.731481 0.735427 0.739475 0.743400 0.747546 0.751415 0.755323 0.759154 0.763121 0.766800 0.770605 0.774151 0.778108 0.781834 0.785320 0.789383 0.792930 0.796774 0.800094 0.804110 0.807929 0.811275 0.814295 0.817892 0.821025 0.825062 0.827038 0.831916 0.833708 0.840234 0.842376 0.848082 0.849725 0.854662 0.855984 0.859314 0.861122 0.869382 0.875980 0.876863 0.876471 0.876471 0.882353 0.886275 0.878431 0.878431 0.894118 0.894118 0.894118 0.894118 0.894118 0.894118 0.894118 0.894118 0.894118 0.894118 0.894118 0.894118 0.894118 0.894118 0.894118 0.894118 0.894118 0.894118 0.894118 0.894118 0.894118 0.894118 0.894118 0.894118 0.894118 0.894118 0.894118 0.894118 0.894118 0.894118 0.894118))
(time 0)
(channel blue)
(curve
   (curve-type smooth)
   (n-points 17)
   (points 34 -1.0 -1.0 -1.0 -1.0 -1.0 -1.0 -1.0 -1.0 -1.0 -1.0 -1.0 -1.0 -1.0 -1.0 -1.0 -1.0 -1.0 -1.0 -1.0 -1.0 -1.0 -1.0 -1.0 -1.0 -1.0 -1.0 -1.0 -1.0 -1.0 -1.0 -1.0 -1.0 -1.0 -1.0)
(n-samples 256)
(samples 256  0.000014 0.000037 0.002593 0.004979 0.007968 0.010804 0.013455 0.016317 0.019034 0.021771 0.024546 0.027317 0.030038 0.032818 0.035606 0.038381 0.041210 0.043999 0.046838 0.049671 0.052551 0.055478 0.058360 0.061267 0.064264 0.067241 0.070245 0.073250 0.076370 0.079435 0.082570 0.085694 0.088885 0.092114 0.095406 0.098698 0.102007 0.105384 0.108778 0.112297 0.115753 0.119258 0.122807 0.126445 0.130032 0.133651 0.137347 0.141040 0.144761 0.148512 0.152254 0.156034 0.159846 0.163691 0.167569 0.171462 0.175372 0.179333 0.183343 0.187293 0.191340 0.195414 0.199513 0.203568 0.207715 0.211889 0.215998 0.220226 0.224415 0.228695 0.232950 0.237247 0.241553 0.245808 0.250163 0.254446 0.258910 0.263248 0.267669 0.272107 0.276541 0.281090 0.285612 0.290128 0.294716 0.299370 0.303847 0.308535 0.313171 0.317905 0.322587 0.327365 0.332156 0.336803 0.341584 0.346392 0.351172 0.355876 0.360636 0.365475 0.370116 0.374978 0.379635 0.384448 0.389196 0.393910 0.398681 0.403472 0.408251 0.413001 0.417662 0.422375 0.427217 0.431839 0.436564 0.441381 0.446095 0.450875 0.455555 0.460211 0.464905 0.469706 0.474405 0.479156 0.483843 0.488601 0.493277 0.497942 0.502656 0.507268 0.512012 0.516704 0.521378 0.526138 0.530949 0.535404 0.540239 0.544800 0.549379 0.554145 0.558780 0.563408 0.568082 0.572705 0.577565 0.582069 0.586698 0.591453 0.596252 0.600667 0.605505 0.610046 0.614574 0.619219 0.623931 0.628315 0.632768 0.637412 0.641901 0.646241 0.650753 0.655181 0.659616 0.663972 0.668430 0.672726 0.677078 0.681414 0.685739 0.689951 0.694275 0.698461 0.702658 0.706853 0.711044 0.715182 0.719253 0.723372 0.727485 0.731492 0.735593 0.739636 0.743602 0.747583 0.751544 0.755467 0.759366 0.763269 0.767154 0.770982 0.774781 0.778447 0.782356 0.786072 0.789749 0.793548 0.797246 0.801099 0.804210 0.808439 0.812249 0.814762 0.819988 0.823158 0.826750 0.829024 0.832293 0.836642 0.838704 0.843595 0.846642 0.850667 0.855719 0.856171 0.858191 0.859010 0.870275 0.869468 0.871024 0.876471 0.886275 0.879739 0.879739 0.879739 0.879739 0.879739 0.879739 0.879739 0.879739 0.879739 0.879739 0.879739 0.879739 0.879739 0.879739 0.879739 0.879739 0.879739 0.879739 0.879739 0.879739 0.879739 0.879739 0.879739 0.879739 0.879739 0.879739 0.879739 0.879739 0.879739 0.879739 0.879739 0.879739 0.879739 0.879739 0.879739))
