# GIMP curves tool settings
(time 0)
(channel value)
(curve
   (curve-type smooth)
   (n-points 17)
   (points 34 -1.0 -1.0 -1.0 -1.0 -1.0 -1.0 -1.0 -1.0 -1.0 -1.0 -1.0 -1.0 -1.0 -1.0 -1.0 -1.0 -1.0 -1.0 -1.0 -1.0 -1.0 -1.0 -1.0 -1.0 -1.0 -1.0 -1.0 -1.0 -1.0 -1.0 -1.0 -1.0 -1.0 -1.0)
(n-samples 256)
(samples 256  0.000000 0.003922 0.007843 0.011765 0.015686 0.019608 0.023529 0.027451 0.031373 0.035294 0.039216 0.043137 0.047059 0.050980 0.054902 0.058824 0.062745 0.066667 0.070588 0.074510 0.078431 0.082353 0.086275 0.090196 0.094118 0.098039 0.101961 0.105882 0.109804 0.113725 0.117647 0.121569 0.125490 0.129412 0.133333 0.137255 0.141176 0.145098 0.149020 0.152941 0.156863 0.160784 0.164706 0.168627 0.172549 0.176471 0.180392 0.184314 0.188235 0.192157 0.196078 0.200000 0.203922 0.207843 0.211765 0.215686 0.219608 0.223529 0.227451 0.231373 0.235294 0.239216 0.243137 0.247059 0.250980 0.254902 0.258824 0.262745 0.266667 0.270588 0.274510 0.278431 0.282353 0.286275 0.290196 0.294118 0.298039 0.301961 0.305882 0.309804 0.313725 0.317647 0.321569 0.325490 0.329412 0.333333 0.337255 0.341176 0.345098 0.349020 0.352941 0.356863 0.360784 0.364706 0.368627 0.372549 0.376471 0.380392 0.384314 0.388235 0.392157 0.396078 0.400000 0.403922 0.407843 0.411765 0.415686 0.419608 0.423529 0.427451 0.431373 0.435294 0.439216 0.443137 0.447059 0.450980 0.454902 0.458824 0.462745 0.466667 0.470588 0.474510 0.478431 0.482353 0.486275 0.490196 0.494118 0.498039 0.501961 0.505882 0.509804 0.513725 0.517647 0.521569 0.525490 0.529412 0.533333 0.537255 0.541176 0.545098 0.549020 0.552941 0.556863 0.560784 0.564706 0.568627 0.572549 0.576471 0.580392 0.584314 0.588235 0.592157 0.596078 0.600000 0.603922 0.607843 0.611765 0.615686 0.619608 0.623529 0.627451 0.631373 0.635294 0.639216 0.643137 0.647059 0.650980 0.654902 0.658824 0.662745 0.666667 0.670588 0.674510 0.678431 0.682353 0.686275 0.690196 0.694118 0.698039 0.701961 0.705882 0.709804 0.713725 0.717647 0.721569 0.725490 0.729412 0.733333 0.737255 0.741176 0.745098 0.749020 0.752941 0.756863 0.760784 0.764706 0.768627 0.772549 0.776471 0.780392 0.784314 0.788235 0.792157 0.796078 0.800000 0.803922 0.807843 0.811765 0.815686 0.819608 0.823529 0.827451 0.831373 0.835294 0.839216 0.843137 0.847059 0.850980 0.854902 0.858824 0.862745 0.866667 0.870588 0.874510 0.878431 0.882353 0.886275 0.890196 0.894118 0.898039 0.901961 0.905882 0.909804 0.913725 0.917647 0.921569 0.925490 0.929412 0.933333 0.937255 0.941176 0.945098 0.949020 0.952941 0.956863 0.960784 0.964706 0.968627 0.972549 0.976471 0.980392 0.984314 0.988235 0.992157 0.996078 1.000000))
(time 0)
(channel red)
(curve
   (curve-type smooth)
   (n-points 17)
   (points 34 -1.0 -1.0 -1.0 -1.0 -1.0 -1.0 -1.0 -1.0 -1.0 -1.0 -1.0 -1.0 -1.0 -1.0 -1.0 -1.0 -1.0 -1.0 -1.0 -1.0 -1.0 -1.0 -1.0 -1.0 -1.0 -1.0 -1.0 -1.0 -1.0 -1.0 -1.0 -1.0 -1.0 -1.0)
(n-samples 256)
(samples 256  0.000057 0.000429 0.002160 0.003575 0.005207 0.006809 0.008528 0.009979 0.011868 0.013453 0.015165 0.016899 0.018699 0.020454 0.022337 0.023994 0.025857 0.027661 0.029599 0.031463 0.033259 0.035241 0.037238 0.039097 0.041083 0.043120 0.045065 0.047112 0.049238 0.051380 0.053457 0.055663 0.057877 0.060100 0.062396 0.064731 0.067100 0.069504 0.071927 0.074429 0.076972 0.079484 0.082186 0.084784 0.087580 0.090287 0.093198 0.096097 0.099060 0.102027 0.105050 0.108237 0.111333 0.114609 0.117871 0.121237 0.124629 0.128122 0.131620 0.135278 0.138866 0.142577 0.146324 0.150168 0.154104 0.157975 0.161987 0.166121 0.170182 0.174452 0.178737 0.182942 0.187433 0.191937 0.196402 0.200988 0.205635 0.210348 0.215117 0.220006 0.224940 0.229834 0.234831 0.240065 0.245040 0.250164 0.255646 0.260975 0.266114 0.271585 0.277010 0.282616 0.288208 0.293636 0.299291 0.305125 0.310865 0.316549 0.322248 0.328164 0.333972 0.339935 0.345724 0.351603 0.357665 0.363404 0.369351 0.375441 0.381400 0.387284 0.393310 0.399290 0.405074 0.411236 0.417198 0.423110 0.429001 0.434919 0.440807 0.446698 0.452779 0.458674 0.464494 0.470769 0.476629 0.482796 0.488879 0.495008 0.501068 0.507248 0.513583 0.519978 0.526273 0.532917 0.539291 0.545820 0.552484 0.559260 0.565993 0.572811 0.579537 0.586334 0.593203 0.599873 0.606766 0.613282 0.619949 0.626403 0.632968 0.639311 0.645713 0.651900 0.658132 0.664212 0.670284 0.676262 0.682109 0.687905 0.693625 0.699296 0.704821 0.710362 0.715918 0.721348 0.726793 0.732023 0.737460 0.742823 0.747841 0.753132 0.758318 0.763147 0.768070 0.772746 0.777087 0.781574 0.785685 0.789209 0.793469 0.797033 0.799897 0.803948 0.807334 0.809718 0.814109 0.817318 0.821407 0.825668 0.829809 0.834470 0.839262 0.844235 0.849032 0.852692 0.857254 0.861183 0.865040 0.868532 0.872408 0.875671 0.879508 0.882819 0.886465 0.890181 0.893801 0.897348 0.900895 0.904279 0.908075 0.911442 0.914745 0.917496 0.920726 0.922899 0.926230 0.932040 0.937255 0.940153 0.943650 0.947386 0.950700 0.951261 0.955958 0.956506 0.958543 0.965577 0.964314 0.967059 0.973529 0.981176 0.978824 0.988235 0.980392 0.988235 0.992157 0.992157 0.986275 0.988235 0.996078 0.988235 0.988235 0.988235 0.988235 0.988235 0.988235 0.988235 0.988235 0.988235 0.988235 0.988235 0.988235 0.988235 0.988235 0.988235 0.988235 0.988235))
(time 0)
(channel green)
(curve
   (curve-type smooth)
   (n-points 17)
   (points 34 -1.0 -1.0 -1.0 -1.0 -1.0 -1.0 -1.0 -1.0 -1.0 -1.0 -1.0 -1.0 -1.0 -1.0 -1.0 -1.0 -1.0 -1.0 -1.0 -1.0 -1.0 -1.0 -1.0 -1.0 -1.0 -1.0 -1.0 -1.0 -1.0 -1.0 -1.0 -1.0 -1.0 -1.0)
(n-samples 256)
(samples 256  0.000612 0.000918 0.001797 0.003376 0.004794 0.006219 0.007939 0.009491 0.011093 0.012906 0.014401 0.016218 0.017813 0.019684 0.021360 0.023117 0.024846 0.026588 0.028395 0.030165 0.031942 0.033758 0.035599 0.037383 0.039284 0.041190 0.043129 0.045040 0.047012 0.049016 0.051008 0.053047 0.055113 0.057210 0.059359 0.061478 0.063684 0.065920 0.068253 0.070517 0.072944 0.075278 0.077786 0.080252 0.082762 0.085364 0.087917 0.090612 0.093292 0.095971 0.098812 0.101500 0.104406 0.107316 0.110253 0.113282 0.116369 0.119464 0.122564 0.125905 0.129190 0.132419 0.135890 0.139354 0.142790 0.146254 0.149983 0.153564 0.157106 0.160837 0.164697 0.168492 0.172340 0.176314 0.180355 0.184426 0.188588 0.192775 0.196993 0.201354 0.205759 0.210244 0.214720 0.219201 0.223817 0.228566 0.233303 0.238047 0.242955 0.247776 0.252691 0.257695 0.262700 0.267766 0.272764 0.277893 0.283032 0.288198 0.293388 0.298631 0.303879 0.309240 0.314509 0.319911 0.325229 0.330657 0.336041 0.341457 0.346782 0.352242 0.357603 0.362989 0.368504 0.374061 0.379400 0.384984 0.390474 0.396033 0.401752 0.407271 0.412758 0.418518 0.423941 0.429732 0.435383 0.441215 0.446934 0.452612 0.458401 0.463995 0.469746 0.475512 0.481411 0.487080 0.492962 0.498649 0.504243 0.510212 0.515911 0.521425 0.527173 0.532832 0.538617 0.544362 0.550256 0.555989 0.561738 0.567972 0.574412 0.580902 0.587697 0.594352 0.600857 0.607384 0.613506 0.619782 0.625875 0.632074 0.637862 0.643961 0.649665 0.655464 0.661139 0.666788 0.672271 0.677632 0.682955 0.688252 0.693601 0.698920 0.704165 0.709440 0.714574 0.719597 0.724682 0.729624 0.734448 0.739179 0.743879 0.748424 0.752963 0.757472 0.761788 0.766193 0.770376 0.774528 0.778616 0.782619 0.786536 0.790498 0.794545 0.798554 0.802413 0.806495 0.810069 0.813944 0.817682 0.821822 0.825841 0.829124 0.833856 0.836939 0.840686 0.843566 0.846473 0.850609 0.854863 0.856753 0.859587 0.863740 0.866411 0.869255 0.873309 0.875727 0.878235 0.880865 0.884766 0.887745 0.890196 0.892157 0.892157 0.905882 0.900000 0.917647 0.917647 0.917647 0.917647 0.917647 0.917647 0.917647 0.917647 0.917647 0.917647 0.917647 0.917647 0.917647 0.917647 0.917647 0.917647 0.917647 0.917647 0.917647 0.917647 0.917647 0.917647 0.917647 0.917647 0.917647 0.917647 0.917647 0.917647 0.917647 0.917647 0.917647 0.917647 0.917647))
(time 0)
(channel blue)
(curve
   (curve-type smooth)
   (n-points 17)
   (points 34 -1.0 -1.0 -1.0 -1.0 -1.0 -1.0 -1.0 -1.0 -1.0 -1.0 -1.0 -1.0 -1.0 -1.0 -1.0 -1.0 -1.0 -1.0 -1.0 -1.0 -1.0 -1.0 -1.0 -1.0 -1.0 -1.0 -1.0 -1.0 -1.0 -1.0 -1.0 -1.0 -1.0 -1.0)
(n-samples 256)
(samples 256  0.001524 0.002274 0.003712 0.005381 0.007081 0.008771 0.010608 0.012547 0.014609 0.016584 0.018624 0.020736 0.022865 0.024989 0.027114 0.029290 0.031468 0.033690 0.035893 0.038126 0.040358 0.042618 0.044877 0.047185 0.049486 0.051730 0.054034 0.056394 0.058644 0.061026 0.063302 0.065663 0.068019 0.070400 0.072749 0.075187 0.077669 0.080158 0.082666 0.085204 0.087894 0.090508 0.093218 0.095917 0.098794 0.101590 0.104565 0.107555 0.110650 0.113781 0.116983 0.120272 0.123613 0.127040 0.130544 0.134087 0.137726 0.141439 0.145259 0.149197 0.153180 0.157162 0.161408 0.165569 0.169917 0.174244 0.178645 0.183131 0.187565 0.192182 0.196614 0.201234 0.205743 0.210473 0.215088 0.219912 0.224701 0.229230 0.234108 0.238945 0.243823 0.248321 0.253189 0.257866 0.262712 0.267075 0.271934 0.276545 0.281062 0.285742 0.290291 0.294770 0.299190 0.303990 0.308604 0.313241 0.317854 0.322781 0.327564 0.332468 0.337455 0.342405 0.347506 0.352541 0.357648 0.362744 0.368015 0.373259 0.378712 0.383879 0.389320 0.394803 0.400104 0.405695 0.411178 0.416642 0.422206 0.427817 0.433247 0.438956 0.444602 0.450054 0.455524 0.461319 0.467017 0.472461 0.478116 0.483643 0.489422 0.495069 0.500500 0.506040 0.511354 0.517037 0.522347 0.527645 0.532899 0.538171 0.543403 0.548631 0.553656 0.558875 0.564090 0.568774 0.573872 0.578653 0.583559 0.588561 0.593193 0.597941 0.602531 0.607368 0.612010 0.616587 0.621229 0.625849 0.630506 0.634864 0.639035 0.643510 0.647806 0.652058 0.656476 0.660859 0.665381 0.669804 0.674230 0.678605 0.683055 0.687221 0.691425 0.695565 0.699582 0.703603 0.707578 0.711415 0.715288 0.719122 0.722916 0.726667 0.730458 0.734327 0.737896 0.741565 0.745291 0.748914 0.752501 0.756046 0.759665 0.763180 0.766607 0.770143 0.773608 0.777166 0.780564 0.784250 0.787424 0.790816 0.794127 0.797834 0.800543 0.803557 0.807404 0.810464 0.812970 0.816582 0.819710 0.821201 0.825959 0.828039 0.830788 0.833098 0.836193 0.838408 0.842378 0.842764 0.845804 0.848739 0.850109 0.850980 0.854902 0.853595 0.853595 0.853595 0.853595 0.853595 0.853595 0.853595 0.853595 0.853595 0.853595 0.853595 0.853595 0.853595 0.853595 0.853595 0.853595 0.853595 0.853595 0.853595 0.853595 0.853595 0.853595 0.853595 0.853595 0.853595 0.853595 0.853595 0.853595 0.853595 0.853595 0.853595 0.853595 0.853595 0.853595 0.853595))
