# GIMP curves tool settings
(time 0)
(channel value)
(curve
   (curve-type smooth)
   (n-points 17)
   (points 34 -1.0 -1.0 -1.0 -1.0 -1.0 -1.0 -1.0 -1.0 -1.0 -1.0 -1.0 -1.0 -1.0 -1.0 -1.0 -1.0 -1.0 -1.0 -1.0 -1.0 -1.0 -1.0 -1.0 -1.0 -1.0 -1.0 -1.0 -1.0 -1.0 -1.0 -1.0 -1.0 -1.0 -1.0)
(n-samples 256)
(samples 256  0.000000 0.003922 0.007843 0.011765 0.015686 0.019608 0.023529 0.027451 0.031373 0.035294 0.039216 0.043137 0.047059 0.050980 0.054902 0.058824 0.062745 0.066667 0.070588 0.074510 0.078431 0.082353 0.086275 0.090196 0.094118 0.098039 0.101961 0.105882 0.109804 0.113725 0.117647 0.121569 0.125490 0.129412 0.133333 0.137255 0.141176 0.145098 0.149020 0.152941 0.156863 0.160784 0.164706 0.168627 0.172549 0.176471 0.180392 0.184314 0.188235 0.192157 0.196078 0.200000 0.203922 0.207843 0.211765 0.215686 0.219608 0.223529 0.227451 0.231373 0.235294 0.239216 0.243137 0.247059 0.250980 0.254902 0.258824 0.262745 0.266667 0.270588 0.274510 0.278431 0.282353 0.286275 0.290196 0.294118 0.298039 0.301961 0.305882 0.309804 0.313725 0.317647 0.321569 0.325490 0.329412 0.333333 0.337255 0.341176 0.345098 0.349020 0.352941 0.356863 0.360784 0.364706 0.368627 0.372549 0.376471 0.380392 0.384314 0.388235 0.392157 0.396078 0.400000 0.403922 0.407843 0.411765 0.415686 0.419608 0.423529 0.427451 0.431373 0.435294 0.439216 0.443137 0.447059 0.450980 0.454902 0.458824 0.462745 0.466667 0.470588 0.474510 0.478431 0.482353 0.486275 0.490196 0.494118 0.498039 0.501961 0.505882 0.509804 0.513725 0.517647 0.521569 0.525490 0.529412 0.533333 0.537255 0.541176 0.545098 0.549020 0.552941 0.556863 0.560784 0.564706 0.568627 0.572549 0.576471 0.580392 0.584314 0.588235 0.592157 0.596078 0.600000 0.603922 0.607843 0.611765 0.615686 0.619608 0.623529 0.627451 0.631373 0.635294 0.639216 0.643137 0.647059 0.650980 0.654902 0.658824 0.662745 0.666667 0.670588 0.674510 0.678431 0.682353 0.686275 0.690196 0.694118 0.698039 0.701961 0.705882 0.709804 0.713725 0.717647 0.721569 0.725490 0.729412 0.733333 0.737255 0.741176 0.745098 0.749020 0.752941 0.756863 0.760784 0.764706 0.768627 0.772549 0.776471 0.780392 0.784314 0.788235 0.792157 0.796078 0.800000 0.803922 0.807843 0.811765 0.815686 0.819608 0.823529 0.827451 0.831373 0.835294 0.839216 0.843137 0.847059 0.850980 0.854902 0.858824 0.862745 0.866667 0.870588 0.874510 0.878431 0.882353 0.886275 0.890196 0.894118 0.898039 0.901961 0.905882 0.909804 0.913725 0.917647 0.921569 0.925490 0.929412 0.933333 0.937255 0.941176 0.945098 0.949020 0.952941 0.956863 0.960784 0.964706 0.968627 0.972549 0.976471 0.980392 0.984314 0.988235 0.992157 0.996078 1.000000))
(time 0)
(channel red)
(curve
   (curve-type smooth)
   (n-points 17)
   (points 34 -1.0 -1.0 -1.0 -1.0 -1.0 -1.0 -1.0 -1.0 -1.0 -1.0 -1.0 -1.0 -1.0 -1.0 -1.0 -1.0 -1.0 -1.0 -1.0 -1.0 -1.0 -1.0 -1.0 -1.0 -1.0 -1.0 -1.0 -1.0 -1.0 -1.0 -1.0 -1.0 -1.0 -1.0)
(n-samples 256)
(samples 256  0.000014 0.000364 0.003589 0.006073 0.008772 0.011515 0.014228 0.017054 0.019727 0.022590 0.025423 0.028170 0.031003 0.033891 0.036744 0.039615 0.042525 0.045423 0.048405 0.051334 0.054375 0.057444 0.060485 0.063586 0.066722 0.069853 0.073084 0.076375 0.079644 0.082888 0.086324 0.089733 0.093189 0.096699 0.100270 0.103798 0.107508 0.111289 0.115038 0.118815 0.122694 0.126602 0.130622 0.134617 0.138650 0.142767 0.146935 0.151137 0.155371 0.159644 0.163924 0.168254 0.172679 0.177065 0.181507 0.186021 0.190584 0.195130 0.199706 0.204261 0.208891 0.213599 0.218234 0.222902 0.227664 0.232380 0.237129 0.241833 0.246646 0.251427 0.256179 0.261010 0.265753 0.270600 0.275346 0.280129 0.284940 0.289796 0.294543 0.299350 0.304129 0.308936 0.313739 0.318459 0.323291 0.328192 0.332881 0.337640 0.342496 0.347363 0.352113 0.356884 0.361638 0.366485 0.371311 0.376004 0.380823 0.385664 0.390453 0.395261 0.400060 0.404843 0.409695 0.414545 0.419310 0.424271 0.429054 0.433935 0.438816 0.443699 0.448457 0.453394 0.458276 0.463068 0.468082 0.472947 0.477812 0.482691 0.487599 0.492507 0.497322 0.502143 0.507027 0.511856 0.516739 0.521567 0.526263 0.530924 0.535746 0.540428 0.545027 0.549632 0.554196 0.558790 0.563284 0.567704 0.572010 0.576393 0.580729 0.584995 0.589254 0.593368 0.597718 0.601949 0.606151 0.610497 0.614753 0.619090 0.623375 0.627735 0.632072 0.636422 0.640755 0.645094 0.649422 0.653722 0.658002 0.662285 0.666591 0.670887 0.675158 0.679389 0.683554 0.687761 0.691946 0.696111 0.700198 0.704233 0.708423 0.712382 0.716346 0.720452 0.724424 0.728464 0.732498 0.736504 0.740600 0.744705 0.748686 0.752835 0.757248 0.761104 0.765246 0.769499 0.773267 0.777355 0.780955 0.784653 0.788512 0.791957 0.795524 0.798861 0.802310 0.806052 0.809429 0.813052 0.816507 0.820340 0.823737 0.827084 0.830813 0.834159 0.837842 0.841139 0.844555 0.847913 0.851236 0.854992 0.858056 0.861300 0.864688 0.868629 0.871247 0.875895 0.878496 0.879892 0.884239 0.888207 0.892308 0.894706 0.897977 0.900093 0.900603 0.905169 0.910924 0.915033 0.919608 0.916863 0.929412 0.925490 0.934118 0.937255 0.937255 0.933333 0.952941 0.947712 0.954902 0.945098 0.952941 0.956863 0.956863 0.949020 0.949020 0.949020 0.949020 0.949020 0.949020 0.949020 0.949020 0.949020 0.949020 0.949020 0.949020 0.949020 0.949020 0.949020))
(time 0)
(channel green)
(curve
   (curve-type smooth)
   (n-points 17)
   (points 34 -1.0 -1.0 -1.0 -1.0 -1.0 -1.0 -1.0 -1.0 -1.0 -1.0 -1.0 -1.0 -1.0 -1.0 -1.0 -1.0 -1.0 -1.0 -1.0 -1.0 -1.0 -1.0 -1.0 -1.0 -1.0 -1.0 -1.0 -1.0 -1.0 -1.0 -1.0 -1.0 -1.0 -1.0)
(n-samples 256)
(samples 256  0.000047 0.000514 0.003140 0.005673 0.008244 0.011216 0.013830 0.016628 0.019355 0.022045 0.024946 0.027589 0.030475 0.033184 0.036026 0.038864 0.041726 0.044647 0.047519 0.050463 0.053431 0.056444 0.059453 0.062534 0.065590 0.068753 0.071910 0.075069 0.078290 0.081579 0.084891 0.088258 0.091668 0.095135 0.098602 0.102155 0.105709 0.109386 0.113023 0.116702 0.120450 0.124304 0.128096 0.132044 0.135986 0.139897 0.144027 0.148054 0.152225 0.156440 0.160627 0.164928 0.169270 0.173567 0.177960 0.182365 0.186797 0.191270 0.195790 0.200233 0.204773 0.209383 0.213887 0.218496 0.223114 0.227856 0.232424 0.237091 0.241917 0.246589 0.251282 0.255963 0.260756 0.265501 0.270174 0.274901 0.279626 0.284397 0.289119 0.293784 0.298516 0.303255 0.308024 0.312824 0.317531 0.322253 0.326903 0.331707 0.336476 0.341218 0.345955 0.350727 0.355458 0.360367 0.365114 0.369894 0.374671 0.379486 0.384271 0.389136 0.393909 0.398704 0.403503 0.408383 0.413262 0.418092 0.422909 0.427789 0.432682 0.437465 0.442288 0.447147 0.451834 0.456734 0.461500 0.466272 0.471122 0.475816 0.480588 0.485401 0.490075 0.494797 0.499620 0.504316 0.509069 0.513659 0.518209 0.522951 0.527693 0.532268 0.536967 0.541586 0.546174 0.550820 0.555426 0.559989 0.564588 0.569156 0.573766 0.578285 0.582789 0.587240 0.591842 0.596327 0.600686 0.605166 0.609636 0.614100 0.618417 0.622727 0.627086 0.631400 0.635675 0.640013 0.644322 0.648565 0.652842 0.657045 0.661313 0.665439 0.669622 0.673753 0.677828 0.681948 0.685997 0.690143 0.694171 0.698270 0.702274 0.706242 0.710252 0.714204 0.718213 0.722104 0.725987 0.729855 0.733759 0.737566 0.741288 0.745075 0.748980 0.752625 0.756506 0.760219 0.764029 0.767605 0.771132 0.774748 0.778581 0.782060 0.785841 0.789495 0.792908 0.796632 0.799983 0.803494 0.806818 0.810279 0.814169 0.816939 0.820686 0.823498 0.825420 0.831208 0.833356 0.836161 0.839720 0.843358 0.847772 0.851039 0.852344 0.860549 0.861224 0.863556 0.871078 0.872617 0.874811 0.887745 0.886275 0.884314 0.884314 0.874510 0.898039 0.894118 0.894118 0.909804 0.909804 0.909804 0.909804 0.909804 0.909804 0.909804 0.909804 0.909804 0.909804 0.909804 0.909804 0.909804 0.909804 0.909804 0.909804 0.909804 0.909804 0.909804 0.909804 0.909804 0.909804 0.909804 0.909804 0.909804 0.909804 0.909804 0.909804 0.909804 0.909804 0.909804))
(time 0)
(channel blue)
(curve
   (curve-type smooth)
   (n-points 17)
   (points 34 -1.0 -1.0 -1.0 -1.0 -1.0 -1.0 -1.0 -1.0 -1.0 -1.0 -1.0 -1.0 -1.0 -1.0 -1.0 -1.0 -1.0 -1.0 -1.0 -1.0 -1.0 -1.0 -1.0 -1.0 -1.0 -1.0 -1.0 -1.0 -1.0 -1.0 -1.0 -1.0 -1.0 -1.0)
(n-samples 256)
(samples 256  0.000006 0.000088 0.002463 0.005005 0.007818 0.010436 0.013097 0.015799 0.018392 0.021101 0.023768 0.026422 0.029109 0.031794 0.034525 0.037260 0.040032 0.042787 0.045569 0.048394 0.051278 0.054194 0.057089 0.060023 0.063059 0.066064 0.069131 0.072233 0.075410 0.078582 0.081841 0.085135 0.088505 0.091925 0.095378 0.098871 0.102506 0.106169 0.109870 0.113682 0.117490 0.121405 0.125347 0.129350 0.133377 0.137435 0.141525 0.145652 0.149828 0.154004 0.158271 0.162489 0.166757 0.171110 0.175476 0.179817 0.184226 0.188691 0.193187 0.197598 0.202198 0.206713 0.211301 0.215919 0.220520 0.225147 0.229770 0.234482 0.239086 0.243778 0.248521 0.253151 0.257858 0.262627 0.267307 0.272009 0.276688 0.281457 0.286261 0.290978 0.295753 0.300589 0.305387 0.310163 0.315018 0.319894 0.324625 0.329620 0.334476 0.339426 0.344259 0.349244 0.354242 0.359016 0.363987 0.368954 0.373843 0.378821 0.383673 0.388571 0.393439 0.398321 0.403167 0.408037 0.412928 0.417751 0.422651 0.427479 0.432283 0.437129 0.441940 0.446668 0.451584 0.456321 0.461078 0.465852 0.470591 0.475434 0.480184 0.484809 0.489529 0.494202 0.499049 0.503579 0.508281 0.512971 0.517652 0.522233 0.526872 0.531490 0.536085 0.540687 0.545366 0.549966 0.554555 0.559066 0.563641 0.568198 0.572725 0.577316 0.581750 0.586422 0.590792 0.595365 0.600030 0.604502 0.608931 0.613481 0.618026 0.622314 0.626848 0.631344 0.635683 0.640182 0.644595 0.648775 0.653198 0.657536 0.661696 0.665982 0.670086 0.674234 0.678386 0.682507 0.686646 0.690800 0.694894 0.699032 0.703094 0.707095 0.711093 0.715009 0.718958 0.722869 0.726771 0.730683 0.734525 0.738309 0.742086 0.745833 0.749685 0.753448 0.757182 0.760878 0.764610 0.768252 0.771928 0.775499 0.779193 0.782731 0.786382 0.789978 0.793521 0.797094 0.800604 0.804137 0.807443 0.811162 0.814534 0.817956 0.821960 0.824594 0.827334 0.830871 0.834856 0.837739 0.840239 0.842484 0.846121 0.851830 0.853233 0.856000 0.859722 0.863899 0.867552 0.871895 0.878118 0.883754 0.882789 0.878431 0.898039 0.895425 0.895425 0.895425 0.895425 0.895425 0.895425 0.895425 0.895425 0.895425 0.895425 0.895425 0.895425 0.895425 0.895425 0.895425 0.895425 0.895425 0.895425 0.895425 0.895425 0.895425 0.895425 0.895425 0.895425 0.895425 0.895425 0.895425 0.895425 0.895425 0.895425 0.895425 0.895425 0.895425 0.895425 0.895425))
