# GIMP curves tool settings

(time 0)
(channel value)
(curve
    (curve-type smooth)
    (n-points 17)
    (points 34 0.000000 0.000000 -1.000000 -1.000000 0.121569 0.121569 -1.000000 -1.000000 0.247059 0.247059 -1.000000 -1.000000 0.372549 0.372549 -1.000000 -1.000000 0.498039 0.498039 -1.000000 -1.000000 0.623529 0.623529 -1.000000 -1.000000 0.749020 0.749020 -1.000000 -1.000000 0.874510 0.874510 -1.000000 -1.000000 1.000000 1.000000)
    (n-samples 256)
    (samples 256 0.000000 0.003922 0.007843 0.011765 0.015686 0.019608 0.023529 0.027451 0.031373 0.035294 0.039216 0.043137 0.047059 0.050980 0.054902 0.058824 0.062745 0.066667 0.070588 0.074510 0.078431 0.082353 0.086275 0.090196 0.094118 0.098039 0.101961 0.105882 0.109804 0.113725 0.117647 0.121569 0.125491 0.129412 0.133334 0.137255 0.141177 0.145098 0.149020 0.152942 0.156863 0.160785 0.164706 0.168628 0.172549 0.176471 0.180393 0.184314 0.188236 0.192157 0.196079 0.200000 0.203922 0.207844 0.211765 0.215687 0.219608 0.223530 0.227451 0.231373 0.235294 0.239216 0.243138 0.247059 0.250981 0.254902 0.258824 0.262745 0.266667 0.270588 0.274510 0.278432 0.282353 0.286275 0.290196 0.294118 0.298039 0.301961 0.305883 0.309804 0.313726 0.317647 0.321569 0.325490 0.329412 0.333334 0.337255 0.341177 0.345098 0.349020 0.352941 0.356863 0.360784 0.364706 0.368628 0.372549 0.376471 0.380392 0.384314 0.388235 0.392157 0.396078 0.400000 0.403922 0.407843 0.411765 0.415686 0.419608 0.423529 0.427451 0.431373 0.435294 0.439216 0.443137 0.447059 0.450980 0.454902 0.458824 0.462745 0.466667 0.470588 0.474510 0.478431 0.482353 0.486274 0.490196 0.494118 0.498039 0.501961 0.505882 0.509804 0.513725 0.517647 0.521568 0.525490 0.529412 0.533333 0.537255 0.541176 0.545098 0.549019 0.552941 0.556863 0.560784 0.564706 0.568627 0.572549 0.576470 0.580392 0.584314 0.588235 0.592157 0.596078 0.600000 0.603921 0.607843 0.611764 0.615686 0.619608 0.623529 0.627451 0.631372 0.635294 0.639215 0.643137 0.647058 0.650980 0.654902 0.658823 0.662745 0.666666 0.670588 0.674509 0.678431 0.682353 0.686274 0.690196 0.694117 0.698039 0.701960 0.705882 0.709804 0.713725 0.717647 0.721568 0.725490 0.729411 0.733333 0.737254 0.741176 0.745098 0.749020 0.752942 0.756863 0.760785 0.764706 0.768628 0.772549 0.776471 0.780393 0.784314 0.788236 0.792157 0.796079 0.800000 0.803922 0.807844 0.811765 0.815687 0.819608 0.823530 0.827451 0.831373 0.835295 0.839216 0.843138 0.847059 0.850981 0.854902 0.858824 0.862745 0.866667 0.870589 0.874510 0.878432 0.882353 0.886275 0.890196 0.894118 0.898039 0.901961 0.905883 0.909804 0.913726 0.917647 0.921569 0.925490 0.929412 0.933334 0.937255 0.941177 0.945098 0.949020 0.952941 0.956863 0.960785 0.964706 0.968628 0.972549 0.976471 0.980392 0.984314 0.988235 0.992157 0.996079 1.000000))
(time 0)
(channel red)
(curve
    (curve-type smooth)
    (n-points 17)
    (points 34 0.000000 0.005057 -1.000000 -1.000000 0.121569 0.026524 -1.000000 -1.000000 0.247059 0.153869 -1.000000 -1.000000 0.372549 0.340824 -1.000000 -1.000000 0.498039 0.499282 -1.000000 -1.000000 0.623529 0.641775 -1.000000 -1.000000 0.749020 0.756377 -1.000000 -1.000000 0.874510 0.854380 -1.000000 -1.000000 1.000000 0.981180)
    (n-samples 256)
    (samples 256 0.005057 0.004916 0.004779 0.004653 0.004543 0.004454 0.004391 0.004359 0.004363 0.004409 0.004502 0.004648 0.004850 0.005115 0.005448 0.005854 0.006338 0.006905 0.007561 0.008311 0.009160 0.010113 0.011176 0.012353 0.013650 0.015072 0.016624 0.018312 0.020141 0.022116 0.024242 0.026524 0.028957 0.031531 0.034240 0.037081 0.040050 0.043143 0.046356 0.049685 0.053125 0.056673 0.060325 0.064077 0.067925 0.071864 0.075891 0.080001 0.084191 0.088457 0.092795 0.097200 0.101668 0.106197 0.110780 0.115415 0.120098 0.124824 0.129590 0.134391 0.139224 0.144083 0.148967 0.153869 0.158851 0.163969 0.169215 0.174581 0.180059 0.185641 0.191319 0.197084 0.202930 0.208847 0.214827 0.220864 0.226947 0.233070 0.239225 0.245402 0.251595 0.257795 0.263994 0.270184 0.276357 0.282504 0.288619 0.294692 0.300716 0.306682 0.312584 0.318411 0.324157 0.329813 0.335372 0.340824 0.346201 0.351540 0.356840 0.362104 0.367332 0.372527 0.377688 0.382816 0.387914 0.392983 0.398022 0.403035 0.408021 0.412981 0.417918 0.422832 0.427724 0.432596 0.437448 0.442282 0.447099 0.451900 0.456686 0.461458 0.466218 0.470966 0.475705 0.480434 0.485155 0.489869 0.494578 0.499282 0.503982 0.508677 0.513366 0.518048 0.522722 0.527386 0.532040 0.536682 0.541311 0.545927 0.550527 0.555112 0.559680 0.564229 0.568760 0.573270 0.577758 0.582224 0.586667 0.591085 0.595477 0.599842 0.604179 0.608487 0.612765 0.617012 0.621226 0.625407 0.629554 0.633665 0.637739 0.641775 0.645773 0.649734 0.653659 0.657548 0.661404 0.665226 0.669016 0.672775 0.676505 0.680205 0.683877 0.687523 0.691142 0.694737 0.698308 0.701856 0.705383 0.708889 0.712375 0.715842 0.719292 0.722726 0.726143 0.729547 0.732937 0.736314 0.739680 0.743036 0.746383 0.749721 0.753052 0.756377 0.759669 0.762905 0.766089 0.769225 0.772317 0.775369 0.778385 0.781370 0.784328 0.787262 0.790178 0.793078 0.795968 0.798852 0.801733 0.804616 0.807505 0.810404 0.813317 0.816249 0.819204 0.822185 0.825197 0.828244 0.831330 0.834459 0.837636 0.840865 0.844150 0.847494 0.850903 0.854380 0.857913 0.861488 0.865102 0.868754 0.872443 0.876167 0.879926 0.883718 0.887541 0.891395 0.895278 0.899188 0.903125 0.907087 0.911072 0.915080 0.919109 0.923158 0.927226 0.931310 0.935410 0.939525 0.943653 0.947793 0.951943 0.956103 0.960270 0.964444 0.968624 0.972807 0.976993 0.981180))
(time 0)
(channel green)
(curve
    (curve-type smooth)
    (n-points 17)
    (points 34 0.000000 0.004545 -1.000000 -1.000000 0.121569 0.077747 -1.000000 -1.000000 0.247059 0.220327 -1.000000 -1.000000 0.372549 0.385826 -1.000000 -1.000000 0.498039 0.549675 -1.000000 -1.000000 0.623529 0.696491 -1.000000 -1.000000 0.749020 0.824177 -1.000000 -1.000000 0.874510 0.924584 -1.000000 -1.000000 1.000000 0.992810)
    (n-samples 256)
    (samples 256 0.004545 0.006375 0.008208 0.010048 0.011898 0.013762 0.015641 0.017541 0.019464 0.021414 0.023393 0.025406 0.027455 0.029544 0.031676 0.033855 0.036083 0.038365 0.040703 0.043101 0.045562 0.048089 0.050687 0.053357 0.056103 0.058930 0.061839 0.064834 0.067920 0.071098 0.074372 0.077747 0.081225 0.084805 0.088484 0.092257 0.096121 0.100072 0.104105 0.108218 0.112405 0.116663 0.120988 0.125377 0.129824 0.134327 0.138881 0.143483 0.148127 0.152812 0.157531 0.162283 0.167062 0.171864 0.176687 0.181525 0.186375 0.191233 0.196095 0.200957 0.205815 0.210666 0.215504 0.220327 0.225164 0.230044 0.234967 0.239929 0.244929 0.249963 0.255031 0.260129 0.265256 0.270408 0.275585 0.280783 0.286001 0.291235 0.296485 0.301747 0.307020 0.312301 0.317587 0.322878 0.328169 0.333460 0.338748 0.344030 0.349305 0.354570 0.359823 0.365061 0.370283 0.375486 0.380668 0.385826 0.390979 0.396143 0.401318 0.406503 0.411695 0.416893 0.422097 0.427304 0.432513 0.437723 0.442932 0.448139 0.453342 0.458541 0.463734 0.468918 0.474094 0.479259 0.484412 0.489552 0.494677 0.499786 0.504877 0.509949 0.515001 0.520031 0.525038 0.530020 0.534977 0.539906 0.544806 0.549675 0.554522 0.559354 0.564171 0.568973 0.573759 0.578530 0.583286 0.588025 0.592748 0.597455 0.602146 0.606819 0.611476 0.616116 0.620738 0.625343 0.629931 0.634500 0.639052 0.643585 0.648100 0.652596 0.657073 0.661532 0.665971 0.670390 0.674791 0.679171 0.683532 0.687872 0.692192 0.696491 0.700775 0.705047 0.709307 0.713554 0.717787 0.722006 0.726209 0.730397 0.734568 0.738721 0.742857 0.746973 0.751070 0.755146 0.759201 0.763234 0.767245 0.771232 0.775195 0.779133 0.783045 0.786931 0.790790 0.794621 0.798424 0.802197 0.805940 0.809652 0.813332 0.816980 0.820595 0.824177 0.827730 0.831261 0.834768 0.838253 0.841714 0.845151 0.848564 0.851951 0.855313 0.858649 0.861959 0.865242 0.868498 0.871726 0.874925 0.878097 0.881239 0.884352 0.887435 0.890487 0.893509 0.896499 0.899458 0.902384 0.905278 0.908139 0.910966 0.913760 0.916519 0.919243 0.921931 0.924584 0.927196 0.929761 0.932283 0.934762 0.937200 0.939598 0.941958 0.944280 0.946568 0.948821 0.951043 0.953233 0.955394 0.957526 0.959633 0.961714 0.963772 0.965807 0.967822 0.969818 0.971796 0.973758 0.975705 0.977639 0.979561 0.981473 0.983376 0.985272 0.987162 0.989047 0.990929 0.992810))
(time 0)
(channel blue)
(curve
    (curve-type smooth)
    (n-points 17)
    (points 34 0.000000 0.005796 -1.000000 -1.000000 0.121569 0.124192 -1.000000 -1.000000 0.247059 0.264728 -1.000000 -1.000000 0.372549 0.426414 -1.000000 -1.000000 0.498039 0.586484 -1.000000 -1.000000 0.623529 0.741643 -1.000000 -1.000000 0.749020 0.867156 -1.000000 -1.000000 0.874510 0.975734 -1.000000 -1.000000 1.000000 0.997816)
    (n-samples 256)
    (samples 256 0.005796 0.009470 0.013145 0.016822 0.020501 0.024184 0.027872 0.031565 0.035264 0.038971 0.042685 0.046409 0.050143 0.053888 0.057644 0.061414 0.065197 0.068994 0.072807 0.076636 0.080483 0.084347 0.088231 0.092135 0.096059 0.100005 0.103974 0.107967 0.111984 0.116027 0.120096 0.124192 0.128309 0.132442 0.136589 0.140752 0.144930 0.149125 0.153335 0.157563 0.161807 0.166068 0.170347 0.174643 0.178957 0.183290 0.187641 0.192011 0.196401 0.200809 0.205237 0.209686 0.214154 0.218643 0.223153 0.227684 0.232237 0.236811 0.241407 0.246026 0.250667 0.255331 0.260018 0.264728 0.269471 0.274255 0.279078 0.283938 0.288832 0.293758 0.298715 0.303700 0.308712 0.313747 0.318805 0.323882 0.328978 0.334089 0.339214 0.344350 0.349496 0.354650 0.359809 0.364971 0.370134 0.375297 0.380456 0.385611 0.390758 0.395896 0.401023 0.406136 0.411234 0.416315 0.421375 0.426414 0.431442 0.436472 0.441502 0.446534 0.451565 0.456597 0.461629 0.466660 0.471691 0.476720 0.481748 0.486775 0.491799 0.496821 0.501840 0.506857 0.511870 0.516880 0.521887 0.526889 0.531886 0.536879 0.541867 0.546850 0.551827 0.556798 0.561763 0.566722 0.571673 0.576618 0.581555 0.586484 0.591419 0.596371 0.601337 0.606317 0.611306 0.616304 0.621307 0.626314 0.631322 0.636329 0.641333 0.646331 0.651322 0.656302 0.661270 0.666224 0.671160 0.676077 0.680973 0.685846 0.690692 0.695510 0.700298 0.705053 0.709773 0.714456 0.719099 0.723701 0.728258 0.732769 0.737232 0.741643 0.746008 0.750333 0.754619 0.758866 0.763078 0.767253 0.771394 0.775502 0.779578 0.783624 0.787639 0.791626 0.795585 0.799518 0.803426 0.807310 0.811172 0.815012 0.818831 0.822631 0.826413 0.830179 0.833928 0.837663 0.841384 0.845093 0.848791 0.852479 0.856158 0.859830 0.863495 0.867156 0.870838 0.874566 0.878332 0.882130 0.885954 0.889798 0.893655 0.897518 0.901383 0.905241 0.909087 0.912914 0.916716 0.920487 0.924220 0.927909 0.931548 0.935130 0.938648 0.942097 0.945469 0.948760 0.951962 0.955068 0.958073 0.960971 0.963754 0.966417 0.968952 0.971355 0.973617 0.975734 0.977713 0.979569 0.981306 0.982929 0.984441 0.985845 0.987147 0.988350 0.989458 0.990474 0.991404 0.992250 0.993018 0.993710 0.994331 0.994884 0.995374 0.995805 0.996180 0.996504 0.996780 0.997013 0.997206 0.997364 0.997489 0.997588 0.997662 0.997717 0.997755 0.997782 0.997801 0.997816))
(time 0)
(channel alpha)
(curve
    (curve-type free)
    (n-points 17)
    (points 34 -1.000000 -1.000000 -1.000000 -1.000000 -1.000000 -1.000000 -1.000000 -1.000000 -1.000000 -1.000000 -1.000000 -1.000000 -1.000000 -1.000000 -1.000000 -1.000000 -1.000000 -1.000000 -1.000000 -1.000000 -1.000000 -1.000000 -1.000000 -1.000000 -1.000000 -1.000000 -1.000000 -1.000000 -1.000000 -1.000000 -1.000000 -1.000000 -1.000000 -1.000000)
    (n-samples 256)
    (samples 256 0.000000 0.003922 0.007843 0.011765 0.015686 0.019608 0.023529 0.027451 0.031373 0.035294 0.039216 0.043137 0.047059 0.050980 0.054902 0.058824 0.062745 0.066667 0.070588 0.074510 0.078431 0.082353 0.086275 0.090196 0.094118 0.098039 0.101961 0.105882 0.109804 0.113725 0.117647 0.121569 0.125490 0.129412 0.133333 0.137255 0.141176 0.145098 0.149020 0.152941 0.156863 0.160784 0.164706 0.168627 0.172549 0.176471 0.180392 0.184314 0.188235 0.192157 0.196078 0.200000 0.203922 0.207843 0.211765 0.215686 0.219608 0.223529 0.227451 0.231373 0.235294 0.239216 0.243137 0.247059 0.250980 0.254902 0.258824 0.262745 0.266667 0.270588 0.274510 0.278431 0.282353 0.286275 0.290196 0.294118 0.298039 0.301961 0.305882 0.309804 0.313725 0.317647 0.321569 0.325490 0.329412 0.333333 0.337255 0.341176 0.345098 0.349020 0.352941 0.356863 0.360784 0.364706 0.368627 0.372549 0.376471 0.380392 0.384314 0.388235 0.392157 0.396078 0.400000 0.403922 0.407843 0.411765 0.415686 0.419608 0.423529 0.427451 0.431373 0.435294 0.439216 0.443137 0.447059 0.450980 0.454902 0.458824 0.462745 0.466667 0.470588 0.474510 0.478431 0.482353 0.486275 0.490196 0.494118 0.498039 0.501961 0.505882 0.509804 0.513725 0.517647 0.521569 0.525490 0.529412 0.533333 0.537255 0.541176 0.545098 0.549020 0.552941 0.556863 0.560784 0.564706 0.568627 0.572549 0.576471 0.580392 0.584314 0.588235 0.592157 0.596078 0.600000 0.603922 0.607843 0.611765 0.615686 0.619608 0.623529 0.627451 0.631373 0.635294 0.639216 0.643137 0.647059 0.650980 0.654902 0.658824 0.662745 0.666667 0.670588 0.674510 0.678431 0.682353 0.686275 0.690196 0.694118 0.698039 0.701961 0.705882 0.709804 0.713725 0.717647 0.721569 0.725490 0.729412 0.733333 0.737255 0.741176 0.745098 0.749020 0.752941 0.756863 0.760784 0.764706 0.768627 0.772549 0.776471 0.780392 0.784314 0.788235 0.792157 0.796078 0.800000 0.803922 0.807843 0.811765 0.815686 0.819608 0.823529 0.827451 0.831373 0.835294 0.839216 0.843137 0.847059 0.850980 0.854902 0.858824 0.862745 0.866667 0.870588 0.874510 0.878431 0.882353 0.886275 0.890196 0.894118 0.898039 0.901961 0.905882 0.909804 0.913725 0.917647 0.921569 0.925490 0.929412 0.933333 0.937255 0.941176 0.945098 0.949020 0.952941 0.956863 0.960784 0.964706 0.968627 0.972549 0.976471 0.980392 0.984314 0.988235 0.992157 0.996078 1.000000))

# end of curves tool settings
