# GIMP curves tool settings

(time 0)
(channel value)
(curve
    (curve-type smooth)
    (n-points 17)
    (points 34 0.000000 0.000000 -1.000000 -1.000000 0.121569 0.121569 -1.000000 -1.000000 0.247059 0.247059 -1.000000 -1.000000 0.372549 0.372549 -1.000000 -1.000000 0.498039 0.498039 -1.000000 -1.000000 0.623529 0.623529 -1.000000 -1.000000 0.749020 0.749020 -1.000000 -1.000000 0.874510 0.874510 -1.000000 -1.000000 1.000000 1.000000)
    (n-samples 256)
    (samples 256 0.000000 0.003922 0.007843 0.011765 0.015686 0.019608 0.023529 0.027451 0.031373 0.035294 0.039216 0.043137 0.047059 0.050980 0.054902 0.058824 0.062745 0.066667 0.070588 0.074510 0.078431 0.082353 0.086275 0.090196 0.094118 0.098039 0.101961 0.105882 0.109804 0.113725 0.117647 0.121569 0.125491 0.129412 0.133334 0.137255 0.141177 0.145098 0.149020 0.152942 0.156863 0.160785 0.164706 0.168628 0.172549 0.176471 0.180393 0.184314 0.188236 0.192157 0.196079 0.200000 0.203922 0.207844 0.211765 0.215687 0.219608 0.223530 0.227451 0.231373 0.235294 0.239216 0.243138 0.247059 0.250981 0.254902 0.258824 0.262745 0.266667 0.270588 0.274510 0.278432 0.282353 0.286275 0.290196 0.294118 0.298039 0.301961 0.305883 0.309804 0.313726 0.317647 0.321569 0.325490 0.329412 0.333334 0.337255 0.341177 0.345098 0.349020 0.352941 0.356863 0.360784 0.364706 0.368628 0.372549 0.376471 0.380392 0.384314 0.388235 0.392157 0.396078 0.400000 0.403922 0.407843 0.411765 0.415686 0.419608 0.423529 0.427451 0.431373 0.435294 0.439216 0.443137 0.447059 0.450980 0.454902 0.458824 0.462745 0.466667 0.470588 0.474510 0.478431 0.482353 0.486274 0.490196 0.494118 0.498039 0.501961 0.505882 0.509804 0.513725 0.517647 0.521568 0.525490 0.529412 0.533333 0.537255 0.541176 0.545098 0.549019 0.552941 0.556863 0.560784 0.564706 0.568627 0.572549 0.576470 0.580392 0.584314 0.588235 0.592157 0.596078 0.600000 0.603921 0.607843 0.611764 0.615686 0.619608 0.623529 0.627451 0.631372 0.635294 0.639215 0.643137 0.647058 0.650980 0.654902 0.658823 0.662745 0.666666 0.670588 0.674509 0.678431 0.682353 0.686274 0.690196 0.694117 0.698039 0.701960 0.705882 0.709804 0.713725 0.717647 0.721568 0.725490 0.729411 0.733333 0.737254 0.741176 0.745098 0.749020 0.752942 0.756863 0.760785 0.764706 0.768628 0.772549 0.776471 0.780393 0.784314 0.788236 0.792157 0.796079 0.800000 0.803922 0.807844 0.811765 0.815687 0.819608 0.823530 0.827451 0.831373 0.835295 0.839216 0.843138 0.847059 0.850981 0.854902 0.858824 0.862745 0.866667 0.870589 0.874510 0.878432 0.882353 0.886275 0.890196 0.894118 0.898039 0.901961 0.905883 0.909804 0.913726 0.917647 0.921569 0.925490 0.929412 0.933334 0.937255 0.941177 0.945098 0.949020 0.952941 0.956863 0.960785 0.964706 0.968628 0.972549 0.976471 0.980392 0.984314 0.988235 0.992157 0.996079 1.000000))
(time 0)
(channel red)
(curve
    (curve-type smooth)
    (n-points 17)
    (points 34 0.000000 0.010668 -1.000000 -1.000000 0.121569 0.172657 -1.000000 -1.000000 0.247059 0.321064 -1.000000 -1.000000 0.372549 0.441064 -1.000000 -1.000000 0.498039 0.551435 -1.000000 -1.000000 0.623529 0.652499 -1.000000 -1.000000 0.749020 0.756773 -1.000000 -1.000000 0.874510 0.871159 -1.000000 -1.000000 1.000000 0.994043)
    (n-samples 256)
    (samples 256 0.010668 0.016043 0.021416 0.026788 0.032157 0.037522 0.042883 0.048238 0.053586 0.058927 0.064260 0.069583 0.074896 0.080198 0.085488 0.090764 0.096027 0.101275 0.106507 0.111722 0.116919 0.122098 0.127257 0.132396 0.137514 0.142609 0.147680 0.152728 0.157750 0.162746 0.167715 0.172657 0.177580 0.182493 0.187396 0.192288 0.197168 0.202035 0.206888 0.211726 0.216549 0.221355 0.226143 0.230914 0.235665 0.240395 0.245105 0.249793 0.254458 0.259099 0.263715 0.268305 0.272870 0.277406 0.281915 0.286394 0.290842 0.295260 0.299646 0.303999 0.308318 0.312603 0.316852 0.321064 0.325235 0.329362 0.333446 0.337489 0.341493 0.345460 0.349390 0.353287 0.357151 0.360985 0.364790 0.368568 0.372320 0.376049 0.379755 0.383441 0.387109 0.390760 0.394395 0.398018 0.401628 0.405229 0.408821 0.412407 0.415988 0.419566 0.423142 0.426719 0.430298 0.433881 0.437469 0.441064 0.444659 0.448244 0.451819 0.455385 0.458941 0.462487 0.466024 0.469552 0.473070 0.476579 0.480078 0.483567 0.487048 0.490519 0.493981 0.497433 0.500876 0.504310 0.507735 0.511151 0.514557 0.517955 0.521343 0.524722 0.528093 0.531454 0.534806 0.538150 0.541485 0.544810 0.548127 0.551435 0.554728 0.558001 0.561255 0.564491 0.567711 0.570915 0.574104 0.577280 0.580444 0.583597 0.586740 0.589875 0.593002 0.596122 0.599237 0.602348 0.605456 0.608562 0.611668 0.614774 0.617882 0.620992 0.624106 0.627226 0.630351 0.633484 0.636625 0.639776 0.642938 0.646112 0.649298 0.652499 0.655706 0.658909 0.662111 0.665310 0.668509 0.671707 0.674906 0.678105 0.681305 0.684508 0.687713 0.690922 0.694135 0.697352 0.700575 0.703803 0.707038 0.710280 0.713530 0.716788 0.720055 0.723332 0.726620 0.729918 0.733227 0.736549 0.739884 0.743232 0.746595 0.749972 0.753364 0.756773 0.760195 0.763629 0.767074 0.770529 0.773996 0.777473 0.780961 0.784459 0.787968 0.791487 0.795015 0.798554 0.802102 0.805660 0.809227 0.812803 0.816388 0.819983 0.823586 0.827198 0.830818 0.834446 0.838083 0.841728 0.845381 0.849041 0.852710 0.856385 0.860068 0.863758 0.867455 0.871159 0.874873 0.878598 0.882335 0.886084 0.889843 0.893613 0.897393 0.901183 0.904982 0.908790 0.912607 0.916431 0.920264 0.924104 0.927951 0.931804 0.935664 0.939530 0.943401 0.947277 0.951158 0.955043 0.958932 0.962824 0.966720 0.970618 0.974519 0.978421 0.982325 0.986231 0.990137 0.994043))
(time 0)
(channel green)
(curve
    (curve-type smooth)
    (n-points 17)
    (points 34 0.000000 0.008779 -1.000000 -1.000000 0.121569 0.159650 -1.000000 -1.000000 0.247059 0.302442 -1.000000 -1.000000 0.372549 0.429125 -1.000000 -1.000000 0.498039 0.542053 -1.000000 -1.000000 0.623529 0.648658 -1.000000 -1.000000 0.749020 0.753127 -1.000000 -1.000000 0.874510 0.868246 -1.000000 -1.000000 1.000000 0.994894)
    (n-samples 256)
    (samples 256 0.008779 0.013748 0.018717 0.023685 0.028650 0.033613 0.038573 0.043529 0.048481 0.053427 0.058367 0.063302 0.068229 0.073148 0.078059 0.082961 0.087854 0.092736 0.097607 0.102467 0.107314 0.112149 0.116970 0.121777 0.126570 0.131347 0.136108 0.140852 0.145579 0.150288 0.154978 0.159650 0.164307 0.168954 0.173591 0.178219 0.182836 0.187442 0.192037 0.196621 0.201194 0.205754 0.210302 0.214838 0.219361 0.223871 0.228367 0.232849 0.237317 0.241771 0.246211 0.250635 0.255044 0.259437 0.263814 0.268175 0.272520 0.276848 0.281158 0.285451 0.289726 0.293983 0.298222 0.302442 0.306644 0.310827 0.314993 0.319142 0.323274 0.327389 0.331486 0.335568 0.339633 0.343682 0.347715 0.351733 0.355735 0.359721 0.363693 0.367650 0.371592 0.375521 0.379434 0.383334 0.387221 0.391093 0.394953 0.398799 0.402633 0.406453 0.410262 0.414058 0.417842 0.421615 0.425376 0.429125 0.432859 0.436572 0.440267 0.443942 0.447600 0.451241 0.454864 0.458472 0.462065 0.465643 0.469207 0.472758 0.476297 0.479823 0.483339 0.486844 0.490339 0.493825 0.497303 0.500773 0.504235 0.507692 0.511142 0.514588 0.518029 0.521467 0.524901 0.528334 0.531764 0.535194 0.538623 0.542053 0.545478 0.548893 0.552299 0.555696 0.559084 0.562463 0.565835 0.569199 0.572556 0.575906 0.579249 0.582587 0.585919 0.589245 0.592567 0.595884 0.599197 0.602507 0.605813 0.609116 0.612416 0.615714 0.619010 0.622305 0.625599 0.628892 0.632185 0.635478 0.638771 0.642066 0.645361 0.648658 0.651949 0.655226 0.658492 0.661746 0.664990 0.668226 0.671454 0.674676 0.677892 0.681105 0.684314 0.687522 0.690729 0.693937 0.697147 0.700360 0.703577 0.706799 0.710028 0.713265 0.716510 0.719765 0.723032 0.726310 0.729603 0.732910 0.736233 0.739573 0.742931 0.746308 0.749706 0.753127 0.756563 0.760008 0.763463 0.766928 0.770403 0.773888 0.777383 0.780888 0.784403 0.787928 0.791464 0.795010 0.798567 0.802134 0.805712 0.809300 0.812900 0.816510 0.820132 0.823764 0.827408 0.831062 0.834729 0.838406 0.842095 0.845796 0.849508 0.853232 0.856968 0.860715 0.864475 0.868246 0.872032 0.875834 0.879652 0.883486 0.887334 0.891197 0.895073 0.898962 0.902864 0.906779 0.910704 0.914641 0.918589 0.922546 0.926513 0.930489 0.934474 0.938466 0.942466 0.946472 0.950485 0.954504 0.958528 0.962557 0.966590 0.970626 0.974666 0.978709 0.982753 0.986799 0.990846 0.994894))
(time 0)
(channel blue)
(curve
    (curve-type smooth)
    (n-points 17)
    (points 34 0.000000 0.012947 -1.000000 -1.000000 0.121569 0.173493 -1.000000 -1.000000 0.247059 0.309719 -1.000000 -1.000000 0.372549 0.437618 -1.000000 -1.000000 0.498039 0.549971 -1.000000 -1.000000 0.623529 0.655402 -1.000000 -1.000000 0.749020 0.750459 -1.000000 -1.000000 0.874510 0.866119 -1.000000 -1.000000 1.000000 0.995749)
    (n-samples 256)
    (samples 256 0.012947 0.018360 0.023771 0.029179 0.034583 0.039982 0.045372 0.050754 0.056126 0.061486 0.066833 0.072166 0.077482 0.082781 0.088061 0.093320 0.098557 0.103771 0.108960 0.114123 0.119258 0.124364 0.129439 0.134482 0.139491 0.144466 0.149403 0.154303 0.159163 0.163983 0.168759 0.173493 0.178180 0.182820 0.187415 0.191967 0.196479 0.200951 0.205386 0.209786 0.214152 0.218487 0.222792 0.227070 0.231322 0.235550 0.239755 0.243941 0.248108 0.252259 0.256396 0.260520 0.264633 0.268738 0.272836 0.276929 0.281018 0.285107 0.289196 0.293288 0.297384 0.301487 0.305598 0.309719 0.313845 0.317970 0.322092 0.326211 0.330327 0.334437 0.338543 0.342644 0.346738 0.350824 0.354903 0.358974 0.363036 0.367088 0.371130 0.375161 0.379180 0.383187 0.387180 0.391161 0.395126 0.399077 0.403013 0.406932 0.410834 0.414718 0.418584 0.422432 0.426259 0.430067 0.433853 0.437618 0.441360 0.445080 0.448777 0.452453 0.456109 0.459745 0.463362 0.466962 0.470543 0.474109 0.477659 0.481193 0.484714 0.488221 0.491716 0.495199 0.498671 0.502133 0.505585 0.509029 0.512465 0.515894 0.519317 0.522734 0.526147 0.529555 0.532961 0.536365 0.539766 0.543168 0.546569 0.549971 0.553372 0.556770 0.560163 0.563552 0.566936 0.570316 0.573690 0.577059 0.580421 0.583778 0.587128 0.590471 0.593806 0.597135 0.600455 0.603768 0.607072 0.610367 0.613653 0.616930 0.620197 0.623453 0.626700 0.629936 0.633161 0.636375 0.639577 0.642767 0.645945 0.649110 0.652263 0.655402 0.658515 0.661590 0.664631 0.667640 0.670619 0.673573 0.676503 0.679413 0.682305 0.685182 0.688047 0.690903 0.693752 0.696598 0.699443 0.702291 0.705143 0.708004 0.710875 0.713759 0.716660 0.719580 0.722522 0.725489 0.728483 0.731508 0.734567 0.737661 0.740795 0.743970 0.747191 0.750459 0.753765 0.757096 0.760453 0.763835 0.767241 0.770671 0.774123 0.777598 0.781094 0.784612 0.788150 0.791709 0.795286 0.798882 0.802496 0.806128 0.809777 0.813442 0.817122 0.820818 0.824528 0.828252 0.831989 0.835739 0.839501 0.843274 0.847058 0.850852 0.854656 0.858469 0.862290 0.866119 0.869962 0.873824 0.877706 0.881607 0.885525 0.889460 0.893412 0.897381 0.901364 0.905362 0.909374 0.913400 0.917439 0.921489 0.925551 0.929624 0.933708 0.937800 0.941902 0.946012 0.950130 0.954255 0.958386 0.962523 0.966665 0.970812 0.974962 0.979116 0.983272 0.987430 0.991589 0.995749))
(time 0)
(channel alpha)
(curve
    (curve-type free)
    (n-points 17)
    (points 34 -1.000000 -1.000000 -1.000000 -1.000000 -1.000000 -1.000000 -1.000000 -1.000000 -1.000000 -1.000000 -1.000000 -1.000000 -1.000000 -1.000000 -1.000000 -1.000000 -1.000000 -1.000000 -1.000000 -1.000000 -1.000000 -1.000000 -1.000000 -1.000000 -1.000000 -1.000000 -1.000000 -1.000000 -1.000000 -1.000000 -1.000000 -1.000000 -1.000000 -1.000000)
    (n-samples 256)
    (samples 256 0.000000 0.003922 0.007843 0.011765 0.015686 0.019608 0.023529 0.027451 0.031373 0.035294 0.039216 0.043137 0.047059 0.050980 0.054902 0.058824 0.062745 0.066667 0.070588 0.074510 0.078431 0.082353 0.086275 0.090196 0.094118 0.098039 0.101961 0.105882 0.109804 0.113725 0.117647 0.121569 0.125490 0.129412 0.133333 0.137255 0.141176 0.145098 0.149020 0.152941 0.156863 0.160784 0.164706 0.168627 0.172549 0.176471 0.180392 0.184314 0.188235 0.192157 0.196078 0.200000 0.203922 0.207843 0.211765 0.215686 0.219608 0.223529 0.227451 0.231373 0.235294 0.239216 0.243137 0.247059 0.250980 0.254902 0.258824 0.262745 0.266667 0.270588 0.274510 0.278431 0.282353 0.286275 0.290196 0.294118 0.298039 0.301961 0.305882 0.309804 0.313725 0.317647 0.321569 0.325490 0.329412 0.333333 0.337255 0.341176 0.345098 0.349020 0.352941 0.356863 0.360784 0.364706 0.368627 0.372549 0.376471 0.380392 0.384314 0.388235 0.392157 0.396078 0.400000 0.403922 0.407843 0.411765 0.415686 0.419608 0.423529 0.427451 0.431373 0.435294 0.439216 0.443137 0.447059 0.450980 0.454902 0.458824 0.462745 0.466667 0.470588 0.474510 0.478431 0.482353 0.486275 0.490196 0.494118 0.498039 0.501961 0.505882 0.509804 0.513725 0.517647 0.521569 0.525490 0.529412 0.533333 0.537255 0.541176 0.545098 0.549020 0.552941 0.556863 0.560784 0.564706 0.568627 0.572549 0.576471 0.580392 0.584314 0.588235 0.592157 0.596078 0.600000 0.603922 0.607843 0.611765 0.615686 0.619608 0.623529 0.627451 0.631373 0.635294 0.639216 0.643137 0.647059 0.650980 0.654902 0.658824 0.662745 0.666667 0.670588 0.674510 0.678431 0.682353 0.686275 0.690196 0.694118 0.698039 0.701961 0.705882 0.709804 0.713725 0.717647 0.721569 0.725490 0.729412 0.733333 0.737255 0.741176 0.745098 0.749020 0.752941 0.756863 0.760784 0.764706 0.768627 0.772549 0.776471 0.780392 0.784314 0.788235 0.792157 0.796078 0.800000 0.803922 0.807843 0.811765 0.815686 0.819608 0.823529 0.827451 0.831373 0.835294 0.839216 0.843137 0.847059 0.850980 0.854902 0.858824 0.862745 0.866667 0.870588 0.874510 0.878431 0.882353 0.886275 0.890196 0.894118 0.898039 0.901961 0.905882 0.909804 0.913725 0.917647 0.921569 0.925490 0.929412 0.933333 0.937255 0.941176 0.945098 0.949020 0.952941 0.956863 0.960784 0.964706 0.968627 0.972549 0.976471 0.980392 0.984314 0.988235 0.992157 0.996078 1.000000))

# end of curves tool settings
