# GIMP curves tool settings
(time 0)
(channel value)
(curve
   (curve-type smooth)
   (n-points 17)
   (points 34 -1.0 -1.0 -1.0 -1.0 -1.0 -1.0 -1.0 -1.0 -1.0 -1.0 -1.0 -1.0 -1.0 -1.0 -1.0 -1.0 -1.0 -1.0 -1.0 -1.0 -1.0 -1.0 -1.0 -1.0 -1.0 -1.0 -1.0 -1.0 -1.0 -1.0 -1.0 -1.0 -1.0 -1.0)
(n-samples 256)
(samples 256  0.000000 0.003922 0.007843 0.011765 0.015686 0.019608 0.023529 0.027451 0.031373 0.035294 0.039216 0.043137 0.047059 0.050980 0.054902 0.058824 0.062745 0.066667 0.070588 0.074510 0.078431 0.082353 0.086275 0.090196 0.094118 0.098039 0.101961 0.105882 0.109804 0.113725 0.117647 0.121569 0.125490 0.129412 0.133333 0.137255 0.141176 0.145098 0.149020 0.152941 0.156863 0.160784 0.164706 0.168627 0.172549 0.176471 0.180392 0.184314 0.188235 0.192157 0.196078 0.200000 0.203922 0.207843 0.211765 0.215686 0.219608 0.223529 0.227451 0.231373 0.235294 0.239216 0.243137 0.247059 0.250980 0.254902 0.258824 0.262745 0.266667 0.270588 0.274510 0.278431 0.282353 0.286275 0.290196 0.294118 0.298039 0.301961 0.305882 0.309804 0.313725 0.317647 0.321569 0.325490 0.329412 0.333333 0.337255 0.341176 0.345098 0.349020 0.352941 0.356863 0.360784 0.364706 0.368627 0.372549 0.376471 0.380392 0.384314 0.388235 0.392157 0.396078 0.400000 0.403922 0.407843 0.411765 0.415686 0.419608 0.423529 0.427451 0.431373 0.435294 0.439216 0.443137 0.447059 0.450980 0.454902 0.458824 0.462745 0.466667 0.470588 0.474510 0.478431 0.482353 0.486275 0.490196 0.494118 0.498039 0.501961 0.505882 0.509804 0.513725 0.517647 0.521569 0.525490 0.529412 0.533333 0.537255 0.541176 0.545098 0.549020 0.552941 0.556863 0.560784 0.564706 0.568627 0.572549 0.576471 0.580392 0.584314 0.588235 0.592157 0.596078 0.600000 0.603922 0.607843 0.611765 0.615686 0.619608 0.623529 0.627451 0.631373 0.635294 0.639216 0.643137 0.647059 0.650980 0.654902 0.658824 0.662745 0.666667 0.670588 0.674510 0.678431 0.682353 0.686275 0.690196 0.694118 0.698039 0.701961 0.705882 0.709804 0.713725 0.717647 0.721569 0.725490 0.729412 0.733333 0.737255 0.741176 0.745098 0.749020 0.752941 0.756863 0.760784 0.764706 0.768627 0.772549 0.776471 0.780392 0.784314 0.788235 0.792157 0.796078 0.800000 0.803922 0.807843 0.811765 0.815686 0.819608 0.823529 0.827451 0.831373 0.835294 0.839216 0.843137 0.847059 0.850980 0.854902 0.858824 0.862745 0.866667 0.870588 0.874510 0.878431 0.882353 0.886275 0.890196 0.894118 0.898039 0.901961 0.905882 0.909804 0.913725 0.917647 0.921569 0.925490 0.929412 0.933333 0.937255 0.941176 0.945098 0.949020 0.952941 0.956863 0.960784 0.964706 0.968627 0.972549 0.976471 0.980392 0.984314 0.988235 0.992157 0.996078 1.000000))
(time 0)
(channel red)
(curve
   (curve-type smooth)
   (n-points 17)
   (points 34 -1.0 -1.0 -1.0 -1.0 -1.0 -1.0 -1.0 -1.0 -1.0 -1.0 -1.0 -1.0 -1.0 -1.0 -1.0 -1.0 -1.0 -1.0 -1.0 -1.0 -1.0 -1.0 -1.0 -1.0 -1.0 -1.0 -1.0 -1.0 -1.0 -1.0 -1.0 -1.0 -1.0 -1.0)
(n-samples 256)
(samples 256  0.003841 0.004435 0.007648 0.010161 0.013282 0.015703 0.018693 0.021306 0.024745 0.027331 0.030256 0.033240 0.036281 0.039245 0.042488 0.045259 0.048523 0.051495 0.054732 0.057735 0.060745 0.064010 0.067292 0.070300 0.073463 0.076701 0.079999 0.083100 0.086450 0.089728 0.093118 0.096452 0.099684 0.103118 0.106576 0.110033 0.113569 0.117026 0.120598 0.124150 0.127863 0.131359 0.135035 0.138710 0.142585 0.146211 0.150049 0.153900 0.157810 0.161603 0.165580 0.169599 0.173517 0.177495 0.181516 0.185564 0.189640 0.193698 0.197811 0.201975 0.206111 0.210335 0.214483 0.218732 0.222950 0.227223 0.231660 0.236045 0.240311 0.244637 0.249162 0.253416 0.258017 0.262578 0.267067 0.271593 0.276233 0.280778 0.285375 0.290034 0.294803 0.299421 0.304149 0.309019 0.313661 0.318336 0.323354 0.328258 0.332953 0.337792 0.342607 0.347603 0.352511 0.357154 0.361933 0.367046 0.371966 0.376644 0.381466 0.386384 0.391119 0.395986 0.400745 0.405534 0.410350 0.414940 0.419665 0.424444 0.429110 0.433682 0.438334 0.443013 0.447423 0.452293 0.456884 0.461422 0.465904 0.470478 0.474977 0.479488 0.484152 0.488694 0.493243 0.498226 0.502653 0.507370 0.512191 0.516910 0.521522 0.526553 0.531489 0.536504 0.541447 0.546857 0.551946 0.557313 0.563017 0.568325 0.573729 0.579505 0.585136 0.590782 0.596002 0.601472 0.606860 0.611877 0.616690 0.621504 0.626322 0.630839 0.635505 0.639927 0.644519 0.648740 0.653220 0.657554 0.661884 0.666209 0.670459 0.674667 0.678910 0.682943 0.687362 0.691418 0.695742 0.699647 0.703957 0.708197 0.712033 0.716286 0.720530 0.724294 0.728320 0.732109 0.735617 0.739303 0.742630 0.745352 0.749103 0.752007 0.754049 0.757860 0.760657 0.762461 0.766099 0.768813 0.772228 0.775860 0.779626 0.783742 0.788008 0.792431 0.796959 0.800615 0.804346 0.808192 0.811384 0.814738 0.817965 0.821113 0.824455 0.827971 0.830809 0.834574 0.837695 0.841099 0.844626 0.847286 0.851096 0.854311 0.857662 0.860009 0.863196 0.865734 0.868820 0.873133 0.876744 0.882012 0.884223 0.887059 0.892188 0.893184 0.896229 0.897683 0.902521 0.905447 0.905882 0.903529 0.915686 0.926275 0.917647 0.925490 0.921569 0.933333 0.929412 0.934641 0.950980 0.925490 0.952941 0.937255 0.937255 0.956863 0.956863 0.956863 0.956863 0.956863 0.956863 0.956863 0.956863 0.956863 0.956863 0.956863 0.956863 0.956863 0.956863 0.956863))
(time 0)
(channel green)
(curve
   (curve-type smooth)
   (n-points 17)
   (points 34 -1.0 -1.0 -1.0 -1.0 -1.0 -1.0 -1.0 -1.0 -1.0 -1.0 -1.0 -1.0 -1.0 -1.0 -1.0 -1.0 -1.0 -1.0 -1.0 -1.0 -1.0 -1.0 -1.0 -1.0 -1.0 -1.0 -1.0 -1.0 -1.0 -1.0 -1.0 -1.0 -1.0 -1.0)
(n-samples 256)
(samples 256  0.006571 0.006440 0.007048 0.010128 0.012488 0.015143 0.018101 0.020844 0.023624 0.026920 0.029544 0.032764 0.035651 0.038909 0.041730 0.044924 0.048029 0.051027 0.054202 0.057276 0.060429 0.063524 0.066745 0.069874 0.073058 0.076277 0.079602 0.082791 0.086147 0.089470 0.092852 0.096288 0.099701 0.103088 0.106751 0.110203 0.113844 0.117497 0.121312 0.124930 0.128882 0.132624 0.136616 0.140495 0.144458 0.148507 0.152337 0.156474 0.160378 0.164336 0.168529 0.172381 0.176428 0.180581 0.184516 0.188646 0.192900 0.197018 0.201110 0.205410 0.209694 0.213691 0.218079 0.222396 0.226628 0.230771 0.235294 0.239461 0.243690 0.247927 0.252436 0.256740 0.261201 0.265587 0.270250 0.274734 0.279333 0.283812 0.288498 0.293091 0.297997 0.302721 0.307491 0.312132 0.316962 0.321976 0.326853 0.331659 0.336492 0.341308 0.346184 0.351076 0.355999 0.360917 0.365567 0.370425 0.375037 0.379871 0.384499 0.389248 0.393874 0.398711 0.403391 0.408083 0.412511 0.417103 0.421761 0.426344 0.430660 0.435222 0.439852 0.444151 0.448662 0.453103 0.457596 0.462144 0.466599 0.471105 0.475662 0.480105 0.484840 0.489497 0.493756 0.498457 0.503066 0.507676 0.512408 0.516959 0.521703 0.526203 0.530892 0.535312 0.540109 0.544579 0.549514 0.553746 0.558153 0.562781 0.567253 0.571305 0.576008 0.580485 0.584909 0.589609 0.594354 0.598831 0.603714 0.608881 0.614374 0.620092 0.625633 0.631424 0.636393 0.641720 0.646511 0.651476 0.656379 0.661353 0.665928 0.671003 0.675483 0.680071 0.684799 0.689301 0.693693 0.698013 0.702446 0.706814 0.711086 0.715378 0.719710 0.724055 0.728202 0.732359 0.736524 0.740621 0.744552 0.748474 0.752269 0.756243 0.760125 0.764017 0.767803 0.771507 0.775387 0.778999 0.782428 0.786230 0.789817 0.793567 0.797308 0.800648 0.804307 0.807931 0.811606 0.814957 0.819008 0.822325 0.825766 0.829521 0.831552 0.835389 0.838971 0.843368 0.846698 0.850402 0.854708 0.858030 0.858518 0.863799 0.866752 0.869804 0.871549 0.875321 0.877059 0.883435 0.881750 0.885784 0.893333 0.903922 0.903922 0.909804 0.905882 0.913725 0.913725 0.917647 0.917647 0.917647 0.917647 0.917647 0.917647 0.917647 0.917647 0.917647 0.917647 0.917647 0.917647 0.917647 0.917647 0.917647 0.917647 0.917647 0.917647 0.917647 0.917647 0.917647 0.917647 0.917647 0.917647 0.917647 0.917647 0.917647 0.917647 0.917647 0.917647 0.917647))
(time 0)
(channel blue)
(curve
   (curve-type smooth)
   (n-points 17)
   (points 34 -1.0 -1.0 -1.0 -1.0 -1.0 -1.0 -1.0 -1.0 -1.0 -1.0 -1.0 -1.0 -1.0 -1.0 -1.0 -1.0 -1.0 -1.0 -1.0 -1.0 -1.0 -1.0 -1.0 -1.0 -1.0 -1.0 -1.0 -1.0 -1.0 -1.0 -1.0 -1.0 -1.0 -1.0)
(n-samples 256)
(samples 256  0.005696 0.006875 0.009235 0.012217 0.015237 0.018167 0.021376 0.024615 0.028114 0.031459 0.034896 0.038370 0.041908 0.045413 0.048918 0.052431 0.055930 0.059533 0.063015 0.066590 0.070018 0.073555 0.077017 0.080560 0.083968 0.087409 0.090838 0.094349 0.097687 0.101147 0.104417 0.107882 0.111243 0.114636 0.117945 0.121413 0.124832 0.128246 0.131728 0.135058 0.138686 0.142174 0.145732 0.149206 0.152938 0.156603 0.160318 0.164249 0.168062 0.172123 0.176090 0.180123 0.184190 0.188335 0.192554 0.196766 0.201009 0.205323 0.209688 0.214093 0.218563 0.222966 0.227675 0.232157 0.236847 0.241439 0.246246 0.250959 0.255575 0.260235 0.264898 0.269729 0.274377 0.279166 0.283775 0.288557 0.293410 0.297940 0.302666 0.307325 0.312112 0.316428 0.321014 0.325618 0.330099 0.334424 0.338865 0.342963 0.347322 0.351584 0.355863 0.359981 0.363994 0.368410 0.372390 0.376452 0.380793 0.385145 0.389409 0.393624 0.398128 0.402488 0.406971 0.411462 0.415807 0.420409 0.424961 0.429617 0.434097 0.438704 0.443381 0.448137 0.452694 0.457428 0.462059 0.466659 0.471505 0.476137 0.480834 0.485740 0.490379 0.495312 0.499775 0.504839 0.509406 0.514330 0.519097 0.523868 0.528829 0.533493 0.538896 0.543376 0.547891 0.552855 0.557219 0.562061 0.566665 0.571330 0.575604 0.580038 0.584281 0.588521 0.593199 0.596953 0.601313 0.605559 0.609692 0.613454 0.617700 0.622041 0.626039 0.630097 0.634458 0.638619 0.642954 0.647124 0.651741 0.656130 0.660765 0.665382 0.669801 0.674504 0.678918 0.683132 0.687273 0.691305 0.695458 0.699443 0.703506 0.707877 0.711978 0.716274 0.720509 0.724759 0.728890 0.733092 0.737166 0.741461 0.745724 0.749748 0.753803 0.757664 0.761701 0.765579 0.769453 0.773258 0.776921 0.780613 0.784396 0.788471 0.792481 0.796302 0.800253 0.804079 0.807896 0.811751 0.814783 0.817768 0.821304 0.823661 0.825753 0.829907 0.831138 0.837580 0.838317 0.845631 0.848866 0.853309 0.858397 0.861111 0.862995 0.864863 0.870915 0.874625 0.878431 0.878058 0.882510 0.885434 0.891068 0.896078 0.898039 0.908497 0.908497 0.908497 0.908497 0.908497 0.908497 0.908497 0.908497 0.908497 0.908497 0.908497 0.908497 0.908497 0.908497 0.908497 0.908497 0.908497 0.908497 0.908497 0.908497 0.908497 0.908497 0.908497 0.908497 0.908497 0.908497 0.908497 0.908497 0.908497 0.908497 0.908497 0.908497 0.908497 0.908497 0.908497))
