# GIMP curves tool settings
(time 0)
(channel value)
(curve
   (curve-type smooth)
   (n-points 17)
   (points 34 -1.0 -1.0 -1.0 -1.0 -1.0 -1.0 -1.0 -1.0 -1.0 -1.0 -1.0 -1.0 -1.0 -1.0 -1.0 -1.0 -1.0 -1.0 -1.0 -1.0 -1.0 -1.0 -1.0 -1.0 -1.0 -1.0 -1.0 -1.0 -1.0 -1.0 -1.0 -1.0 -1.0 -1.0)
(n-samples 256)
(samples 256  0.000000 0.003922 0.007843 0.011765 0.015686 0.019608 0.023529 0.027451 0.031373 0.035294 0.039216 0.043137 0.047059 0.050980 0.054902 0.058824 0.062745 0.066667 0.070588 0.074510 0.078431 0.082353 0.086275 0.090196 0.094118 0.098039 0.101961 0.105882 0.109804 0.113725 0.117647 0.121569 0.125490 0.129412 0.133333 0.137255 0.141176 0.145098 0.149020 0.152941 0.156863 0.160784 0.164706 0.168627 0.172549 0.176471 0.180392 0.184314 0.188235 0.192157 0.196078 0.200000 0.203922 0.207843 0.211765 0.215686 0.219608 0.223529 0.227451 0.231373 0.235294 0.239216 0.243137 0.247059 0.250980 0.254902 0.258824 0.262745 0.266667 0.270588 0.274510 0.278431 0.282353 0.286275 0.290196 0.294118 0.298039 0.301961 0.305882 0.309804 0.313725 0.317647 0.321569 0.325490 0.329412 0.333333 0.337255 0.341176 0.345098 0.349020 0.352941 0.356863 0.360784 0.364706 0.368627 0.372549 0.376471 0.380392 0.384314 0.388235 0.392157 0.396078 0.400000 0.403922 0.407843 0.411765 0.415686 0.419608 0.423529 0.427451 0.431373 0.435294 0.439216 0.443137 0.447059 0.450980 0.454902 0.458824 0.462745 0.466667 0.470588 0.474510 0.478431 0.482353 0.486275 0.490196 0.494118 0.498039 0.501961 0.505882 0.509804 0.513725 0.517647 0.521569 0.525490 0.529412 0.533333 0.537255 0.541176 0.545098 0.549020 0.552941 0.556863 0.560784 0.564706 0.568627 0.572549 0.576471 0.580392 0.584314 0.588235 0.592157 0.596078 0.600000 0.603922 0.607843 0.611765 0.615686 0.619608 0.623529 0.627451 0.631373 0.635294 0.639216 0.643137 0.647059 0.650980 0.654902 0.658824 0.662745 0.666667 0.670588 0.674510 0.678431 0.682353 0.686275 0.690196 0.694118 0.698039 0.701961 0.705882 0.709804 0.713725 0.717647 0.721569 0.725490 0.729412 0.733333 0.737255 0.741176 0.745098 0.749020 0.752941 0.756863 0.760784 0.764706 0.768627 0.772549 0.776471 0.780392 0.784314 0.788235 0.792157 0.796078 0.800000 0.803922 0.807843 0.811765 0.815686 0.819608 0.823529 0.827451 0.831373 0.835294 0.839216 0.843137 0.847059 0.850980 0.854902 0.858824 0.862745 0.866667 0.870588 0.874510 0.878431 0.882353 0.886275 0.890196 0.894118 0.898039 0.901961 0.905882 0.909804 0.913725 0.917647 0.921569 0.925490 0.929412 0.933333 0.937255 0.941176 0.945098 0.949020 0.952941 0.956863 0.960784 0.964706 0.968627 0.972549 0.976471 0.980392 0.984314 0.988235 0.992157 0.996078 1.000000))
(time 0)
(channel red)
(curve
   (curve-type smooth)
   (n-points 17)
   (points 34 -1.0 -1.0 -1.0 -1.0 -1.0 -1.0 -1.0 -1.0 -1.0 -1.0 -1.0 -1.0 -1.0 -1.0 -1.0 -1.0 -1.0 -1.0 -1.0 -1.0 -1.0 -1.0 -1.0 -1.0 -1.0 -1.0 -1.0 -1.0 -1.0 -1.0 -1.0 -1.0 -1.0 -1.0)
(n-samples 256)
(samples 256  0.005387 0.004820 0.005764 0.007129 0.009292 0.011132 0.013026 0.015289 0.018487 0.020690 0.024114 0.026832 0.028820 0.032541 0.035655 0.039203 0.042911 0.044752 0.049364 0.050859 0.054472 0.057028 0.061433 0.064738 0.068076 0.072057 0.074003 0.076923 0.081347 0.084354 0.087864 0.091408 0.093753 0.098263 0.101811 0.104928 0.108553 0.112564 0.116408 0.120275 0.124478 0.127999 0.132586 0.136247 0.139851 0.143075 0.147351 0.151936 0.156116 0.158737 0.163732 0.168137 0.172059 0.176509 0.180890 0.184989 0.189429 0.193157 0.197070 0.201814 0.205738 0.209703 0.214472 0.219930 0.224179 0.228278 0.232441 0.237140 0.241309 0.246274 0.250108 0.254553 0.259359 0.263681 0.268245 0.273228 0.278509 0.282251 0.287036 0.291562 0.296288 0.300203 0.304923 0.309806 0.315862 0.319615 0.324085 0.329881 0.334668 0.339411 0.343445 0.348436 0.353196 0.357524 0.362854 0.367737 0.372379 0.375980 0.381312 0.386214 0.392061 0.395673 0.401449 0.405707 0.410626 0.415923 0.420573 0.425561 0.429923 0.434301 0.439505 0.443910 0.449689 0.454178 0.459069 0.462837 0.468779 0.472987 0.478465 0.482886 0.487342 0.491843 0.496930 0.501734 0.506090 0.511128 0.516098 0.520906 0.525283 0.529882 0.534905 0.539346 0.544197 0.548911 0.553862 0.558184 0.562911 0.567784 0.571692 0.576359 0.580745 0.585596 0.590189 0.594249 0.598745 0.603807 0.608284 0.612311 0.617007 0.621444 0.625697 0.630383 0.634178 0.638385 0.642470 0.647161 0.651152 0.655513 0.659175 0.663604 0.667490 0.671829 0.675894 0.679128 0.682438 0.687695 0.691702 0.695822 0.699358 0.703949 0.707724 0.711147 0.715233 0.718488 0.722758 0.726929 0.730997 0.734015 0.738357 0.742202 0.746866 0.750256 0.753648 0.758115 0.761177 0.765441 0.768773 0.772490 0.775594 0.780125 0.783574 0.787056 0.790374 0.794262 0.798040 0.800959 0.805625 0.808080 0.811443 0.815607 0.818837 0.822767 0.825116 0.829471 0.832833 0.836391 0.839785 0.843139 0.846203 0.849857 0.853080 0.857279 0.860011 0.863088 0.867027 0.870179 0.873072 0.876687 0.879109 0.883170 0.886459 0.890462 0.893308 0.896154 0.899410 0.903035 0.905882 0.909414 0.912476 0.915557 0.919013 0.922417 0.925726 0.928653 0.932228 0.935118 0.938810 0.941715 0.944855 0.948277 0.951263 0.954614 0.958315 0.960947 0.963426 0.967101 0.970953 0.973513 0.977042 0.979663 0.982522 0.984839 0.987033 0.988803 0.990002 0.991965))
(time 0)
(channel green)
(curve
   (curve-type smooth)
   (n-points 17)
   (points 34 -1.0 -1.0 -1.0 -1.0 -1.0 -1.0 -1.0 -1.0 -1.0 -1.0 -1.0 -1.0 -1.0 -1.0 -1.0 -1.0 -1.0 -1.0 -1.0 -1.0 -1.0 -1.0 -1.0 -1.0 -1.0 -1.0 -1.0 -1.0 -1.0 -1.0 -1.0 -1.0 -1.0 -1.0)
(n-samples 256)
(samples 256  0.006409 0.006698 0.008447 0.009606 0.011734 0.013453 0.015707 0.018280 0.021271 0.024139 0.026475 0.030365 0.032753 0.036354 0.038479 0.042832 0.045654 0.048945 0.051814 0.055033 0.057966 0.061776 0.065143 0.067078 0.071240 0.074678 0.078118 0.081107 0.084344 0.087479 0.092572 0.095988 0.098822 0.102213 0.105228 0.109272 0.112796 0.117132 0.121496 0.124633 0.129112 0.132279 0.136448 0.139917 0.144292 0.146748 0.151397 0.155651 0.160001 0.164067 0.167324 0.172053 0.176371 0.181342 0.184950 0.188078 0.193164 0.197010 0.201914 0.206833 0.210162 0.214510 0.219128 0.224135 0.228329 0.231827 0.236234 0.241173 0.245861 0.249734 0.253912 0.258912 0.264839 0.268140 0.273286 0.277575 0.281909 0.286987 0.291617 0.295950 0.300894 0.305184 0.309973 0.314608 0.319367 0.324148 0.328464 0.332390 0.338273 0.344384 0.348212 0.352897 0.356931 0.362137 0.365883 0.372914 0.376737 0.380592 0.385883 0.391155 0.395876 0.400665 0.405427 0.410176 0.416152 0.420085 0.424180 0.429623 0.434049 0.438559 0.443608 0.448164 0.454049 0.458166 0.462676 0.468097 0.472809 0.477379 0.482479 0.487053 0.492274 0.497157 0.501336 0.505968 0.509959 0.515316 0.520559 0.524705 0.528778 0.533658 0.538442 0.543143 0.548304 0.552657 0.557708 0.560805 0.566780 0.571076 0.574908 0.579876 0.584111 0.589019 0.593477 0.597095 0.601003 0.606655 0.610387 0.614920 0.619475 0.624073 0.628330 0.632572 0.636673 0.641150 0.645387 0.648957 0.653592 0.657600 0.662058 0.666259 0.670990 0.673623 0.677445 0.681927 0.687329 0.690315 0.694818 0.698430 0.703113 0.706228 0.709506 0.714461 0.717535 0.722518 0.726346 0.729610 0.733744 0.737665 0.741856 0.744981 0.748184 0.752387 0.756322 0.759938 0.763474 0.767383 0.770097 0.773445 0.778429 0.781805 0.784906 0.788273 0.791980 0.795940 0.799122 0.803659 0.806773 0.809674 0.812951 0.817030 0.820856 0.824441 0.826869 0.830490 0.833526 0.836989 0.841104 0.844249 0.847933 0.851358 0.854206 0.858657 0.861268 0.864647 0.868077 0.870591 0.874993 0.877824 0.881997 0.884424 0.887785 0.890627 0.894148 0.897953 0.901339 0.904469 0.907256 0.910706 0.913725 0.917149 0.920911 0.923352 0.926985 0.930197 0.932882 0.937174 0.939321 0.943201 0.945832 0.948584 0.951303 0.955650 0.957784 0.960815 0.963454 0.966675 0.970360 0.973420 0.975991 0.978751 0.981459 0.983380 0.987777 0.989758 0.991301 0.992689))
(time 0)
(channel blue)
(curve
   (curve-type smooth)
   (n-points 17)
   (points 34 -1.0 -1.0 -1.0 -1.0 -1.0 -1.0 -1.0 -1.0 -1.0 -1.0 -1.0 -1.0 -1.0 -1.0 -1.0 -1.0 -1.0 -1.0 -1.0 -1.0 -1.0 -1.0 -1.0 -1.0 -1.0 -1.0 -1.0 -1.0 -1.0 -1.0 -1.0 -1.0 -1.0 -1.0)
(n-samples 256)
(samples 256  0.005252 0.004588 0.004913 0.005643 0.007424 0.008848 0.011019 0.013465 0.016248 0.019245 0.021853 0.025062 0.027779 0.030989 0.034449 0.037372 0.040192 0.043836 0.046252 0.049617 0.052505 0.056326 0.058983 0.062490 0.065773 0.069252 0.072254 0.075472 0.078966 0.082428 0.086397 0.089537 0.092637 0.095886 0.100083 0.103671 0.106856 0.110419 0.114618 0.118370 0.122313 0.126040 0.129597 0.132870 0.137067 0.140730 0.144817 0.149068 0.152766 0.156597 0.161279 0.165304 0.168974 0.173196 0.177353 0.180603 0.185221 0.189638 0.193891 0.197871 0.202244 0.206862 0.211198 0.215481 0.219882 0.224003 0.228118 0.233056 0.237192 0.241511 0.245843 0.250847 0.255587 0.259904 0.264639 0.269241 0.273782 0.278132 0.283080 0.287669 0.292237 0.296773 0.301416 0.305682 0.310584 0.315381 0.320381 0.324968 0.329683 0.334094 0.338883 0.343059 0.347978 0.353150 0.358292 0.363002 0.367174 0.372020 0.376945 0.382055 0.386728 0.391221 0.395220 0.400473 0.405724 0.410243 0.415165 0.419420 0.424415 0.430229 0.434942 0.439879 0.444786 0.448814 0.453572 0.458708 0.463174 0.467647 0.474037 0.477747 0.482498 0.487068 0.491773 0.496166 0.501136 0.506175 0.511004 0.516163 0.519954 0.525130 0.529169 0.534586 0.539123 0.543623 0.548376 0.552656 0.557231 0.561772 0.566315 0.570776 0.575747 0.579446 0.583982 0.589461 0.593693 0.598059 0.602119 0.606584 0.611636 0.615663 0.620022 0.623518 0.627341 0.632118 0.636436 0.640244 0.644351 0.648562 0.653414 0.658358 0.661762 0.666196 0.670525 0.675092 0.678378 0.682171 0.685758 0.689987 0.693751 0.697878 0.702283 0.705865 0.710213 0.713713 0.716815 0.721218 0.725130 0.728878 0.732121 0.736355 0.739865 0.744577 0.747135 0.751020 0.754802 0.758611 0.762797 0.765758 0.769709 0.773330 0.776876 0.780316 0.784139 0.787042 0.790963 0.794440 0.798620 0.802266 0.806422 0.809593 0.812404 0.816029 0.819659 0.823567 0.826369 0.830357 0.833775 0.836527 0.840550 0.843347 0.846786 0.850885 0.853823 0.856687 0.860571 0.863102 0.867860 0.871564 0.873963 0.876811 0.878970 0.883919 0.886977 0.890036 0.893747 0.896751 0.900003 0.902742 0.906400 0.910216 0.912684 0.915973 0.919580 0.920943 0.925258 0.929643 0.933328 0.934708 0.937015 0.938271 0.943347 0.946346 0.949147 0.953488 0.956814 0.956940 0.960136 0.964572 0.967791 0.969536 0.972890 0.975755 0.979864 0.980140 0.983194 0.986054))
