# GIMP curves tool settings
(time 0)
(channel value)
(curve
   (curve-type smooth)
   (n-points 17)
   (points 34 -1.0 -1.0 -1.0 -1.0 -1.0 -1.0 -1.0 -1.0 -1.0 -1.0 -1.0 -1.0 -1.0 -1.0 -1.0 -1.0 -1.0 -1.0 -1.0 -1.0 -1.0 -1.0 -1.0 -1.0 -1.0 -1.0 -1.0 -1.0 -1.0 -1.0 -1.0 -1.0 -1.0 -1.0)
(n-samples 256)
(samples 256  0.000000 0.003922 0.007843 0.011765 0.015686 0.019608 0.023529 0.027451 0.031373 0.035294 0.039216 0.043137 0.047059 0.050980 0.054902 0.058824 0.062745 0.066667 0.070588 0.074510 0.078431 0.082353 0.086275 0.090196 0.094118 0.098039 0.101961 0.105882 0.109804 0.113725 0.117647 0.121569 0.125490 0.129412 0.133333 0.137255 0.141176 0.145098 0.149020 0.152941 0.156863 0.160784 0.164706 0.168627 0.172549 0.176471 0.180392 0.184314 0.188235 0.192157 0.196078 0.200000 0.203922 0.207843 0.211765 0.215686 0.219608 0.223529 0.227451 0.231373 0.235294 0.239216 0.243137 0.247059 0.250980 0.254902 0.258824 0.262745 0.266667 0.270588 0.274510 0.278431 0.282353 0.286275 0.290196 0.294118 0.298039 0.301961 0.305882 0.309804 0.313725 0.317647 0.321569 0.325490 0.329412 0.333333 0.337255 0.341176 0.345098 0.349020 0.352941 0.356863 0.360784 0.364706 0.368627 0.372549 0.376471 0.380392 0.384314 0.388235 0.392157 0.396078 0.400000 0.403922 0.407843 0.411765 0.415686 0.419608 0.423529 0.427451 0.431373 0.435294 0.439216 0.443137 0.447059 0.450980 0.454902 0.458824 0.462745 0.466667 0.470588 0.474510 0.478431 0.482353 0.486275 0.490196 0.494118 0.498039 0.501961 0.505882 0.509804 0.513725 0.517647 0.521569 0.525490 0.529412 0.533333 0.537255 0.541176 0.545098 0.549020 0.552941 0.556863 0.560784 0.564706 0.568627 0.572549 0.576471 0.580392 0.584314 0.588235 0.592157 0.596078 0.600000 0.603922 0.607843 0.611765 0.615686 0.619608 0.623529 0.627451 0.631373 0.635294 0.639216 0.643137 0.647059 0.650980 0.654902 0.658824 0.662745 0.666667 0.670588 0.674510 0.678431 0.682353 0.686275 0.690196 0.694118 0.698039 0.701961 0.705882 0.709804 0.713725 0.717647 0.721569 0.725490 0.729412 0.733333 0.737255 0.741176 0.745098 0.749020 0.752941 0.756863 0.760784 0.764706 0.768627 0.772549 0.776471 0.780392 0.784314 0.788235 0.792157 0.796078 0.800000 0.803922 0.807843 0.811765 0.815686 0.819608 0.823529 0.827451 0.831373 0.835294 0.839216 0.843137 0.847059 0.850980 0.854902 0.858824 0.862745 0.866667 0.870588 0.874510 0.878431 0.882353 0.886275 0.890196 0.894118 0.898039 0.901961 0.905882 0.909804 0.913725 0.917647 0.921569 0.925490 0.929412 0.933333 0.937255 0.941176 0.945098 0.949020 0.952941 0.956863 0.960784 0.964706 0.968627 0.972549 0.976471 0.980392 0.984314 0.988235 0.992157 0.996078 1.000000))
(time 0)
(channel red)
(curve
   (curve-type smooth)
   (n-points 17)
   (points 34 -1.0 -1.0 -1.0 -1.0 -1.0 -1.0 -1.0 -1.0 -1.0 -1.0 -1.0 -1.0 -1.0 -1.0 -1.0 -1.0 -1.0 -1.0 -1.0 -1.0 -1.0 -1.0 -1.0 -1.0 -1.0 -1.0 -1.0 -1.0 -1.0 -1.0 -1.0 -1.0 -1.0 -1.0)
(n-samples 256)
(samples 256  0.001803 0.004211 0.008659 0.012592 0.016657 0.020698 0.024857 0.028764 0.032919 0.036788 0.040975 0.044923 0.049099 0.053210 0.057387 0.061535 0.065532 0.069756 0.073960 0.078074 0.082067 0.086397 0.090382 0.094494 0.098591 0.102877 0.106933 0.111121 0.115024 0.119371 0.123571 0.127456 0.131657 0.135828 0.139861 0.143973 0.148076 0.152109 0.156233 0.160416 0.164415 0.168552 0.172708 0.176930 0.180911 0.184939 0.189119 0.193379 0.197574 0.201673 0.205807 0.209972 0.214101 0.218005 0.222440 0.226485 0.230634 0.234806 0.238921 0.243188 0.247405 0.251439 0.255599 0.259753 0.263989 0.268003 0.272221 0.276349 0.280557 0.284814 0.288929 0.292937 0.297229 0.301404 0.305560 0.309760 0.313895 0.318249 0.322358 0.326652 0.330694 0.334905 0.339084 0.343364 0.347535 0.351686 0.356016 0.360180 0.364345 0.368694 0.372904 0.377002 0.381326 0.385320 0.389428 0.393821 0.397999 0.402099 0.406310 0.410407 0.414513 0.418632 0.422801 0.426944 0.431190 0.435122 0.439149 0.443267 0.447533 0.451538 0.455450 0.459500 0.463502 0.467621 0.471678 0.475801 0.479662 0.483823 0.487827 0.491812 0.496006 0.499837 0.503781 0.507947 0.511843 0.516200 0.520252 0.524411 0.528474 0.532307 0.536442 0.540704 0.545167 0.549071 0.553344 0.557210 0.561973 0.566300 0.570352 0.574838 0.578885 0.582962 0.587370 0.591594 0.595847 0.599874 0.603954 0.607919 0.612103 0.615970 0.620070 0.624108 0.628043 0.631846 0.635857 0.639738 0.643579 0.647564 0.651311 0.655213 0.659138 0.662903 0.666870 0.670546 0.674440 0.678286 0.682037 0.685919 0.689715 0.693532 0.697376 0.701095 0.704825 0.708676 0.712317 0.715979 0.719453 0.722927 0.726527 0.730196 0.733760 0.736791 0.740442 0.743710 0.747064 0.750559 0.754106 0.758064 0.761396 0.765418 0.769600 0.773824 0.777252 0.781245 0.785017 0.788622 0.792358 0.795543 0.798809 0.802398 0.805977 0.809701 0.813387 0.816470 0.820112 0.823325 0.827487 0.831071 0.834158 0.837941 0.841420 0.845258 0.848079 0.850610 0.853777 0.856946 0.862100 0.865075 0.866305 0.873137 0.875444 0.877684 0.880543 0.890196 0.887395 0.890632 0.890196 0.890980 0.899020 0.908235 0.908235 0.917647 0.923529 0.917647 0.921569 0.922876 0.931373 0.937255 0.929412 0.941176 0.941176 0.952941 0.952941 0.952941 0.952941 0.952941 0.952941 0.952941 0.952941 0.952941 0.952941 0.952941 0.952941 0.952941 0.952941 0.952941))
(time 0)
(channel green)
(curve
   (curve-type smooth)
   (n-points 17)
   (points 34 -1.0 -1.0 -1.0 -1.0 -1.0 -1.0 -1.0 -1.0 -1.0 -1.0 -1.0 -1.0 -1.0 -1.0 -1.0 -1.0 -1.0 -1.0 -1.0 -1.0 -1.0 -1.0 -1.0 -1.0 -1.0 -1.0 -1.0 -1.0 -1.0 -1.0 -1.0 -1.0 -1.0 -1.0)
(n-samples 256)
(samples 256  0.004215 0.005859 0.008763 0.013162 0.016635 0.020978 0.024940 0.028616 0.032692 0.036724 0.040583 0.044726 0.048676 0.052890 0.057015 0.061277 0.065496 0.069734 0.073886 0.077871 0.082036 0.086263 0.090376 0.094308 0.098501 0.102763 0.106821 0.110915 0.114970 0.119161 0.123343 0.127698 0.131756 0.135904 0.140059 0.144251 0.148486 0.152559 0.156942 0.161049 0.165186 0.169307 0.173655 0.177848 0.182048 0.186371 0.190486 0.194779 0.199026 0.202984 0.207196 0.211306 0.215499 0.219668 0.223647 0.227775 0.231970 0.236187 0.240157 0.244531 0.248515 0.252698 0.256996 0.261126 0.265228 0.269305 0.273520 0.277681 0.281694 0.285737 0.289933 0.293990 0.298106 0.302230 0.306388 0.310588 0.314733 0.319016 0.322884 0.327123 0.331280 0.335613 0.339804 0.343921 0.348253 0.352329 0.356735 0.360982 0.365190 0.369329 0.373748 0.377589 0.381859 0.386185 0.390314 0.394397 0.398567 0.402878 0.406971 0.410978 0.415248 0.419448 0.423325 0.427487 0.431430 0.435529 0.439560 0.443831 0.447623 0.451792 0.455726 0.459667 0.463844 0.467809 0.471653 0.475545 0.479872 0.483584 0.487571 0.491809 0.495762 0.499898 0.503753 0.508325 0.512027 0.516113 0.519979 0.523986 0.528341 0.532164 0.536409 0.540467 0.544020 0.548372 0.552222 0.556088 0.560215 0.564114 0.567834 0.572051 0.576024 0.579761 0.583814 0.588249 0.592224 0.595931 0.600061 0.604036 0.608324 0.612528 0.617025 0.621314 0.625309 0.629566 0.633569 0.637759 0.641859 0.645870 0.649874 0.653903 0.657975 0.661958 0.665818 0.669824 0.673668 0.677423 0.681386 0.685192 0.689219 0.693028 0.696878 0.700884 0.704718 0.708680 0.712426 0.716226 0.720112 0.723706 0.727648 0.731276 0.734970 0.738371 0.741864 0.745711 0.749502 0.753161 0.756957 0.760632 0.764835 0.768254 0.772221 0.775587 0.779007 0.782823 0.786484 0.790139 0.793695 0.797524 0.800732 0.804894 0.808562 0.808824 0.812640 0.817301 0.817895 0.826419 0.827218 0.833840 0.833919 0.838923 0.844842 0.845098 0.844258 0.853685 0.856765 0.858418 0.861840 0.863235 0.874510 0.880392 0.880392 0.886275 0.878431 0.882353 0.882353 0.890196 0.890196 0.890196 0.890196 0.890196 0.890196 0.890196 0.890196 0.890196 0.890196 0.890196 0.890196 0.890196 0.890196 0.890196 0.890196 0.890196 0.890196 0.890196 0.890196 0.890196 0.890196 0.890196 0.890196 0.890196 0.890196 0.890196 0.890196 0.890196 0.890196 0.890196))
(time 0)
(channel blue)
(curve
   (curve-type smooth)
   (n-points 17)
   (points 34 -1.0 -1.0 -1.0 -1.0 -1.0 -1.0 -1.0 -1.0 -1.0 -1.0 -1.0 -1.0 -1.0 -1.0 -1.0 -1.0 -1.0 -1.0 -1.0 -1.0 -1.0 -1.0 -1.0 -1.0 -1.0 -1.0 -1.0 -1.0 -1.0 -1.0 -1.0 -1.0 -1.0 -1.0)
(n-samples 256)
(samples 256  0.002353 0.004845 0.008885 0.013057 0.017122 0.021168 0.025363 0.029644 0.033837 0.038175 0.042462 0.046687 0.051034 0.055369 0.059669 0.063966 0.068288 0.072556 0.076861 0.081205 0.085407 0.089664 0.093906 0.098149 0.102329 0.106465 0.110735 0.114910 0.119117 0.123201 0.127274 0.131482 0.135569 0.139777 0.143861 0.147995 0.152162 0.156224 0.160396 0.164410 0.168602 0.172743 0.176888 0.180942 0.184937 0.189276 0.193366 0.197522 0.201646 0.205733 0.209916 0.214066 0.218180 0.222321 0.226505 0.230762 0.234927 0.238936 0.243184 0.247492 0.251794 0.255907 0.260212 0.264486 0.268538 0.272858 0.276864 0.281130 0.285448 0.289829 0.293930 0.298117 0.302269 0.306549 0.310784 0.315091 0.319172 0.323273 0.327229 0.331795 0.335651 0.339742 0.344048 0.348189 0.352137 0.356173 0.360436 0.364257 0.368744 0.372409 0.376648 0.380533 0.384454 0.388536 0.392625 0.396434 0.400500 0.404509 0.408563 0.412525 0.416513 0.420669 0.424471 0.428670 0.432566 0.436495 0.440644 0.444840 0.448750 0.452674 0.456779 0.461005 0.465081 0.469157 0.473031 0.477090 0.481024 0.485148 0.489256 0.493466 0.497261 0.501547 0.505499 0.509946 0.513828 0.517692 0.521913 0.526308 0.530239 0.534424 0.538270 0.542399 0.546514 0.550832 0.554562 0.558732 0.562719 0.566886 0.570432 0.574407 0.578430 0.582313 0.586024 0.589965 0.593968 0.597779 0.601544 0.605392 0.609299 0.613067 0.617018 0.620576 0.624586 0.628254 0.632183 0.636054 0.639947 0.644220 0.648108 0.652100 0.656079 0.659998 0.664032 0.667729 0.671765 0.675472 0.679303 0.683043 0.686793 0.690778 0.694354 0.698343 0.702065 0.706085 0.709946 0.713761 0.717509 0.721276 0.725215 0.728976 0.732804 0.736570 0.740315 0.744089 0.747871 0.751600 0.755274 0.758955 0.762887 0.766588 0.770400 0.774064 0.777774 0.781103 0.784976 0.788927 0.792423 0.795890 0.799301 0.803074 0.806851 0.808273 0.813082 0.818363 0.822040 0.823554 0.826564 0.831250 0.832353 0.840588 0.844639 0.843294 0.847304 0.853172 0.856673 0.858263 0.861490 0.864706 0.866231 0.884314 0.874510 0.878431 0.878431 0.878431 0.878431 0.878431 0.878431 0.878431 0.878431 0.878431 0.878431 0.878431 0.878431 0.878431 0.878431 0.878431 0.878431 0.878431 0.878431 0.878431 0.878431 0.878431 0.878431 0.878431 0.878431 0.878431 0.878431 0.878431 0.878431 0.878431 0.878431 0.878431 0.878431 0.878431 0.878431 0.878431))
