# GIMP curves tool settings
(time 0)
(channel value)
(curve
   (curve-type smooth)
   (n-points 17)
   (points 34 -1.0 -1.0 -1.0 -1.0 -1.0 -1.0 -1.0 -1.0 -1.0 -1.0 -1.0 -1.0 -1.0 -1.0 -1.0 -1.0 -1.0 -1.0 -1.0 -1.0 -1.0 -1.0 -1.0 -1.0 -1.0 -1.0 -1.0 -1.0 -1.0 -1.0 -1.0 -1.0 -1.0 -1.0)
(n-samples 256)
(samples 256  0.000000 0.003922 0.007843 0.011765 0.015686 0.019608 0.023529 0.027451 0.031373 0.035294 0.039216 0.043137 0.047059 0.050980 0.054902 0.058824 0.062745 0.066667 0.070588 0.074510 0.078431 0.082353 0.086275 0.090196 0.094118 0.098039 0.101961 0.105882 0.109804 0.113725 0.117647 0.121569 0.125490 0.129412 0.133333 0.137255 0.141176 0.145098 0.149020 0.152941 0.156863 0.160784 0.164706 0.168627 0.172549 0.176471 0.180392 0.184314 0.188235 0.192157 0.196078 0.200000 0.203922 0.207843 0.211765 0.215686 0.219608 0.223529 0.227451 0.231373 0.235294 0.239216 0.243137 0.247059 0.250980 0.254902 0.258824 0.262745 0.266667 0.270588 0.274510 0.278431 0.282353 0.286275 0.290196 0.294118 0.298039 0.301961 0.305882 0.309804 0.313725 0.317647 0.321569 0.325490 0.329412 0.333333 0.337255 0.341176 0.345098 0.349020 0.352941 0.356863 0.360784 0.364706 0.368627 0.372549 0.376471 0.380392 0.384314 0.388235 0.392157 0.396078 0.400000 0.403922 0.407843 0.411765 0.415686 0.419608 0.423529 0.427451 0.431373 0.435294 0.439216 0.443137 0.447059 0.450980 0.454902 0.458824 0.462745 0.466667 0.470588 0.474510 0.478431 0.482353 0.486275 0.490196 0.494118 0.498039 0.501961 0.505882 0.509804 0.513725 0.517647 0.521569 0.525490 0.529412 0.533333 0.537255 0.541176 0.545098 0.549020 0.552941 0.556863 0.560784 0.564706 0.568627 0.572549 0.576471 0.580392 0.584314 0.588235 0.592157 0.596078 0.600000 0.603922 0.607843 0.611765 0.615686 0.619608 0.623529 0.627451 0.631373 0.635294 0.639216 0.643137 0.647059 0.650980 0.654902 0.658824 0.662745 0.666667 0.670588 0.674510 0.678431 0.682353 0.686275 0.690196 0.694118 0.698039 0.701961 0.705882 0.709804 0.713725 0.717647 0.721569 0.725490 0.729412 0.733333 0.737255 0.741176 0.745098 0.749020 0.752941 0.756863 0.760784 0.764706 0.768627 0.772549 0.776471 0.780392 0.784314 0.788235 0.792157 0.796078 0.800000 0.803922 0.807843 0.811765 0.815686 0.819608 0.823529 0.827451 0.831373 0.835294 0.839216 0.843137 0.847059 0.850980 0.854902 0.858824 0.862745 0.866667 0.870588 0.874510 0.878431 0.882353 0.886275 0.890196 0.894118 0.898039 0.901961 0.905882 0.909804 0.913725 0.917647 0.921569 0.925490 0.929412 0.933333 0.937255 0.941176 0.945098 0.949020 0.952941 0.956863 0.960784 0.964706 0.968627 0.972549 0.976471 0.980392 0.984314 0.988235 0.992157 0.996078 1.000000))
(time 0)
(channel red)
(curve
   (curve-type smooth)
   (n-points 17)
   (points 34 -1.0 -1.0 -1.0 -1.0 -1.0 -1.0 -1.0 -1.0 -1.0 -1.0 -1.0 -1.0 -1.0 -1.0 -1.0 -1.0 -1.0 -1.0 -1.0 -1.0 -1.0 -1.0 -1.0 -1.0 -1.0 -1.0 -1.0 -1.0 -1.0 -1.0 -1.0 -1.0 -1.0 -1.0)
(n-samples 256)
(samples 256  0.000084 0.000714 0.003724 0.006872 0.009740 0.012993 0.015918 0.019116 0.021950 0.025123 0.028165 0.031230 0.034273 0.037375 0.040359 0.043548 0.046643 0.049762 0.052834 0.055974 0.059248 0.062489 0.065625 0.068992 0.072167 0.075609 0.079002 0.082505 0.085865 0.089246 0.093005 0.096470 0.100222 0.103925 0.107626 0.111412 0.115202 0.119229 0.123130 0.127184 0.131190 0.135381 0.139525 0.143895 0.148199 0.152586 0.156962 0.161521 0.166086 0.170754 0.175347 0.180031 0.184871 0.189524 0.194392 0.199347 0.204292 0.209256 0.214296 0.219314 0.224402 0.229499 0.234664 0.239811 0.244958 0.250180 0.255366 0.260500 0.265854 0.271174 0.276282 0.281662 0.286806 0.292012 0.297319 0.302524 0.307705 0.312979 0.318150 0.323312 0.328455 0.333695 0.338860 0.343742 0.349012 0.354154 0.359028 0.363984 0.369229 0.374262 0.379220 0.384102 0.388998 0.394235 0.399179 0.403942 0.408962 0.413948 0.419002 0.423883 0.428887 0.433845 0.438877 0.443866 0.448917 0.454072 0.459031 0.464061 0.468998 0.474116 0.479108 0.484170 0.489322 0.494271 0.499344 0.504508 0.509591 0.514654 0.519749 0.524832 0.529734 0.534768 0.539823 0.544687 0.549725 0.554425 0.559309 0.564097 0.569114 0.573627 0.578176 0.582721 0.587296 0.591590 0.595985 0.600010 0.604089 0.608176 0.612164 0.615845 0.619863 0.623565 0.627548 0.631367 0.635160 0.639280 0.643399 0.647638 0.651680 0.656019 0.660200 0.664485 0.668771 0.673060 0.677323 0.681592 0.685881 0.690186 0.694458 0.698754 0.703084 0.707368 0.711462 0.715731 0.719872 0.724073 0.728121 0.732066 0.736291 0.740263 0.744211 0.748346 0.752447 0.756532 0.760930 0.765006 0.769351 0.774116 0.778233 0.782807 0.787812 0.791886 0.796339 0.801656 0.805411 0.809905 0.813748 0.817570 0.821222 0.824516 0.827753 0.830738 0.833542 0.837296 0.840651 0.843944 0.847494 0.850943 0.854510 0.858090 0.861370 0.864298 0.867869 0.871313 0.874538 0.877582 0.880827 0.884127 0.886990 0.890054 0.893304 0.897119 0.900561 0.904072 0.905143 0.907635 0.909109 0.912191 0.913786 0.917190 0.919888 0.923436 0.927300 0.932620 0.940336 0.938562 0.942745 0.945882 0.945098 0.950588 0.955294 0.956863 0.962745 0.964706 0.964706 0.959477 0.976471 0.968627 0.972549 0.976471 0.976471 0.988235 0.988235 0.988235 0.988235 0.988235 0.988235 0.988235 0.988235 0.988235 0.988235 0.988235 0.988235 0.988235 0.988235 0.988235))
(time 0)
(channel green)
(curve
   (curve-type smooth)
   (n-points 17)
   (points 34 -1.0 -1.0 -1.0 -1.0 -1.0 -1.0 -1.0 -1.0 -1.0 -1.0 -1.0 -1.0 -1.0 -1.0 -1.0 -1.0 -1.0 -1.0 -1.0 -1.0 -1.0 -1.0 -1.0 -1.0 -1.0 -1.0 -1.0 -1.0 -1.0 -1.0 -1.0 -1.0 -1.0 -1.0)
(n-samples 256)
(samples 256  0.000329 0.001113 0.003728 0.007002 0.009275 0.012911 0.015489 0.018477 0.021786 0.024291 0.027673 0.030228 0.033649 0.036277 0.039507 0.042550 0.045618 0.048671 0.051672 0.054798 0.057935 0.061115 0.064228 0.067565 0.070791 0.074052 0.077336 0.080689 0.084002 0.087439 0.090809 0.094277 0.097763 0.101457 0.104971 0.108648 0.112371 0.116088 0.119708 0.123632 0.127371 0.131343 0.135127 0.139129 0.143257 0.147290 0.151599 0.155722 0.160040 0.164529 0.168819 0.173471 0.178097 0.182631 0.187376 0.192097 0.196815 0.201562 0.206493 0.211170 0.216044 0.221124 0.225848 0.230814 0.235957 0.241009 0.245970 0.251068 0.256337 0.261491 0.266521 0.271698 0.276785 0.282084 0.287061 0.292206 0.297220 0.302449 0.307532 0.312537 0.317434 0.322460 0.327541 0.332524 0.337598 0.342312 0.347238 0.352264 0.357164 0.362164 0.367065 0.372046 0.376907 0.381886 0.386788 0.391792 0.396866 0.401762 0.406758 0.411748 0.416766 0.421607 0.426726 0.431672 0.436850 0.441868 0.446797 0.451945 0.457071 0.462170 0.467214 0.472257 0.477258 0.482169 0.487252 0.492062 0.497061 0.502046 0.506727 0.511735 0.516448 0.521361 0.526230 0.530998 0.535788 0.540431 0.544982 0.549739 0.554298 0.559129 0.563668 0.568290 0.572920 0.577514 0.581980 0.586654 0.591252 0.595638 0.600201 0.604834 0.609387 0.613897 0.618430 0.622737 0.627122 0.631498 0.635764 0.639849 0.643816 0.647751 0.651667 0.655509 0.659607 0.663429 0.667543 0.671515 0.675537 0.679497 0.683586 0.687465 0.691484 0.695420 0.699334 0.703326 0.707287 0.711328 0.715230 0.719199 0.723166 0.727031 0.730921 0.734716 0.738651 0.742515 0.746267 0.750052 0.753989 0.757773 0.761574 0.765402 0.769079 0.772725 0.776378 0.780123 0.783922 0.787632 0.791151 0.794880 0.798463 0.802059 0.805479 0.809061 0.812557 0.815978 0.819506 0.822620 0.825693 0.829037 0.832418 0.835372 0.837958 0.840702 0.845308 0.847949 0.849718 0.853251 0.856843 0.860145 0.860148 0.866315 0.869991 0.873490 0.876030 0.874915 0.881275 0.883029 0.884163 0.891667 0.892549 0.907843 0.907843 0.909804 0.909804 0.905882 0.905882 0.909804 0.909804 0.909804 0.909804 0.909804 0.909804 0.909804 0.909804 0.909804 0.909804 0.909804 0.909804 0.909804 0.909804 0.909804 0.909804 0.909804 0.909804 0.909804 0.909804 0.909804 0.909804 0.909804 0.909804 0.909804 0.909804 0.909804 0.909804 0.909804 0.909804 0.909804))
(time 0)
(channel blue)
(curve
   (curve-type smooth)
   (n-points 17)
   (points 34 -1.0 -1.0 -1.0 -1.0 -1.0 -1.0 -1.0 -1.0 -1.0 -1.0 -1.0 -1.0 -1.0 -1.0 -1.0 -1.0 -1.0 -1.0 -1.0 -1.0 -1.0 -1.0 -1.0 -1.0 -1.0 -1.0 -1.0 -1.0 -1.0 -1.0 -1.0 -1.0 -1.0 -1.0)
(n-samples 256)
(samples 256  0.000048 0.000174 0.001806 0.004290 0.006813 0.009664 0.012339 0.015093 0.017570 0.020220 0.022839 0.025398 0.027913 0.030479 0.033100 0.035754 0.038424 0.041045 0.043728 0.046431 0.049243 0.052101 0.054963 0.057803 0.060841 0.063822 0.066865 0.069931 0.073174 0.076347 0.079701 0.083014 0.086455 0.089966 0.093619 0.097210 0.100867 0.104676 0.108589 0.112587 0.116478 0.120607 0.124778 0.129024 0.133267 0.137529 0.141826 0.146093 0.150436 0.154812 0.159193 0.163615 0.168133 0.172570 0.177073 0.181653 0.186220 0.190873 0.195606 0.200149 0.204884 0.209707 0.214436 0.219273 0.223948 0.228825 0.233633 0.238409 0.243319 0.248244 0.253117 0.258027 0.263043 0.267956 0.273021 0.277859 0.282764 0.287817 0.292909 0.297923 0.302898 0.308180 0.313289 0.318398 0.323523 0.328878 0.334103 0.339399 0.344662 0.350060 0.355321 0.360802 0.366173 0.371364 0.376842 0.382290 0.387577 0.392746 0.397964 0.403256 0.408332 0.413530 0.418514 0.423685 0.428880 0.433725 0.438781 0.443665 0.448627 0.453502 0.458449 0.463267 0.468076 0.472788 0.477651 0.482505 0.487168 0.491980 0.496780 0.501228 0.505838 0.510491 0.515334 0.519556 0.524284 0.528991 0.533495 0.537910 0.542470 0.546864 0.551261 0.555760 0.560237 0.564677 0.569250 0.573527 0.577819 0.582498 0.587009 0.591674 0.595968 0.600664 0.604781 0.609476 0.614139 0.618682 0.622922 0.627566 0.632443 0.636714 0.641332 0.645956 0.650449 0.655054 0.659432 0.663557 0.667774 0.671837 0.675963 0.680020 0.684167 0.688208 0.692373 0.696391 0.700590 0.704691 0.708758 0.712804 0.716755 0.720608 0.724554 0.728403 0.732227 0.736011 0.739821 0.743564 0.747392 0.751076 0.754760 0.758425 0.762000 0.765677 0.769293 0.772936 0.776514 0.780086 0.783698 0.787085 0.790501 0.793966 0.797291 0.800660 0.803809 0.807194 0.810345 0.813384 0.817020 0.820354 0.823641 0.826494 0.831011 0.833576 0.836216 0.838324 0.842546 0.843670 0.847400 0.849755 0.851236 0.855163 0.859157 0.860706 0.862418 0.867705 0.872106 0.873763 0.876863 0.879272 0.881917 0.892157 0.909804 0.895425 0.895425 0.895425 0.895425 0.895425 0.895425 0.895425 0.895425 0.895425 0.895425 0.895425 0.895425 0.895425 0.895425 0.895425 0.895425 0.895425 0.895425 0.895425 0.895425 0.895425 0.895425 0.895425 0.895425 0.895425 0.895425 0.895425 0.895425 0.895425 0.895425 0.895425 0.895425 0.895425 0.895425 0.895425))
