# GIMP curves tool settings

(time 0)
(channel value)
(curve
    (curve-type smooth)
    (n-points 17)
    (points 34 0.000000 0.000000 -1.000000 -1.000000 0.121569 0.121569 -1.000000 -1.000000 0.247059 0.247059 -1.000000 -1.000000 0.372549 0.372549 -1.000000 -1.000000 0.498039 0.498039 -1.000000 -1.000000 0.623529 0.623529 -1.000000 -1.000000 0.749020 0.749020 -1.000000 -1.000000 0.874510 0.874510 -1.000000 -1.000000 1.000000 1.000000)
    (n-samples 256)
    (samples 256 0.000000 0.003922 0.007843 0.011765 0.015686 0.019608 0.023529 0.027451 0.031373 0.035294 0.039216 0.043137 0.047059 0.050980 0.054902 0.058824 0.062745 0.066667 0.070588 0.074510 0.078431 0.082353 0.086275 0.090196 0.094118 0.098039 0.101961 0.105882 0.109804 0.113725 0.117647 0.121569 0.125491 0.129412 0.133334 0.137255 0.141177 0.145098 0.149020 0.152942 0.156863 0.160785 0.164706 0.168628 0.172549 0.176471 0.180393 0.184314 0.188236 0.192157 0.196079 0.200000 0.203922 0.207844 0.211765 0.215687 0.219608 0.223530 0.227451 0.231373 0.235294 0.239216 0.243138 0.247059 0.250981 0.254902 0.258824 0.262745 0.266667 0.270588 0.274510 0.278432 0.282353 0.286275 0.290196 0.294118 0.298039 0.301961 0.305883 0.309804 0.313726 0.317647 0.321569 0.325490 0.329412 0.333334 0.337255 0.341177 0.345098 0.349020 0.352941 0.356863 0.360784 0.364706 0.368628 0.372549 0.376471 0.380392 0.384314 0.388235 0.392157 0.396078 0.400000 0.403922 0.407843 0.411765 0.415686 0.419608 0.423529 0.427451 0.431373 0.435294 0.439216 0.443137 0.447059 0.450980 0.454902 0.458824 0.462745 0.466667 0.470588 0.474510 0.478431 0.482353 0.486274 0.490196 0.494118 0.498039 0.501961 0.505882 0.509804 0.513725 0.517647 0.521568 0.525490 0.529412 0.533333 0.537255 0.541176 0.545098 0.549019 0.552941 0.556863 0.560784 0.564706 0.568627 0.572549 0.576470 0.580392 0.584314 0.588235 0.592157 0.596078 0.600000 0.603921 0.607843 0.611764 0.615686 0.619608 0.623529 0.627451 0.631372 0.635294 0.639215 0.643137 0.647058 0.650980 0.654902 0.658823 0.662745 0.666666 0.670588 0.674509 0.678431 0.682353 0.686274 0.690196 0.694117 0.698039 0.701960 0.705882 0.709804 0.713725 0.717647 0.721568 0.725490 0.729411 0.733333 0.737254 0.741176 0.745098 0.749020 0.752942 0.756863 0.760785 0.764706 0.768628 0.772549 0.776471 0.780393 0.784314 0.788236 0.792157 0.796079 0.800000 0.803922 0.807844 0.811765 0.815687 0.819608 0.823530 0.827451 0.831373 0.835295 0.839216 0.843138 0.847059 0.850981 0.854902 0.858824 0.862745 0.866667 0.870589 0.874510 0.878432 0.882353 0.886275 0.890196 0.894118 0.898039 0.901961 0.905883 0.909804 0.913726 0.917647 0.921569 0.925490 0.929412 0.933334 0.937255 0.941177 0.945098 0.949020 0.952941 0.956863 0.960785 0.964706 0.968628 0.972549 0.976471 0.980392 0.984314 0.988235 0.992157 0.996079 1.000000))
(time 0)
(channel red)
(curve
    (curve-type smooth)
    (n-points 17)
    (points 34 0.000000 0.006822 -1.000000 -1.000000 0.121569 0.076506 -1.000000 -1.000000 0.247059 0.188814 -1.000000 -1.000000 0.372549 0.321932 -1.000000 -1.000000 0.498039 0.460051 -1.000000 -1.000000 0.623529 0.584344 -1.000000 -1.000000 0.749020 0.729013 -1.000000 -1.000000 0.874510 0.848605 -1.000000 -1.000000 1.000000 0.979506)
    (n-samples 256)
    (samples 256 0.006822 0.008750 0.010679 0.012613 0.014553 0.016501 0.018459 0.020428 0.022412 0.024412 0.026430 0.028467 0.030527 0.032611 0.034721 0.036859 0.039026 0.041226 0.043460 0.045730 0.048038 0.050386 0.052776 0.055210 0.057690 0.060218 0.062796 0.065426 0.068110 0.070850 0.073648 0.076506 0.079423 0.082396 0.085422 0.088501 0.091630 0.094807 0.098032 0.101301 0.104614 0.107969 0.111364 0.114797 0.118266 0.121770 0.125307 0.128876 0.132474 0.136100 0.139752 0.143428 0.147127 0.150847 0.154586 0.158343 0.162115 0.165901 0.169699 0.173508 0.177326 0.181151 0.184981 0.188814 0.192666 0.196553 0.200473 0.204424 0.208405 0.212414 0.216451 0.220513 0.224600 0.228709 0.232839 0.236989 0.241158 0.245344 0.249545 0.253760 0.257988 0.262227 0.266475 0.270732 0.274996 0.279265 0.283538 0.287813 0.292090 0.296366 0.300640 0.304911 0.309177 0.313437 0.317689 0.321932 0.326181 0.330452 0.334743 0.339052 0.343377 0.347717 0.352070 0.356434 0.360808 0.365189 0.369576 0.373968 0.378362 0.382757 0.387152 0.391543 0.395930 0.400312 0.404685 0.409049 0.413402 0.417742 0.422067 0.426376 0.430667 0.434938 0.439188 0.443414 0.447615 0.451789 0.455935 0.460051 0.464128 0.468162 0.472155 0.476110 0.480031 0.483921 0.487782 0.491619 0.495434 0.499230 0.503010 0.506778 0.510537 0.514289 0.518039 0.521788 0.525541 0.529300 0.533068 0.536850 0.540646 0.544462 0.548300 0.552162 0.556053 0.559976 0.563933 0.567927 0.571962 0.576042 0.580168 0.584344 0.588578 0.592872 0.597222 0.601624 0.606073 0.610566 0.615099 0.619666 0.624265 0.628890 0.633538 0.638204 0.642885 0.647576 0.652273 0.656972 0.661668 0.666359 0.671038 0.675703 0.680349 0.684971 0.689567 0.694131 0.698659 0.703148 0.707593 0.711989 0.716334 0.720622 0.724849 0.729013 0.733113 0.737156 0.741145 0.745085 0.748977 0.752827 0.756636 0.760409 0.764149 0.767858 0.771540 0.775200 0.778839 0.782461 0.786070 0.789670 0.793262 0.796851 0.800440 0.804032 0.807631 0.811239 0.814861 0.818500 0.822158 0.825840 0.829548 0.833286 0.837058 0.840866 0.844714 0.848605 0.852527 0.856465 0.860419 0.864388 0.868371 0.872368 0.876379 0.880403 0.884439 0.888487 0.892546 0.896616 0.900697 0.904787 0.908887 0.912995 0.917112 0.921237 0.925369 0.929507 0.933652 0.937802 0.941958 0.946118 0.950283 0.954451 0.958622 0.962796 0.966971 0.971149 0.975327 0.979506))
(time 0)
(channel green)
(curve
    (curve-type smooth)
    (n-points 17)
    (points 34 0.000000 0.003583 -1.000000 -1.000000 0.121569 0.056196 -1.000000 -1.000000 0.247059 0.166970 -1.000000 -1.000000 0.372549 0.277603 -1.000000 -1.000000 0.498039 0.415195 -1.000000 -1.000000 0.623529 0.561204 -1.000000 -1.000000 0.749020 0.705183 -1.000000 -1.000000 0.874510 0.839964 -1.000000 -1.000000 1.000000 0.967204)
    (n-samples 256)
    (samples 256 0.003583 0.004833 0.006085 0.007343 0.008609 0.009887 0.011178 0.012486 0.013814 0.015164 0.016540 0.017943 0.019378 0.020845 0.022349 0.023893 0.025478 0.027108 0.028786 0.030514 0.032295 0.034132 0.036028 0.037985 0.040007 0.042096 0.044254 0.046486 0.048793 0.051179 0.053645 0.056196 0.058843 0.061593 0.064442 0.067385 0.070415 0.073529 0.076721 0.079986 0.083318 0.086714 0.090167 0.093673 0.097226 0.100821 0.104454 0.108119 0.111811 0.115525 0.119256 0.122998 0.126747 0.130498 0.134246 0.137984 0.141709 0.145415 0.149097 0.152750 0.156369 0.159949 0.163484 0.166970 0.170417 0.173839 0.177240 0.180622 0.183987 0.187337 0.190676 0.194006 0.197329 0.200648 0.203965 0.207283 0.210604 0.213930 0.217265 0.220610 0.223969 0.227343 0.230735 0.234147 0.237583 0.241044 0.244533 0.248053 0.251605 0.255193 0.258819 0.262485 0.266194 0.269948 0.273751 0.277603 0.281503 0.285447 0.289431 0.293454 0.297516 0.301613 0.305744 0.309908 0.314103 0.318327 0.322578 0.326856 0.331157 0.335481 0.339825 0.344188 0.348569 0.352965 0.357375 0.361797 0.366230 0.370671 0.375120 0.379573 0.384031 0.388491 0.392951 0.397409 0.401865 0.406315 0.410759 0.415195 0.419635 0.424093 0.428567 0.433057 0.437562 0.442080 0.446611 0.451153 0.455706 0.460269 0.464841 0.469421 0.474008 0.478601 0.483199 0.487800 0.492406 0.497013 0.501621 0.506230 0.510838 0.515444 0.520047 0.524647 0.529243 0.533833 0.538417 0.542993 0.547561 0.552119 0.556667 0.561204 0.565737 0.570275 0.574817 0.579361 0.583908 0.588457 0.593007 0.597557 0.602107 0.606656 0.611203 0.615749 0.620291 0.624830 0.629365 0.633895 0.638419 0.642938 0.647449 0.651953 0.656449 0.660936 0.665414 0.669882 0.674339 0.678784 0.683218 0.687639 0.692046 0.696440 0.700819 0.705183 0.709533 0.713873 0.718203 0.722522 0.726832 0.731131 0.735421 0.739702 0.743973 0.748234 0.752487 0.756731 0.760966 0.765192 0.769410 0.773620 0.777821 0.782014 0.786200 0.790378 0.794548 0.798711 0.802866 0.807015 0.811156 0.815291 0.819419 0.823540 0.827655 0.831764 0.835867 0.839964 0.844053 0.848131 0.852198 0.856256 0.860304 0.864342 0.868372 0.872393 0.876405 0.880410 0.884407 0.888397 0.892380 0.896357 0.900327 0.904291 0.908250 0.912204 0.916152 0.920097 0.924037 0.927973 0.931906 0.935836 0.939763 0.943688 0.947610 0.951531 0.955451 0.959369 0.963287 0.967204))
(time 0)
(channel blue)
(curve
    (curve-type smooth)
    (n-points 17)
    (points 34 0.000000 0.002865 -1.000000 -1.000000 0.121569 0.033507 -1.000000 -1.000000 0.247059 0.128483 -1.000000 -1.000000 0.372549 0.262321 -1.000000 -1.000000 0.498039 0.407505 -1.000000 -1.000000 0.623529 0.535939 -1.000000 -1.000000 0.749020 0.687491 -1.000000 -1.000000 0.874510 0.836279 -1.000000 -1.000000 1.000000 0.968778)
    (n-samples 256)
    (samples 256 0.002865 0.003351 0.003841 0.004336 0.004841 0.005359 0.005892 0.006444 0.007018 0.007618 0.008245 0.008904 0.009597 0.010329 0.011100 0.011916 0.012779 0.013692 0.014659 0.015682 0.016764 0.017910 0.019121 0.020401 0.021754 0.023182 0.024688 0.026276 0.027949 0.029709 0.031561 0.033507 0.035542 0.037660 0.039856 0.042130 0.044479 0.046902 0.049395 0.051957 0.054585 0.057278 0.060034 0.062849 0.065723 0.068652 0.071635 0.074670 0.077754 0.080885 0.084062 0.087281 0.090541 0.093840 0.097176 0.100546 0.103948 0.107380 0.110840 0.114325 0.117835 0.121366 0.124916 0.128483 0.132090 0.135760 0.139489 0.143276 0.147117 0.151010 0.154954 0.158944 0.162979 0.167057 0.171173 0.175327 0.179516 0.183737 0.187987 0.192264 0.196566 0.200890 0.205233 0.209593 0.213968 0.218354 0.222750 0.227153 0.231560 0.235969 0.240378 0.244783 0.249182 0.253574 0.257954 0.262321 0.266700 0.271114 0.275562 0.280041 0.284548 0.289080 0.293636 0.298212 0.302806 0.307415 0.312038 0.316670 0.321310 0.325956 0.330603 0.335251 0.339896 0.344536 0.349168 0.353789 0.358398 0.362991 0.367566 0.372121 0.376652 0.381158 0.385635 0.390081 0.394494 0.398870 0.403208 0.407505 0.411753 0.415950 0.420098 0.424203 0.428266 0.432293 0.436286 0.440249 0.444187 0.448102 0.451998 0.455879 0.459748 0.463610 0.467467 0.471324 0.475184 0.479051 0.482928 0.486819 0.490728 0.494659 0.498614 0.502598 0.506614 0.510666 0.514758 0.518893 0.523075 0.527308 0.531595 0.535939 0.540337 0.544781 0.549268 0.553796 0.558362 0.562964 0.567599 0.572266 0.576962 0.581684 0.586431 0.591199 0.595987 0.600791 0.605611 0.610442 0.615284 0.620133 0.624988 0.629845 0.634703 0.639558 0.644410 0.649255 0.654091 0.658915 0.663726 0.668520 0.673296 0.678052 0.682784 0.687491 0.692189 0.696896 0.701611 0.706333 0.711061 0.715792 0.720527 0.725264 0.730001 0.734738 0.739473 0.744205 0.748932 0.753654 0.758369 0.763076 0.767773 0.772461 0.777136 0.781798 0.786446 0.791079 0.795694 0.800292 0.804871 0.809429 0.813965 0.818479 0.822968 0.827432 0.831870 0.836279 0.840662 0.845023 0.849360 0.853677 0.857972 0.862247 0.866503 0.870740 0.874959 0.879161 0.883347 0.887517 0.891672 0.895813 0.899941 0.904056 0.908159 0.912250 0.916332 0.920403 0.924466 0.928521 0.932568 0.936608 0.940642 0.944671 0.948696 0.952717 0.956735 0.960751 0.964765 0.968778))
(time 0)
(channel alpha)
(curve
    (curve-type free)
    (n-points 17)
    (points 34 -1.000000 -1.000000 -1.000000 -1.000000 -1.000000 -1.000000 -1.000000 -1.000000 -1.000000 -1.000000 -1.000000 -1.000000 -1.000000 -1.000000 -1.000000 -1.000000 -1.000000 -1.000000 -1.000000 -1.000000 -1.000000 -1.000000 -1.000000 -1.000000 -1.000000 -1.000000 -1.000000 -1.000000 -1.000000 -1.000000 -1.000000 -1.000000 -1.000000 -1.000000)
    (n-samples 256)
    (samples 256 0.000000 0.003922 0.007843 0.011765 0.015686 0.019608 0.023529 0.027451 0.031373 0.035294 0.039216 0.043137 0.047059 0.050980 0.054902 0.058824 0.062745 0.066667 0.070588 0.074510 0.078431 0.082353 0.086275 0.090196 0.094118 0.098039 0.101961 0.105882 0.109804 0.113725 0.117647 0.121569 0.125490 0.129412 0.133333 0.137255 0.141176 0.145098 0.149020 0.152941 0.156863 0.160784 0.164706 0.168627 0.172549 0.176471 0.180392 0.184314 0.188235 0.192157 0.196078 0.200000 0.203922 0.207843 0.211765 0.215686 0.219608 0.223529 0.227451 0.231373 0.235294 0.239216 0.243137 0.247059 0.250980 0.254902 0.258824 0.262745 0.266667 0.270588 0.274510 0.278431 0.282353 0.286275 0.290196 0.294118 0.298039 0.301961 0.305882 0.309804 0.313725 0.317647 0.321569 0.325490 0.329412 0.333333 0.337255 0.341176 0.345098 0.349020 0.352941 0.356863 0.360784 0.364706 0.368627 0.372549 0.376471 0.380392 0.384314 0.388235 0.392157 0.396078 0.400000 0.403922 0.407843 0.411765 0.415686 0.419608 0.423529 0.427451 0.431373 0.435294 0.439216 0.443137 0.447059 0.450980 0.454902 0.458824 0.462745 0.466667 0.470588 0.474510 0.478431 0.482353 0.486275 0.490196 0.494118 0.498039 0.501961 0.505882 0.509804 0.513725 0.517647 0.521569 0.525490 0.529412 0.533333 0.537255 0.541176 0.545098 0.549020 0.552941 0.556863 0.560784 0.564706 0.568627 0.572549 0.576471 0.580392 0.584314 0.588235 0.592157 0.596078 0.600000 0.603922 0.607843 0.611765 0.615686 0.619608 0.623529 0.627451 0.631373 0.635294 0.639216 0.643137 0.647059 0.650980 0.654902 0.658824 0.662745 0.666667 0.670588 0.674510 0.678431 0.682353 0.686275 0.690196 0.694118 0.698039 0.701961 0.705882 0.709804 0.713725 0.717647 0.721569 0.725490 0.729412 0.733333 0.737255 0.741176 0.745098 0.749020 0.752941 0.756863 0.760784 0.764706 0.768627 0.772549 0.776471 0.780392 0.784314 0.788235 0.792157 0.796078 0.800000 0.803922 0.807843 0.811765 0.815686 0.819608 0.823529 0.827451 0.831373 0.835294 0.839216 0.843137 0.847059 0.850980 0.854902 0.858824 0.862745 0.866667 0.870588 0.874510 0.878431 0.882353 0.886275 0.890196 0.894118 0.898039 0.901961 0.905882 0.909804 0.913725 0.917647 0.921569 0.925490 0.929412 0.933333 0.937255 0.941176 0.945098 0.949020 0.952941 0.956863 0.960784 0.964706 0.968627 0.972549 0.976471 0.980392 0.984314 0.988235 0.992157 0.996078 1.000000))

# end of curves tool settings
