# GIMP curves tool settings
(time 0)
(channel value)
(curve
   (curve-type smooth)
   (n-points 17)
   (points 34 -1.0 -1.0 -1.0 -1.0 -1.0 -1.0 -1.0 -1.0 -1.0 -1.0 -1.0 -1.0 -1.0 -1.0 -1.0 -1.0 -1.0 -1.0 -1.0 -1.0 -1.0 -1.0 -1.0 -1.0 -1.0 -1.0 -1.0 -1.0 -1.0 -1.0 -1.0 -1.0 -1.0 -1.0)
(n-samples 256)
(samples 256  0.000000 0.003922 0.007843 0.011765 0.015686 0.019608 0.023529 0.027451 0.031373 0.035294 0.039216 0.043137 0.047059 0.050980 0.054902 0.058824 0.062745 0.066667 0.070588 0.074510 0.078431 0.082353 0.086275 0.090196 0.094118 0.098039 0.101961 0.105882 0.109804 0.113725 0.117647 0.121569 0.125490 0.129412 0.133333 0.137255 0.141176 0.145098 0.149020 0.152941 0.156863 0.160784 0.164706 0.168627 0.172549 0.176471 0.180392 0.184314 0.188235 0.192157 0.196078 0.200000 0.203922 0.207843 0.211765 0.215686 0.219608 0.223529 0.227451 0.231373 0.235294 0.239216 0.243137 0.247059 0.250980 0.254902 0.258824 0.262745 0.266667 0.270588 0.274510 0.278431 0.282353 0.286275 0.290196 0.294118 0.298039 0.301961 0.305882 0.309804 0.313725 0.317647 0.321569 0.325490 0.329412 0.333333 0.337255 0.341176 0.345098 0.349020 0.352941 0.356863 0.360784 0.364706 0.368627 0.372549 0.376471 0.380392 0.384314 0.388235 0.392157 0.396078 0.400000 0.403922 0.407843 0.411765 0.415686 0.419608 0.423529 0.427451 0.431373 0.435294 0.439216 0.443137 0.447059 0.450980 0.454902 0.458824 0.462745 0.466667 0.470588 0.474510 0.478431 0.482353 0.486275 0.490196 0.494118 0.498039 0.501961 0.505882 0.509804 0.513725 0.517647 0.521569 0.525490 0.529412 0.533333 0.537255 0.541176 0.545098 0.549020 0.552941 0.556863 0.560784 0.564706 0.568627 0.572549 0.576471 0.580392 0.584314 0.588235 0.592157 0.596078 0.600000 0.603922 0.607843 0.611765 0.615686 0.619608 0.623529 0.627451 0.631373 0.635294 0.639216 0.643137 0.647059 0.650980 0.654902 0.658824 0.662745 0.666667 0.670588 0.674510 0.678431 0.682353 0.686275 0.690196 0.694118 0.698039 0.701961 0.705882 0.709804 0.713725 0.717647 0.721569 0.725490 0.729412 0.733333 0.737255 0.741176 0.745098 0.749020 0.752941 0.756863 0.760784 0.764706 0.768627 0.772549 0.776471 0.780392 0.784314 0.788235 0.792157 0.796078 0.800000 0.803922 0.807843 0.811765 0.815686 0.819608 0.823529 0.827451 0.831373 0.835294 0.839216 0.843137 0.847059 0.850980 0.854902 0.858824 0.862745 0.866667 0.870588 0.874510 0.878431 0.882353 0.886275 0.890196 0.894118 0.898039 0.901961 0.905882 0.909804 0.913725 0.917647 0.921569 0.925490 0.929412 0.933333 0.937255 0.941176 0.945098 0.949020 0.952941 0.956863 0.960784 0.964706 0.968627 0.972549 0.976471 0.980392 0.984314 0.988235 0.992157 0.996078 1.000000))
(time 0)
(channel red)
(curve
   (curve-type smooth)
   (n-points 17)
   (points 34 -1.0 -1.0 -1.0 -1.0 -1.0 -1.0 -1.0 -1.0 -1.0 -1.0 -1.0 -1.0 -1.0 -1.0 -1.0 -1.0 -1.0 -1.0 -1.0 -1.0 -1.0 -1.0 -1.0 -1.0 -1.0 -1.0 -1.0 -1.0 -1.0 -1.0 -1.0 -1.0 -1.0 -1.0)
(n-samples 256)
(samples 256  0.002010 0.002049 0.002571 0.003049 0.004236 0.005368 0.006306 0.007775 0.009315 0.011311 0.012294 0.013895 0.015427 0.016838 0.018737 0.021077 0.022950 0.024751 0.026433 0.028356 0.030350 0.031920 0.033702 0.036087 0.037932 0.040276 0.042025 0.044088 0.046243 0.047445 0.049951 0.052358 0.054764 0.056875 0.059439 0.061294 0.063204 0.066130 0.068218 0.070555 0.072870 0.076454 0.078832 0.081483 0.084375 0.086749 0.089158 0.092675 0.095350 0.098276 0.100649 0.104075 0.107578 0.110922 0.114259 0.117218 0.120278 0.123731 0.127458 0.130984 0.134458 0.137816 0.141517 0.145971 0.150115 0.154309 0.157301 0.161724 0.165315 0.170332 0.174195 0.177310 0.181677 0.186580 0.191508 0.195983 0.200028 0.204676 0.209473 0.214194 0.218614 0.223241 0.227340 0.232387 0.238097 0.243327 0.247835 0.252850 0.257823 0.263683 0.269814 0.274879 0.279752 0.285180 0.290429 0.296692 0.302493 0.307235 0.311992 0.318091 0.324211 0.329666 0.334765 0.340557 0.346351 0.353055 0.358488 0.364309 0.369437 0.375553 0.380796 0.387268 0.393824 0.399599 0.405477 0.411080 0.417386 0.424150 0.430315 0.435884 0.442198 0.448806 0.455633 0.462055 0.467763 0.473193 0.479970 0.486823 0.492778 0.498992 0.505057 0.510699 0.517155 0.523587 0.529908 0.536091 0.541764 0.548265 0.554762 0.561107 0.566994 0.572649 0.578959 0.584646 0.590313 0.596129 0.602045 0.607379 0.613883 0.620239 0.626163 0.632050 0.638411 0.644323 0.649935 0.656092 0.662174 0.667219 0.673289 0.679377 0.685753 0.691501 0.697082 0.702912 0.708269 0.714528 0.720240 0.725744 0.731447 0.737528 0.742734 0.748346 0.753573 0.758117 0.763012 0.768368 0.772791 0.778185 0.783423 0.788372 0.793090 0.798459 0.803914 0.808301 0.812061 0.815602 0.819690 0.824520 0.828772 0.833461 0.837807 0.841889 0.845860 0.850062 0.854569 0.858463 0.862724 0.865934 0.869316 0.873676 0.877126 0.880901 0.884642 0.888643 0.892881 0.896099 0.899961 0.903411 0.906546 0.909509 0.913184 0.915990 0.919664 0.923272 0.927521 0.930220 0.933140 0.936407 0.939159 0.942076 0.945561 0.949074 0.952554 0.955596 0.959274 0.961456 0.964258 0.967296 0.970156 0.973277 0.976135 0.979616 0.981839 0.984119 0.985978 0.987366 0.988382 0.988636 0.989301 0.989528 0.989840 0.989865 0.989952 0.990456 0.990337 0.990345 0.990951 0.991063 0.991721 0.991775 0.992681 0.992216 0.992727 0.993439 0.994274 0.994713))
(time 0)
(channel green)
(curve
   (curve-type smooth)
   (n-points 17)
   (points 34 -1.0 -1.0 -1.0 -1.0 -1.0 -1.0 -1.0 -1.0 -1.0 -1.0 -1.0 -1.0 -1.0 -1.0 -1.0 -1.0 -1.0 -1.0 -1.0 -1.0 -1.0 -1.0 -1.0 -1.0 -1.0 -1.0 -1.0 -1.0 -1.0 -1.0 -1.0 -1.0 -1.0 -1.0)
(n-samples 256)
(samples 256  0.002143 0.002465 0.003337 0.003892 0.005017 0.006200 0.007404 0.008894 0.010705 0.012374 0.013794 0.015357 0.017389 0.019198 0.020898 0.023159 0.024572 0.026472 0.028426 0.030186 0.031946 0.033884 0.035861 0.037396 0.039632 0.041902 0.043471 0.045263 0.047681 0.049185 0.052116 0.054290 0.055985 0.058157 0.060112 0.062410 0.064641 0.066764 0.069516 0.071645 0.074344 0.076361 0.078880 0.081578 0.083963 0.086238 0.088628 0.092055 0.094655 0.097141 0.099859 0.102465 0.105714 0.108910 0.111627 0.114317 0.118305 0.120884 0.124522 0.127956 0.130925 0.134081 0.137949 0.141429 0.145294 0.148268 0.151910 0.155998 0.159888 0.163795 0.166876 0.170860 0.175987 0.179227 0.183334 0.187665 0.191640 0.195948 0.200147 0.204914 0.208989 0.213265 0.218147 0.222941 0.227343 0.231603 0.235855 0.239839 0.247135 0.250909 0.255841 0.260843 0.265836 0.270209 0.275948 0.281144 0.285919 0.290443 0.296015 0.301811 0.306739 0.311426 0.316779 0.322839 0.328527 0.333310 0.338769 0.344305 0.349550 0.355266 0.360811 0.367342 0.372671 0.378424 0.383325 0.390194 0.396083 0.401342 0.407193 0.412503 0.419536 0.425276 0.431149 0.436702 0.442018 0.448589 0.454775 0.460445 0.466145 0.472403 0.478174 0.484108 0.491092 0.496665 0.502309 0.507901 0.514188 0.520451 0.525787 0.531856 0.537418 0.543934 0.550186 0.555421 0.560977 0.567492 0.573489 0.578172 0.584527 0.590932 0.596191 0.601868 0.607585 0.613433 0.619521 0.625023 0.630576 0.635700 0.641843 0.647644 0.652656 0.657862 0.663379 0.667224 0.675100 0.679876 0.685533 0.690292 0.694572 0.699541 0.705058 0.710216 0.715562 0.720472 0.725287 0.729917 0.734596 0.739835 0.744549 0.749142 0.753162 0.757346 0.762562 0.767310 0.770984 0.775398 0.779761 0.783210 0.788434 0.792681 0.796346 0.800374 0.803751 0.808586 0.812257 0.816311 0.819608 0.822896 0.826930 0.830146 0.834653 0.837755 0.841400 0.844889 0.848068 0.851632 0.855665 0.858208 0.861611 0.865178 0.868129 0.872397 0.875400 0.878571 0.881750 0.884089 0.887218 0.891682 0.894275 0.896875 0.900144 0.903241 0.906593 0.909546 0.912948 0.915143 0.917492 0.921317 0.924220 0.927420 0.930871 0.933585 0.936649 0.938860 0.942148 0.945350 0.948065 0.950471 0.954152 0.956946 0.959993 0.962946 0.964961 0.968315 0.970771 0.972544 0.976388 0.978808 0.981168 0.983463 0.985236 0.987149 0.990359 0.992029 0.993641 0.994403))
(time 0)
(channel blue)
(curve
   (curve-type smooth)
   (n-points 17)
   (points 34 -1.0 -1.0 -1.0 -1.0 -1.0 -1.0 -1.0 -1.0 -1.0 -1.0 -1.0 -1.0 -1.0 -1.0 -1.0 -1.0 -1.0 -1.0 -1.0 -1.0 -1.0 -1.0 -1.0 -1.0 -1.0 -1.0 -1.0 -1.0 -1.0 -1.0 -1.0 -1.0 -1.0 -1.0)
(n-samples 256)
(samples 256  0.001945 0.001936 0.002264 0.002613 0.003583 0.004576 0.005944 0.007447 0.009144 0.011156 0.012813 0.014612 0.016102 0.018338 0.020023 0.022392 0.024274 0.026396 0.028236 0.030295 0.032126 0.034202 0.036426 0.038855 0.041039 0.043116 0.045114 0.047172 0.049589 0.052066 0.055004 0.057235 0.059585 0.062321 0.064781 0.067348 0.069580 0.072528 0.074985 0.078328 0.081190 0.084053 0.086896 0.089415 0.092234 0.095501 0.098472 0.101721 0.104690 0.107713 0.111317 0.114427 0.118239 0.121504 0.124654 0.128285 0.132296 0.135524 0.139281 0.142964 0.147043 0.151297 0.155804 0.159487 0.163468 0.167128 0.171612 0.175818 0.179804 0.184073 0.188460 0.193157 0.197813 0.202335 0.206837 0.211313 0.215595 0.220004 0.224551 0.228950 0.233416 0.238956 0.243412 0.247959 0.252371 0.256717 0.261744 0.267306 0.272016 0.277160 0.281560 0.285958 0.291691 0.297221 0.302207 0.306258 0.310709 0.316003 0.321758 0.326784 0.331474 0.336122 0.341432 0.346943 0.352361 0.357027 0.362212 0.367011 0.372603 0.378103 0.383292 0.388523 0.392832 0.398580 0.403606 0.409598 0.414479 0.419133 0.424321 0.430150 0.435688 0.441067 0.445835 0.450952 0.456490 0.462215 0.468064 0.473048 0.478284 0.483419 0.488392 0.494403 0.500226 0.504891 0.510151 0.515714 0.521569 0.526964 0.532205 0.536942 0.542304 0.547819 0.553360 0.558622 0.563856 0.568622 0.574328 0.579285 0.584323 0.589830 0.595032 0.599688 0.604625 0.610059 0.615622 0.619909 0.624870 0.629374 0.634960 0.639861 0.644963 0.649103 0.653688 0.658861 0.663156 0.668552 0.672970 0.676994 0.681293 0.685800 0.690834 0.694997 0.699405 0.703642 0.706340 0.712230 0.716347 0.721380 0.725507 0.728921 0.732574 0.737348 0.741448 0.746241 0.750580 0.753760 0.757498 0.762249 0.767525 0.771953 0.775280 0.778863 0.781429 0.785939 0.789846 0.793128 0.795735 0.798415 0.802196 0.805324 0.808173 0.811938 0.813681 0.817134 0.820280 0.824624 0.827575 0.830253 0.834013 0.836771 0.841527 0.845341 0.847784 0.851358 0.853573 0.858006 0.863615 0.867468 0.872547 0.874613 0.877660 0.881290 0.886036 0.891117 0.897073 0.898147 0.903053 0.907247 0.912808 0.915088 0.920584 0.923423 0.925865 0.930723 0.935758 0.939104 0.941289 0.945271 0.948270 0.951757 0.953312 0.957636 0.962766 0.964352 0.966576 0.969440 0.970692 0.974748 0.975670 0.978331 0.980693 0.982828 0.983649 0.986173 0.987508 0.989999))
