# GIMP curves tool settings

(time 0)
(channel value)
(curve
       (curve-type free)
       (n-points 17)
       (points 34 -1.0 -1.0 -1.0 -1.0 -1.0 -1.0 -1.0 -1.0 -1.0 -1.0 -1.0 -1.0 -1.0 -1.0 -1.0 -1.0 -1.0 -1.0 -1.0 -1.0 -1.0 -1.0 -1.0 -1.0 -1.0 -1.0 -1.0 -1.0 -1.0 -1.0 -1.0 -1.0 -1.0 -1.0)
       (n-samples 256)
       (samples 256 0.000000 0.003922 0.007843 0.011765 0.015686 0.019608 0.023529 0.027451 0.031373 0.035294 0.039216 0.043137 0.047059 0.050980 0.054902 0.058824 0.062745 0.066667 0.070588 0.074510 0.078431 0.082353 0.086275 0.090196 0.094118 0.098039 0.101961 0.105882 0.109804 0.113725 0.117647 0.121569 0.125490 0.129412 0.133333 0.137255 0.141176 0.145098 0.149020 0.152941 0.156863 0.160784 0.164706 0.168627 0.172549 0.176471 0.180392 0.184314 0.188235 0.192157 0.196078 0.200000 0.203922 0.207843 0.211765 0.215686 0.219608 0.223529 0.227451 0.231373 0.235294 0.239216 0.243137 0.247059 0.250980 0.254902 0.258824 0.262745 0.266667 0.270588 0.274510 0.278431 0.282353 0.286275 0.290196 0.294118 0.298039 0.301961 0.305882 0.309804 0.313725 0.317647 0.321569 0.325490 0.329412 0.333333 0.337255 0.341176 0.345098 0.349020 0.352941 0.356863 0.360784 0.364706 0.368627 0.372549 0.376471 0.380392 0.384314 0.388235 0.392157 0.396078 0.400000 0.403922 0.407843 0.411765 0.415686 0.419608 0.423529 0.427451 0.431373 0.435294 0.439216 0.443137 0.447059 0.450980 0.454902 0.458824 0.462745 0.466667 0.470588 0.474510 0.478431 0.482353 0.486275 0.490196 0.494118 0.498039 0.501961 0.505882 0.509804 0.513725 0.517647 0.521569 0.525490 0.529412 0.533333 0.537255 0.541176 0.545098 0.549020 0.552941 0.556863 0.560784 0.564706 0.568627 0.572549 0.576471 0.580392 0.584314 0.588235 0.592157 0.596078 0.600000 0.603922 0.607843 0.611765 0.615686 0.619608 0.623529 0.627451 0.631373 0.635294 0.639216 0.643137 0.647059 0.650980 0.654902 0.658824 0.662745 0.666667 0.670588 0.674510 0.678431 0.682353 0.686275 0.690196 0.694118 0.698039 0.701961 0.705882 0.709804 0.713725 0.717647 0.721569 0.725490 0.729412 0.733333 0.737255 0.741176 0.745098 0.749020 0.752941 0.756863 0.760784 0.764706 0.768627 0.772549 0.776471 0.780392 0.784314 0.788235 0.792157 0.796078 0.800000 0.803922 0.807843 0.811765 0.815686 0.819608 0.823529 0.827451 0.831373 0.835294 0.839216 0.843137 0.847059 0.850980 0.854902 0.858824 0.862745 0.866667 0.870588 0.874510 0.878431 0.882353 0.886275 0.890196 0.894118 0.898039 0.901961 0.905882 0.909804 0.913725 0.917647 0.921569 0.925490 0.929412 0.933333 0.937255 0.941176 0.945098 0.949020 0.952941 0.956863 0.960784 0.964706 0.968627 0.972549 0.976471 0.980392 0.984314 0.988235 0.992157 0.996078 1.000000))
(time 0)
(channel red)
(curve
       (curve-type free)
       (n-points 17)
       (points 34 -1.0 -1.0 -1.0 -1.0 -1.0 -1.0 -1.0 -1.0 -1.0 -1.0 -1.0 -1.0 -1.0 -1.0 -1.0 -1.0 -1.0 -1.0 -1.0 -1.0 -1.0 -1.0 -1.0 -1.0 -1.0 -1.0 -1.0 -1.0 -1.0 -1.0 -1.0 -1.0 -1.0 -1.0)
       (n-samples 256)
       (samples 256 0.069881 0.072418 0.080830 0.080042 0.080686 0.081582 0.081526 0.081406 0.082296 0.083632 0.084135 0.088085 0.088681 0.088712 0.090333 0.092663 0.093643 0.095918 0.097716 0.100984 0.102193 0.105019 0.107551 0.110294 0.112048 0.115752 0.117562 0.119222 0.121523 0.124802 0.128282 0.130764 0.133218 0.136482 0.139742 0.142837 0.145546 0.148811 0.151373 0.155584 0.157666 0.161509 0.165480 0.168808 0.170977 0.174125 0.177265 0.179748 0.182376 0.185311 0.188968 0.193367 0.195415 0.199050 0.200461 0.204734 0.209801 0.210763 0.214027 0.216828 0.221934 0.221280 0.226862 0.227594 0.233602 0.238377 0.241591 0.243410 0.246397 0.251160 0.251781 0.255310 0.259267 0.262253 0.266188 0.270308 0.271379 0.274674 0.276623 0.281168 0.284406 0.287063 0.291401 0.294321 0.295254 0.300860 0.302773 0.306290 0.309610 0.312058 0.314061 0.317915 0.319331 0.323075 0.326600 0.326858 0.331671 0.334486 0.335746 0.339494 0.340751 0.344019 0.347309 0.350239 0.352739 0.355100 0.359337 0.360472 0.357544 0.358767 0.361892 0.361929 0.364209 0.365037 0.367606 0.374249 0.377236 0.373469 0.376602 0.379424 0.381352 0.384980 0.389540 0.387158 0.389153 0.387613 0.388446 0.386672 0.382626 0.386508 0.392795 0.397486 0.401019 0.404354 0.410940 0.416436 0.420846 0.423871 0.431637 0.432884 0.437793 0.444151 0.445985 0.449953 0.457982 0.461345 0.467312 0.472882 0.475625 0.480854 0.484260 0.489183 0.492605 0.496842 0.499035 0.503084 0.507035 0.510665 0.515299 0.518238 0.523063 0.525459 0.528272 0.534242 0.537300 0.541155 0.544966 0.550725 0.553754 0.559466 0.563363 0.566002 0.568861 0.573209 0.581942 0.582791 0.586381 0.591392 0.596454 0.594455 0.602754 0.605491 0.610739 0.614440 0.620708 0.620779 0.624268 0.626754 0.633327 0.636518 0.640499 0.642509 0.649558 0.658526 0.661141 0.665388 0.669159 0.671520 0.682459 0.682156 0.687292 0.692286 0.697453 0.701871 0.706358 0.713566 0.719254 0.720503 0.725987 0.732688 0.737878 0.741394 0.746443 0.753580 0.758771 0.760815 0.766670 0.770409 0.775991 0.783551 0.783814 0.791539 0.796712 0.801394 0.805145 0.814306 0.813600 0.822261 0.824891 0.827328 0.836036 0.842775 0.845245 0.851225 0.858127 0.863319 0.867794 0.868143 0.873235 0.870173 0.872584 0.891282 0.880927 0.886822 0.900230 0.894313 0.892772 0.903592 0.921426 0.920243 0.917759 0.923984 0.944810 0.931486 0.934381 0.905459))
(time 0)
(channel green)
(curve
       (curve-type free)
       (n-points 17)
       (points 34 -1.0 -1.0 -1.0 -1.0 -1.0 -1.0 -1.0 -1.0 -1.0 -1.0 -1.0 -1.0 -1.0 -1.0 -1.0 -1.0 -1.0 -1.0 -1.0 -1.0 -1.0 -1.0 -1.0 -1.0 -1.0 -1.0 -1.0 -1.0 -1.0 -1.0 -1.0 -1.0 -1.0 -1.0)
       (n-samples 256)
       (samples 256 0.014280 0.015959 0.014990 0.015426 0.017260 0.019110 0.020967 0.022979 0.024662 0.026390 0.027392 0.029589 0.031186 0.033099 0.035301 0.038435 0.040787 0.042739 0.044945 0.047476 0.048677 0.051526 0.054608 0.056924 0.059784 0.061754 0.063468 0.066435 0.068784 0.073715 0.075069 0.077147 0.080117 0.081554 0.083946 0.086595 0.089519 0.091172 0.093157 0.095689 0.098240 0.099323 0.103298 0.105636 0.107973 0.110197 0.113477 0.115383 0.117434 0.121637 0.124336 0.124518 0.129717 0.132322 0.135446 0.140892 0.144391 0.147407 0.150845 0.154601 0.157868 0.160806 0.167831 0.171178 0.173005 0.178693 0.181068 0.186300 0.191026 0.194164 0.196302 0.199546 0.203528 0.209476 0.210719 0.216159 0.218662 0.219360 0.226115 0.230118 0.232676 0.237241 0.238433 0.241912 0.245617 0.247405 0.251247 0.256899 0.258310 0.259933 0.264713 0.266523 0.271940 0.273342 0.276563 0.279823 0.282449 0.287127 0.290706 0.295976 0.298354 0.300735 0.304461 0.307894 0.311077 0.315095 0.318074 0.322047 0.324942 0.327832 0.328629 0.333463 0.337291 0.338437 0.341272 0.343333 0.347131 0.348483 0.353090 0.356925 0.359517 0.361989 0.364725 0.371159 0.372881 0.375235 0.379632 0.382268 0.387481 0.393000 0.396359 0.398685 0.404262 0.406466 0.413219 0.417656 0.417526 0.423458 0.429330 0.431562 0.438971 0.443311 0.448543 0.453099 0.455750 0.461596 0.466548 0.472382 0.477980 0.484016 0.485362 0.491176 0.496019 0.505475 0.508293 0.514232 0.522009 0.526784 0.534181 0.542118 0.555643 0.581136 0.597758 0.605094 0.614945 0.619749 0.634679 0.636331 0.639787 0.643731 0.670578 0.694473 0.694167 0.695458 0.687559 0.695841 0.695967 0.709801 0.713253 0.720903 0.729710 0.729004 0.748907 0.761839 0.773546 0.778740 0.786750 0.798198 0.813116 0.816436 0.825236 0.826294 0.835433 0.840545 0.836489 0.835416 0.838109 0.839287 0.842415 0.840595 0.833606 0.835747 0.844054 0.846387 0.852368 0.853010 0.858291 0.864161 0.869969 0.868230 0.872540 0.877462 0.879681 0.883409 0.885159 0.883262 0.887735 0.897698 0.896352 0.901129 0.909634 0.912952 0.912858 0.917276 0.922568 0.920894 0.934314 0.929957 0.934253 0.945514 0.945208 0.939449 0.940771 0.945432 0.945880 0.940716 0.945656 0.927005 0.927502 0.928902 0.946480 0.911063 0.907843 0.925743 0.936341 0.903195 0.912675 0.940916 0.934715 0.946918 0.927339 0.926432 0.925797 0.945443 0.857311 0.941794))
(time 0)
(channel blue)
(curve
       (curve-type free)
       (n-points 17)
       (points 34 -1.0 -1.0 -1.0 -1.0 -1.0 -1.0 -1.0 -1.0 -1.0 -1.0 -1.0 -1.0 -1.0 -1.0 -1.0 -1.0 -1.0 -1.0 -1.0 -1.0 -1.0 -1.0 -1.0 -1.0 -1.0 -1.0 -1.0 -1.0 -1.0 -1.0 -1.0 -1.0 -1.0 -1.0)
       (n-samples 256)
       (samples 256 0.032412 0.048738 0.050830 0.053385 0.055483 0.055546 0.058987 0.060604 0.061574 0.063693 0.065804 0.067447 0.070333 0.073423 0.075278 0.077310 0.080094 0.082684 0.085496 0.087034 0.090098 0.090481 0.093662 0.095879 0.097736 0.101606 0.102875 0.105736 0.107980 0.111115 0.114010 0.116404 0.119253 0.120905 0.123473 0.127559 0.128796 0.132722 0.135072 0.137045 0.141778 0.145946 0.147819 0.151011 0.154498 0.157205 0.160675 0.164424 0.167027 0.170739 0.174332 0.177289 0.181899 0.186263 0.186510 0.191638 0.196452 0.199796 0.203606 0.206687 0.209051 0.214428 0.218535 0.219997 0.223929 0.226861 0.228568 0.233178 0.236276 0.239305 0.243583 0.245478 0.250964 0.253753 0.257060 0.262093 0.264161 0.268012 0.271352 0.273459 0.276691 0.281411 0.282617 0.288075 0.290992 0.293413 0.296784 0.300931 0.305104 0.309827 0.311852 0.315894 0.319232 0.324326 0.327398 0.331100 0.334698 0.338872 0.342321 0.346276 0.350764 0.355193 0.360393 0.363154 0.367521 0.371354 0.376943 0.380841 0.386797 0.390492 0.394954 0.400029 0.405601 0.411875 0.415754 0.420979 0.427617 0.431714 0.440264 0.443625 0.445254 0.452379 0.457071 0.461024 0.467557 0.472482 0.474507 0.480473 0.486024 0.490488 0.495616 0.501627 0.506084 0.512286 0.515599 0.522953 0.526688 0.528623 0.535139 0.540613 0.545649 0.551275 0.555419 0.560435 0.566110 0.570583 0.577102 0.579295 0.587109 0.589333 0.596316 0.598160 0.603054 0.608624 0.612297 0.615884 0.623540 0.627334 0.633098 0.636500 0.644666 0.647134 0.654666 0.657725 0.662264 0.667981 0.673976 0.678190 0.681703 0.687085 0.691932 0.698622 0.707201 0.710322 0.712401 0.720814 0.725924 0.727289 0.735977 0.745122 0.749352 0.754379 0.759265 0.762871 0.770172 0.769849 0.778474 0.786036 0.788458 0.791683 0.797567 0.799871 0.803551 0.807488 0.814973 0.822756 0.824291 0.827145 0.835099 0.841090 0.841651 0.845863 0.845439 0.862211 0.858330 0.864784 0.868939 0.878749 0.882266 0.874621 0.882045 0.882600 0.900311 0.892789 0.902813 0.910309 0.902651 0.901307 0.920005 0.910434 0.915855 0.923421 0.923958 0.932120 0.926387 0.934093 0.936775 0.930959 0.927351 0.925198 0.928103 0.917238 0.915315 0.924600 0.922100 0.921011 0.924174 0.925274 0.923245 0.929644 0.931780 0.931468 0.931183 0.932884 0.932908 0.934961 0.934403 0.934811 0.929432 0.938251 0.935745 0.925437 0.956316 0.957253 0.965423 0.971284))
(time 0)
(channel alpha)
(curve
       (curve-type free)
       (n-points 17)
       (points 34 -1.0 -1.0 -1.0 -1.0 -1.0 -1.0 -1.0 -1.0 -1.0 -1.0 -1.0 -1.0 -1.0 -1.0 -1.0 -1.0 -1.0 -1.0 -1.0 -1.0 -1.0 -1.0 -1.0 -1.0 -1.0 -1.0 -1.0 -1.0 -1.0 -1.0 -1.0 -1.0 -1.0 -1.0)
       (n-samples 256)
       (samples 256 0.000000 0.003922 0.007843 0.011765 0.015686 0.019608 0.023529 0.027451 0.031373 0.035294 0.039216 0.043137 0.047059 0.050980 0.054902 0.058824 0.062745 0.066667 0.070588 0.074510 0.078431 0.082353 0.086275 0.090196 0.094118 0.098039 0.101961 0.105882 0.109804 0.113725 0.117647 0.121569 0.125490 0.129412 0.133333 0.137255 0.141176 0.145098 0.149020 0.152941 0.156863 0.160784 0.164706 0.168627 0.172549 0.176471 0.180392 0.184314 0.188235 0.192157 0.196078 0.200000 0.203922 0.207843 0.211765 0.215686 0.219608 0.223529 0.227451 0.231373 0.235294 0.239216 0.243137 0.247059 0.250980 0.254902 0.258824 0.262745 0.266667 0.270588 0.274510 0.278431 0.282353 0.286275 0.290196 0.294118 0.298039 0.301961 0.305882 0.309804 0.313725 0.317647 0.321569 0.325490 0.329412 0.333333 0.337255 0.341176 0.345098 0.349020 0.352941 0.356863 0.360784 0.364706 0.368627 0.372549 0.376471 0.380392 0.384314 0.388235 0.392157 0.396078 0.400000 0.403922 0.407843 0.411765 0.415686 0.419608 0.423529 0.427451 0.431373 0.435294 0.439216 0.443137 0.447059 0.450980 0.454902 0.458824 0.462745 0.466667 0.470588 0.474510 0.478431 0.482353 0.486275 0.490196 0.494118 0.498039 0.501961 0.505882 0.509804 0.513725 0.517647 0.521569 0.525490 0.529412 0.533333 0.537255 0.541176 0.545098 0.549020 0.552941 0.556863 0.560784 0.564706 0.568627 0.572549 0.576471 0.580392 0.584314 0.588235 0.592157 0.596078 0.600000 0.603922 0.607843 0.611765 0.615686 0.619608 0.623529 0.627451 0.631373 0.635294 0.639216 0.643137 0.647059 0.650980 0.654902 0.658824 0.662745 0.666667 0.670588 0.674510 0.678431 0.682353 0.686275 0.690196 0.694118 0.698039 0.701961 0.705882 0.709804 0.713725 0.717647 0.721569 0.725490 0.729412 0.733333 0.737255 0.741176 0.745098 0.749020 0.752941 0.756863 0.760784 0.764706 0.768627 0.772549 0.776471 0.780392 0.784314 0.788235 0.792157 0.796078 0.800000 0.803922 0.807843 0.811765 0.815686 0.819608 0.823529 0.827451 0.831373 0.835294 0.839216 0.843137 0.847059 0.850980 0.854902 0.858824 0.862745 0.866667 0.870588 0.874510 0.878431 0.882353 0.886275 0.890196 0.894118 0.898039 0.901961 0.905882 0.909804 0.913725 0.917647 0.921569 0.925490 0.929412 0.933333 0.937255 0.941176 0.945098 0.949020 0.952941 0.956863 0.960784 0.964706 0.968627 0.972549 0.976471 0.980392 0.984314 0.988235 0.992157 0.996078 1.000000))
# end of curves tool settings
