# GIMP curves tool settings
(time 0)
(channel value)
(curve
   (curve-type smooth)
   (n-points 17)
   (points 34 -1.0 -1.0 -1.0 -1.0 -1.0 -1.0 -1.0 -1.0 -1.0 -1.0 -1.0 -1.0 -1.0 -1.0 -1.0 -1.0 -1.0 -1.0 -1.0 -1.0 -1.0 -1.0 -1.0 -1.0 -1.0 -1.0 -1.0 -1.0 -1.0 -1.0 -1.0 -1.0 -1.0 -1.0)
(n-samples 256)
(samples 256  0.000000 0.003922 0.007843 0.011765 0.015686 0.019608 0.023529 0.027451 0.031373 0.035294 0.039216 0.043137 0.047059 0.050980 0.054902 0.058824 0.062745 0.066667 0.070588 0.074510 0.078431 0.082353 0.086275 0.090196 0.094118 0.098039 0.101961 0.105882 0.109804 0.113725 0.117647 0.121569 0.125490 0.129412 0.133333 0.137255 0.141176 0.145098 0.149020 0.152941 0.156863 0.160784 0.164706 0.168627 0.172549 0.176471 0.180392 0.184314 0.188235 0.192157 0.196078 0.200000 0.203922 0.207843 0.211765 0.215686 0.219608 0.223529 0.227451 0.231373 0.235294 0.239216 0.243137 0.247059 0.250980 0.254902 0.258824 0.262745 0.266667 0.270588 0.274510 0.278431 0.282353 0.286275 0.290196 0.294118 0.298039 0.301961 0.305882 0.309804 0.313725 0.317647 0.321569 0.325490 0.329412 0.333333 0.337255 0.341176 0.345098 0.349020 0.352941 0.356863 0.360784 0.364706 0.368627 0.372549 0.376471 0.380392 0.384314 0.388235 0.392157 0.396078 0.400000 0.403922 0.407843 0.411765 0.415686 0.419608 0.423529 0.427451 0.431373 0.435294 0.439216 0.443137 0.447059 0.450980 0.454902 0.458824 0.462745 0.466667 0.470588 0.474510 0.478431 0.482353 0.486275 0.490196 0.494118 0.498039 0.501961 0.505882 0.509804 0.513725 0.517647 0.521569 0.525490 0.529412 0.533333 0.537255 0.541176 0.545098 0.549020 0.552941 0.556863 0.560784 0.564706 0.568627 0.572549 0.576471 0.580392 0.584314 0.588235 0.592157 0.596078 0.600000 0.603922 0.607843 0.611765 0.615686 0.619608 0.623529 0.627451 0.631373 0.635294 0.639216 0.643137 0.647059 0.650980 0.654902 0.658824 0.662745 0.666667 0.670588 0.674510 0.678431 0.682353 0.686275 0.690196 0.694118 0.698039 0.701961 0.705882 0.709804 0.713725 0.717647 0.721569 0.725490 0.729412 0.733333 0.737255 0.741176 0.745098 0.749020 0.752941 0.756863 0.760784 0.764706 0.768627 0.772549 0.776471 0.780392 0.784314 0.788235 0.792157 0.796078 0.800000 0.803922 0.807843 0.811765 0.815686 0.819608 0.823529 0.827451 0.831373 0.835294 0.839216 0.843137 0.847059 0.850980 0.854902 0.858824 0.862745 0.866667 0.870588 0.874510 0.878431 0.882353 0.886275 0.890196 0.894118 0.898039 0.901961 0.905882 0.909804 0.913725 0.917647 0.921569 0.925490 0.929412 0.933333 0.937255 0.941176 0.945098 0.949020 0.952941 0.956863 0.960784 0.964706 0.968627 0.972549 0.976471 0.980392 0.984314 0.988235 0.992157 0.996078 1.000000))
(time 0)
(channel red)
(curve
   (curve-type smooth)
   (n-points 17)
   (points 34 -1.0 -1.0 -1.0 -1.0 -1.0 -1.0 -1.0 -1.0 -1.0 -1.0 -1.0 -1.0 -1.0 -1.0 -1.0 -1.0 -1.0 -1.0 -1.0 -1.0 -1.0 -1.0 -1.0 -1.0 -1.0 -1.0 -1.0 -1.0 -1.0 -1.0 -1.0 -1.0 -1.0 -1.0)
(n-samples 256)
(samples 256  0.024861 0.014509 0.017574 0.017184 0.019600 0.019814 0.021750 0.022442 0.025821 0.026394 0.028634 0.030486 0.032851 0.034923 0.037810 0.039212 0.041952 0.044295 0.047152 0.049546 0.051419 0.054158 0.056811 0.058865 0.061681 0.064064 0.066428 0.068656 0.071245 0.074041 0.076463 0.078777 0.081143 0.083492 0.086089 0.088667 0.091274 0.093519 0.095953 0.098814 0.101435 0.103818 0.106717 0.109212 0.112027 0.114535 0.117663 0.120469 0.123492 0.126108 0.129095 0.132206 0.134983 0.138252 0.141038 0.144143 0.147049 0.150124 0.153043 0.156374 0.159145 0.162318 0.165406 0.168564 0.172011 0.174970 0.178381 0.182076 0.185107 0.188539 0.192560 0.195331 0.199520 0.203278 0.206854 0.210998 0.214996 0.218858 0.222963 0.227317 0.231703 0.235894 0.240038 0.245113 0.249440 0.253434 0.258736 0.263897 0.267861 0.272416 0.277538 0.282933 0.287921 0.292329 0.297138 0.302671 0.307754 0.312269 0.317233 0.322497 0.327450 0.332527 0.337343 0.342259 0.347160 0.351493 0.356332 0.361410 0.366072 0.370806 0.375402 0.380251 0.384657 0.389902 0.394734 0.399195 0.403944 0.408984 0.413907 0.418768 0.424488 0.429732 0.434654 0.440764 0.445597 0.451761 0.457922 0.463970 0.469833 0.476605 0.483708 0.490200 0.497715 0.505597 0.512782 0.521017 0.530670 0.538262 0.546911 0.556781 0.565727 0.574927 0.582857 0.591385 0.600022 0.606938 0.614055 0.620213 0.627265 0.632475 0.638531 0.643939 0.649978 0.654803 0.660882 0.665937 0.671444 0.676608 0.681961 0.686680 0.692910 0.697631 0.704480 0.708923 0.715480 0.719939 0.725982 0.731061 0.735356 0.740392 0.745419 0.748918 0.753749 0.757429 0.760330 0.764302 0.767079 0.768084 0.772656 0.775161 0.775274 0.780178 0.782262 0.782028 0.786560 0.788258 0.792043 0.796454 0.800167 0.804448 0.809055 0.814680 0.820244 0.824462 0.828840 0.833606 0.837929 0.841927 0.846126 0.849894 0.855438 0.859583 0.864220 0.868391 0.872777 0.876906 0.881064 0.883752 0.889386 0.892383 0.893706 0.891813 0.891412 0.883998 0.883607 0.892699 0.903351 0.909406 0.920181 0.930131 0.931839 0.913632 0.937104 0.956863 0.964146 0.964270 0.963529 0.978824 0.973529 0.956078 0.981961 1.000000 0.976471 0.988235 0.968627 0.996078 0.984314 0.984314 0.992157 0.992157 0.992157 0.984314 0.984314 0.984314 0.984314 0.984314 0.984314 0.984314 0.984314 0.984314 0.984314 0.984314 0.984314 0.984314 0.984314 0.984314))
(time 0)
(channel green)
(curve
   (curve-type smooth)
   (n-points 17)
   (points 34 -1.0 -1.0 -1.0 -1.0 -1.0 -1.0 -1.0 -1.0 -1.0 -1.0 -1.0 -1.0 -1.0 -1.0 -1.0 -1.0 -1.0 -1.0 -1.0 -1.0 -1.0 -1.0 -1.0 -1.0 -1.0 -1.0 -1.0 -1.0 -1.0 -1.0 -1.0 -1.0 -1.0 -1.0)
(n-samples 256)
(samples 256  0.056515 0.024054 0.013974 0.015512 0.016549 0.017167 0.019972 0.021371 0.023737 0.026671 0.028379 0.032014 0.033776 0.037650 0.039603 0.042348 0.045302 0.048083 0.050943 0.053612 0.056323 0.058945 0.061980 0.064500 0.066983 0.069681 0.072451 0.075011 0.077442 0.080251 0.082858 0.085578 0.088504 0.090881 0.093799 0.096335 0.099276 0.101961 0.105055 0.107809 0.111106 0.113815 0.117094 0.119965 0.122857 0.126058 0.128738 0.131908 0.134899 0.137616 0.140744 0.143401 0.146254 0.149276 0.152013 0.155014 0.158113 0.161109 0.163846 0.167252 0.170430 0.173095 0.176618 0.179823 0.182874 0.185919 0.189542 0.192608 0.195742 0.199008 0.202634 0.206173 0.209738 0.213170 0.217232 0.221134 0.225069 0.229003 0.233050 0.237383 0.241839 0.246258 0.250563 0.255050 0.259770 0.264638 0.269409 0.274245 0.278921 0.283437 0.288313 0.292849 0.297640 0.302164 0.306667 0.310996 0.315239 0.319601 0.323698 0.327844 0.331870 0.335979 0.339926 0.344084 0.347509 0.351253 0.355184 0.359022 0.362628 0.366721 0.370570 0.374727 0.378746 0.383457 0.388000 0.392462 0.396924 0.401510 0.406239 0.411123 0.415809 0.421500 0.425642 0.431101 0.436062 0.441182 0.446128 0.451557 0.456761 0.461864 0.467523 0.472328 0.477778 0.483106 0.488045 0.492789 0.497637 0.502594 0.507639 0.511785 0.517278 0.522173 0.527240 0.532526 0.538587 0.543969 0.550284 0.557699 0.565871 0.574077 0.582256 0.590566 0.596758 0.603814 0.609541 0.615761 0.621762 0.628074 0.633382 0.639912 0.645000 0.650509 0.656142 0.661639 0.667126 0.672222 0.677543 0.682695 0.687834 0.692888 0.698063 0.703278 0.707974 0.712259 0.717074 0.721555 0.725269 0.728540 0.731862 0.735895 0.739429 0.743844 0.747913 0.751570 0.754469 0.757268 0.760065 0.763355 0.766060 0.770402 0.774006 0.778360 0.782431 0.786686 0.793519 0.797861 0.802657 0.806864 0.809252 0.812722 0.812876 0.820746 0.821919 0.823595 0.825107 0.827245 0.830907 0.832430 0.839776 0.843723 0.851151 0.850118 0.850340 0.850034 0.855490 0.854496 0.870588 0.876961 0.899608 0.919608 0.919608 0.984314 0.903922 0.949020 0.949020 0.941176 0.941176 0.941176 0.941176 0.941176 0.941176 0.941176 0.941176 0.941176 0.941176 0.941176 0.941176 0.941176 0.941176 0.941176 0.941176 0.941176 0.941176 0.941176 0.941176 0.941176 0.941176 0.941176 0.941176 0.941176 0.941176 0.941176 0.941176 0.941176 0.941176 0.941176))
(time 0)
(channel blue)
(curve
   (curve-type smooth)
   (n-points 17)
   (points 34 -1.0 -1.0 -1.0 -1.0 -1.0 -1.0 -1.0 -1.0 -1.0 -1.0 -1.0 -1.0 -1.0 -1.0 -1.0 -1.0 -1.0 -1.0 -1.0 -1.0 -1.0 -1.0 -1.0 -1.0 -1.0 -1.0 -1.0 -1.0 -1.0 -1.0 -1.0 -1.0 -1.0 -1.0)
(n-samples 256)
(samples 256  0.021249 0.015513 0.015136 0.016468 0.018021 0.019438 0.021658 0.023808 0.026601 0.029064 0.031537 0.034183 0.036943 0.039654 0.042264 0.044855 0.047445 0.050142 0.052742 0.055318 0.057769 0.060282 0.062824 0.065447 0.067879 0.070278 0.072746 0.075239 0.077460 0.079862 0.082043 0.084433 0.086592 0.088684 0.090749 0.092947 0.095029 0.097036 0.099020 0.100978 0.103151 0.105104 0.107137 0.108939 0.110961 0.112996 0.115042 0.117375 0.119515 0.121707 0.123998 0.126351 0.128659 0.131057 0.133519 0.136201 0.138825 0.141420 0.144100 0.147110 0.150055 0.152953 0.156369 0.159529 0.163101 0.166386 0.169847 0.173531 0.176636 0.180084 0.183432 0.186843 0.190036 0.193448 0.196624 0.200335 0.203893 0.206887 0.210253 0.213562 0.217216 0.220038 0.223273 0.226317 0.229689 0.232063 0.235256 0.237679 0.240444 0.242762 0.245233 0.247285 0.249369 0.251962 0.254012 0.256138 0.258232 0.261073 0.263363 0.265599 0.268369 0.271019 0.274032 0.276534 0.279216 0.281912 0.285123 0.288067 0.291139 0.294042 0.297165 0.300580 0.303605 0.307081 0.310182 0.313318 0.317044 0.320150 0.323514 0.327706 0.331055 0.334733 0.337972 0.342674 0.346373 0.350368 0.354335 0.358803 0.362846 0.367515 0.372629 0.377026 0.380862 0.386054 0.389903 0.395045 0.398633 0.403364 0.407402 0.410844 0.414636 0.418256 0.422651 0.425737 0.428402 0.432438 0.436480 0.439400 0.442649 0.446776 0.449839 0.453378 0.457914 0.462028 0.465864 0.470455 0.475378 0.479705 0.484862 0.490052 0.494911 0.500219 0.505692 0.510617 0.515566 0.520461 0.524992 0.529137 0.533363 0.537925 0.542349 0.547001 0.551559 0.556101 0.560581 0.565040 0.569449 0.574740 0.580060 0.584930 0.589512 0.593680 0.598530 0.603411 0.607959 0.611823 0.614940 0.618784 0.623448 0.628934 0.633349 0.637438 0.642163 0.646656 0.649277 0.651485 0.653779 0.656233 0.653811 0.653310 0.645489 0.639309 0.640620 0.650237 0.648592 0.661511 0.673896 0.681413 0.703453 0.694444 0.700626 0.695529 0.712663 0.720415 0.721948 0.725303 0.727059 0.739216 0.748148 0.770588 0.768627 0.772549 0.772549 0.772549 0.772549 0.772549 0.772549 0.772549 0.772549 0.772549 0.772549 0.772549 0.772549 0.772549 0.772549 0.772549 0.772549 0.772549 0.772549 0.772549 0.772549 0.772549 0.772549 0.772549 0.772549 0.772549 0.772549 0.772549 0.772549 0.772549 0.772549 0.772549 0.772549 0.772549 0.772549 0.772549))
