# GIMP curves tool settings

(time 0)
(channel value)
(curve
    (curve-type smooth)
    (n-points 17)
    (points 34 0.000000 0.000000 -1.000000 -1.000000 0.121569 0.121569 -1.000000 -1.000000 0.247059 0.247059 -1.000000 -1.000000 0.372549 0.372549 -1.000000 -1.000000 0.498039 0.498039 -1.000000 -1.000000 0.623529 0.623529 -1.000000 -1.000000 0.749020 0.749020 -1.000000 -1.000000 0.874510 0.874510 -1.000000 -1.000000 1.000000 1.000000)
    (n-samples 256)
    (samples 256 0.000000 0.003922 0.007843 0.011765 0.015686 0.019608 0.023529 0.027451 0.031373 0.035294 0.039216 0.043137 0.047059 0.050980 0.054902 0.058824 0.062745 0.066667 0.070588 0.074510 0.078431 0.082353 0.086275 0.090196 0.094118 0.098039 0.101961 0.105882 0.109804 0.113725 0.117647 0.121569 0.125491 0.129412 0.133334 0.137255 0.141177 0.145098 0.149020 0.152942 0.156863 0.160785 0.164706 0.168628 0.172549 0.176471 0.180393 0.184314 0.188236 0.192157 0.196079 0.200000 0.203922 0.207844 0.211765 0.215687 0.219608 0.223530 0.227451 0.231373 0.235294 0.239216 0.243138 0.247059 0.250981 0.254902 0.258824 0.262745 0.266667 0.270588 0.274510 0.278432 0.282353 0.286275 0.290196 0.294118 0.298039 0.301961 0.305883 0.309804 0.313726 0.317647 0.321569 0.325490 0.329412 0.333334 0.337255 0.341177 0.345098 0.349020 0.352941 0.356863 0.360784 0.364706 0.368628 0.372549 0.376471 0.380392 0.384314 0.388235 0.392157 0.396078 0.400000 0.403922 0.407843 0.411765 0.415686 0.419608 0.423529 0.427451 0.431373 0.435294 0.439216 0.443137 0.447059 0.450980 0.454902 0.458824 0.462745 0.466667 0.470588 0.474510 0.478431 0.482353 0.486274 0.490196 0.494118 0.498039 0.501961 0.505882 0.509804 0.513725 0.517647 0.521568 0.525490 0.529412 0.533333 0.537255 0.541176 0.545098 0.549019 0.552941 0.556863 0.560784 0.564706 0.568627 0.572549 0.576470 0.580392 0.584314 0.588235 0.592157 0.596078 0.600000 0.603921 0.607843 0.611764 0.615686 0.619608 0.623529 0.627451 0.631372 0.635294 0.639215 0.643137 0.647058 0.650980 0.654902 0.658823 0.662745 0.666666 0.670588 0.674509 0.678431 0.682353 0.686274 0.690196 0.694117 0.698039 0.701960 0.705882 0.709804 0.713725 0.717647 0.721568 0.725490 0.729411 0.733333 0.737254 0.741176 0.745098 0.749020 0.752942 0.756863 0.760785 0.764706 0.768628 0.772549 0.776471 0.780393 0.784314 0.788236 0.792157 0.796079 0.800000 0.803922 0.807844 0.811765 0.815687 0.819608 0.823530 0.827451 0.831373 0.835295 0.839216 0.843138 0.847059 0.850981 0.854902 0.858824 0.862745 0.866667 0.870589 0.874510 0.878432 0.882353 0.886275 0.890196 0.894118 0.898039 0.901961 0.905883 0.909804 0.913726 0.917647 0.921569 0.925490 0.929412 0.933334 0.937255 0.941177 0.945098 0.949020 0.952941 0.956863 0.960785 0.964706 0.968628 0.972549 0.976471 0.980392 0.984314 0.988235 0.992157 0.996079 1.000000))
(time 0)
(channel red)
(curve
    (curve-type smooth)
    (n-points 17)
    (points 34 0.000000 0.007443 -1.000000 -1.000000 0.121569 0.045972 -1.000000 -1.000000 0.247059 0.163281 -1.000000 -1.000000 0.372549 0.300333 -1.000000 -1.000000 0.498039 0.451728 -1.000000 -1.000000 0.623529 0.642665 -1.000000 -1.000000 0.749020 0.790828 -1.000000 -1.000000 0.874510 0.911304 -1.000000 -1.000000 1.000000 0.985086)
    (n-samples 256)
    (samples 256 0.007443 0.008071 0.008703 0.009343 0.009994 0.010661 0.011346 0.012055 0.012791 0.013557 0.014358 0.015198 0.016079 0.017007 0.017985 0.019017 0.020106 0.021256 0.022472 0.023757 0.025116 0.026551 0.028066 0.029666 0.031355 0.033136 0.035012 0.036989 0.039070 0.041258 0.043557 0.045972 0.048510 0.051172 0.053953 0.056849 0.059854 0.062963 0.066170 0.069471 0.072861 0.076333 0.079883 0.083506 0.087197 0.090950 0.094761 0.098623 0.102533 0.106484 0.110472 0.114491 0.118536 0.122602 0.126685 0.130777 0.134876 0.138974 0.143068 0.147151 0.151220 0.155267 0.159290 0.163281 0.167268 0.171278 0.175312 0.179370 0.183450 0.187552 0.191675 0.195820 0.199985 0.204170 0.208375 0.212599 0.216842 0.221103 0.225381 0.229677 0.233989 0.238317 0.242661 0.247021 0.251394 0.255782 0.260184 0.264599 0.269027 0.273466 0.277918 0.282380 0.286854 0.291337 0.295831 0.300333 0.304835 0.309329 0.313817 0.318301 0.322784 0.327267 0.331754 0.336247 0.340747 0.345257 0.349780 0.354318 0.358873 0.363447 0.368043 0.372663 0.377309 0.381984 0.386690 0.391429 0.396203 0.401015 0.405868 0.410763 0.415703 0.420690 0.425726 0.430814 0.435956 0.441154 0.446411 0.451728 0.457135 0.462654 0.468276 0.473995 0.479803 0.485692 0.491655 0.497685 0.503772 0.509912 0.516094 0.522313 0.528561 0.534829 0.541111 0.547399 0.553685 0.559962 0.566223 0.572459 0.578664 0.584829 0.590948 0.597012 0.603014 0.608947 0.614803 0.620575 0.626254 0.631834 0.637307 0.642665 0.647935 0.653151 0.658312 0.663421 0.668480 0.673488 0.678449 0.683362 0.688230 0.693054 0.697835 0.702575 0.707275 0.711937 0.716561 0.721150 0.725704 0.730225 0.734715 0.739174 0.743604 0.748007 0.752384 0.756736 0.761064 0.765371 0.769657 0.773924 0.778173 0.782406 0.786623 0.790828 0.795021 0.799204 0.803374 0.807532 0.811673 0.815798 0.819903 0.823988 0.828051 0.832089 0.836101 0.840086 0.844042 0.847966 0.851858 0.855715 0.859536 0.863318 0.867061 0.870762 0.874420 0.878033 0.881599 0.885117 0.888585 0.892000 0.895362 0.898668 0.901917 0.905108 0.908237 0.911304 0.914305 0.917241 0.920112 0.922921 0.925670 0.928361 0.930997 0.933580 0.936111 0.938593 0.941028 0.943418 0.945766 0.948072 0.950341 0.952573 0.954770 0.956936 0.959072 0.961180 0.963262 0.965321 0.967358 0.969377 0.971378 0.973364 0.975337 0.977300 0.979254 0.981201 0.983145 0.985086))
(time 0)
(channel green)
(curve
    (curve-type smooth)
    (n-points 17)
    (points 34 0.000000 0.007990 -1.000000 -1.000000 0.121569 0.068912 -1.000000 -1.000000 0.247059 0.177238 -1.000000 -1.000000 0.372549 0.292937 -1.000000 -1.000000 0.498039 0.456546 -1.000000 -1.000000 0.623529 0.614212 -1.000000 -1.000000 0.749020 0.763930 -1.000000 -1.000000 0.874510 0.879813 -1.000000 -1.000000 1.000000 0.989835)
    (n-samples 256)
    (samples 256 0.007990 0.009595 0.011202 0.012814 0.014432 0.016060 0.017699 0.019351 0.021019 0.022705 0.024411 0.026140 0.027894 0.029674 0.031484 0.033325 0.035201 0.037112 0.039061 0.041051 0.043084 0.045162 0.047287 0.049461 0.051688 0.053968 0.056305 0.058700 0.061156 0.063675 0.066260 0.068912 0.071638 0.074441 0.077317 0.080263 0.083275 0.086350 0.089485 0.092677 0.095921 0.099214 0.102553 0.105935 0.109356 0.112813 0.116302 0.119819 0.123363 0.126928 0.130512 0.134111 0.137721 0.141341 0.144965 0.148590 0.152214 0.155832 0.159442 0.163039 0.166621 0.170183 0.173724 0.177238 0.180723 0.184179 0.187610 0.191020 0.194412 0.197791 0.201159 0.204521 0.207881 0.211241 0.214606 0.217980 0.221365 0.224767 0.228188 0.231632 0.235104 0.238606 0.242142 0.245717 0.249333 0.252995 0.256707 0.260471 0.264292 0.268173 0.272119 0.276132 0.280217 0.284377 0.288616 0.292937 0.297350 0.301858 0.306455 0.311136 0.315897 0.320733 0.325639 0.330610 0.335641 0.340726 0.345862 0.351043 0.356264 0.361520 0.366807 0.372119 0.377451 0.382799 0.388158 0.393523 0.398888 0.404249 0.409601 0.414939 0.420258 0.425553 0.430819 0.436052 0.441246 0.446396 0.451498 0.456546 0.461564 0.466578 0.471588 0.476593 0.481594 0.486590 0.491581 0.496567 0.501547 0.506522 0.511492 0.516455 0.521413 0.526364 0.531309 0.536247 0.541179 0.546103 0.551021 0.555931 0.560833 0.565728 0.570615 0.575494 0.580365 0.585227 0.590080 0.594925 0.599761 0.604587 0.609405 0.614212 0.619023 0.623850 0.628689 0.633538 0.638396 0.643259 0.648126 0.652993 0.657859 0.662721 0.667577 0.672425 0.677262 0.682085 0.686892 0.691682 0.696451 0.701198 0.705919 0.710613 0.715276 0.719908 0.724505 0.729065 0.733586 0.738065 0.742499 0.746888 0.751227 0.755516 0.759750 0.763930 0.768050 0.772113 0.776120 0.780074 0.783979 0.787836 0.791648 0.795417 0.799147 0.802839 0.806496 0.810122 0.813718 0.817286 0.820830 0.824353 0.827855 0.831341 0.834813 0.838273 0.841724 0.845168 0.848609 0.852047 0.855487 0.858931 0.862381 0.865840 0.869310 0.872793 0.876294 0.879813 0.883339 0.886856 0.890365 0.893866 0.897360 0.900847 0.904326 0.907799 0.911266 0.914726 0.918181 0.921629 0.925073 0.928511 0.931945 0.935374 0.938798 0.942219 0.945636 0.949049 0.952459 0.955866 0.959271 0.962673 0.966073 0.969471 0.972868 0.976263 0.979657 0.983050 0.986443 0.989835))
(time 0)
(channel blue)
(curve
    (curve-type smooth)
    (n-points 17)
    (points 34 0.000000 0.025229 -1.000000 -1.000000 0.121569 0.125031 -1.000000 -1.000000 0.247059 0.175905 -1.000000 -1.000000 0.372549 0.291701 -1.000000 -1.000000 0.498039 0.419262 -1.000000 -1.000000 0.623529 0.554352 -1.000000 -1.000000 0.749020 0.715193 -1.000000 -1.000000 0.874510 0.865044 -1.000000 -1.000000 1.000000 0.988098)
    (n-samples 256)
    (samples 256 0.025229 0.028862 0.032492 0.036117 0.039735 0.043342 0.046936 0.050514 0.054075 0.057615 0.061131 0.064622 0.068084 0.071515 0.074913 0.078275 0.081597 0.084879 0.088116 0.091307 0.094449 0.097539 0.100575 0.103554 0.106474 0.109332 0.112125 0.114851 0.117507 0.120091 0.122599 0.125031 0.127343 0.129501 0.131518 0.133402 0.135166 0.136819 0.138372 0.139836 0.141222 0.142540 0.143800 0.145014 0.146193 0.147345 0.148484 0.149618 0.150759 0.151917 0.153103 0.154328 0.155601 0.156935 0.158339 0.159825 0.161402 0.163081 0.164874 0.166790 0.168841 0.171036 0.173388 0.175905 0.178566 0.181338 0.184215 0.187192 0.190266 0.193431 0.196681 0.200013 0.203422 0.206902 0.210448 0.214057 0.217722 0.221439 0.225203 0.229010 0.232854 0.236731 0.240636 0.244563 0.248508 0.252467 0.256433 0.260403 0.264372 0.268334 0.272285 0.276220 0.280134 0.284022 0.287879 0.291701 0.295511 0.299337 0.303177 0.307032 0.310901 0.314783 0.318679 0.322588 0.326509 0.330442 0.334387 0.338344 0.342311 0.346289 0.350278 0.354276 0.358283 0.362300 0.366325 0.370358 0.374400 0.378448 0.382504 0.386567 0.390636 0.394710 0.398791 0.402876 0.406967 0.411061 0.415160 0.419262 0.423361 0.427451 0.431534 0.435612 0.439686 0.443758 0.447829 0.451902 0.455977 0.460057 0.464144 0.468238 0.472342 0.476457 0.480585 0.484727 0.488886 0.493063 0.497259 0.501477 0.505717 0.509982 0.514273 0.518593 0.522942 0.527322 0.531735 0.536182 0.540666 0.545188 0.549750 0.554352 0.559006 0.563717 0.568483 0.573300 0.578164 0.583073 0.588022 0.593009 0.598030 0.603082 0.608161 0.613264 0.618388 0.623529 0.628684 0.633849 0.639022 0.644199 0.649376 0.654550 0.659718 0.664877 0.670022 0.675151 0.680260 0.685347 0.690407 0.695437 0.700434 0.705394 0.710315 0.715193 0.720050 0.724910 0.729771 0.734633 0.739494 0.744353 0.749207 0.754057 0.758899 0.763733 0.768557 0.773370 0.778170 0.782956 0.787727 0.792480 0.797215 0.801931 0.806624 0.811296 0.815942 0.820564 0.825158 0.829723 0.834259 0.838763 0.843234 0.847670 0.852071 0.856435 0.860760 0.865044 0.869289 0.873495 0.877665 0.881800 0.885900 0.889966 0.894001 0.898006 0.901981 0.905927 0.909847 0.913741 0.917610 0.921456 0.925280 0.929083 0.932867 0.936632 0.940380 0.944112 0.947829 0.951533 0.955224 0.958905 0.962575 0.966237 0.969892 0.973541 0.977184 0.980824 0.984462 0.988098))
(time 0)
(channel alpha)
(curve
    (curve-type free)
    (n-points 17)
    (points 34 -1.000000 -1.000000 -1.000000 -1.000000 -1.000000 -1.000000 -1.000000 -1.000000 -1.000000 -1.000000 -1.000000 -1.000000 -1.000000 -1.000000 -1.000000 -1.000000 -1.000000 -1.000000 -1.000000 -1.000000 -1.000000 -1.000000 -1.000000 -1.000000 -1.000000 -1.000000 -1.000000 -1.000000 -1.000000 -1.000000 -1.000000 -1.000000 -1.000000 -1.000000)
    (n-samples 256)
    (samples 256 0.000000 0.003922 0.007843 0.011765 0.015686 0.019608 0.023529 0.027451 0.031373 0.035294 0.039216 0.043137 0.047059 0.050980 0.054902 0.058824 0.062745 0.066667 0.070588 0.074510 0.078431 0.082353 0.086275 0.090196 0.094118 0.098039 0.101961 0.105882 0.109804 0.113725 0.117647 0.121569 0.125490 0.129412 0.133333 0.137255 0.141176 0.145098 0.149020 0.152941 0.156863 0.160784 0.164706 0.168627 0.172549 0.176471 0.180392 0.184314 0.188235 0.192157 0.196078 0.200000 0.203922 0.207843 0.211765 0.215686 0.219608 0.223529 0.227451 0.231373 0.235294 0.239216 0.243137 0.247059 0.250980 0.254902 0.258824 0.262745 0.266667 0.270588 0.274510 0.278431 0.282353 0.286275 0.290196 0.294118 0.298039 0.301961 0.305882 0.309804 0.313725 0.317647 0.321569 0.325490 0.329412 0.333333 0.337255 0.341176 0.345098 0.349020 0.352941 0.356863 0.360784 0.364706 0.368627 0.372549 0.376471 0.380392 0.384314 0.388235 0.392157 0.396078 0.400000 0.403922 0.407843 0.411765 0.415686 0.419608 0.423529 0.427451 0.431373 0.435294 0.439216 0.443137 0.447059 0.450980 0.454902 0.458824 0.462745 0.466667 0.470588 0.474510 0.478431 0.482353 0.486275 0.490196 0.494118 0.498039 0.501961 0.505882 0.509804 0.513725 0.517647 0.521569 0.525490 0.529412 0.533333 0.537255 0.541176 0.545098 0.549020 0.552941 0.556863 0.560784 0.564706 0.568627 0.572549 0.576471 0.580392 0.584314 0.588235 0.592157 0.596078 0.600000 0.603922 0.607843 0.611765 0.615686 0.619608 0.623529 0.627451 0.631373 0.635294 0.639216 0.643137 0.647059 0.650980 0.654902 0.658824 0.662745 0.666667 0.670588 0.674510 0.678431 0.682353 0.686275 0.690196 0.694118 0.698039 0.701961 0.705882 0.709804 0.713725 0.717647 0.721569 0.725490 0.729412 0.733333 0.737255 0.741176 0.745098 0.749020 0.752941 0.756863 0.760784 0.764706 0.768627 0.772549 0.776471 0.780392 0.784314 0.788235 0.792157 0.796078 0.800000 0.803922 0.807843 0.811765 0.815686 0.819608 0.823529 0.827451 0.831373 0.835294 0.839216 0.843137 0.847059 0.850980 0.854902 0.858824 0.862745 0.866667 0.870588 0.874510 0.878431 0.882353 0.886275 0.890196 0.894118 0.898039 0.901961 0.905882 0.909804 0.913725 0.917647 0.921569 0.925490 0.929412 0.933333 0.937255 0.941176 0.945098 0.949020 0.952941 0.956863 0.960784 0.964706 0.968627 0.972549 0.976471 0.980392 0.984314 0.988235 0.992157 0.996078 1.000000))

# end of curves tool settings
