# GIMP curves tool settings

(time 0)
(channel value)
(curve
    (curve-type smooth)
    (n-points 17)
    (points 34 0.000000 0.000000 -1.000000 -1.000000 0.121569 0.121569 -1.000000 -1.000000 0.247059 0.247059 -1.000000 -1.000000 0.372549 0.372549 -1.000000 -1.000000 0.498039 0.498039 -1.000000 -1.000000 0.623529 0.623529 -1.000000 -1.000000 0.749020 0.749020 -1.000000 -1.000000 0.874510 0.874510 -1.000000 -1.000000 1.000000 1.000000)
    (n-samples 256)
    (samples 256 0.000000 0.003922 0.007843 0.011765 0.015686 0.019608 0.023529 0.027451 0.031373 0.035294 0.039216 0.043137 0.047059 0.050980 0.054902 0.058824 0.062745 0.066667 0.070588 0.074510 0.078431 0.082353 0.086275 0.090196 0.094118 0.098039 0.101961 0.105882 0.109804 0.113725 0.117647 0.121569 0.125491 0.129412 0.133334 0.137255 0.141177 0.145098 0.149020 0.152942 0.156863 0.160785 0.164706 0.168628 0.172549 0.176471 0.180393 0.184314 0.188236 0.192157 0.196079 0.200000 0.203922 0.207844 0.211765 0.215687 0.219608 0.223530 0.227451 0.231373 0.235294 0.239216 0.243138 0.247059 0.250981 0.254902 0.258824 0.262745 0.266667 0.270588 0.274510 0.278432 0.282353 0.286275 0.290196 0.294118 0.298039 0.301961 0.305883 0.309804 0.313726 0.317647 0.321569 0.325490 0.329412 0.333334 0.337255 0.341177 0.345098 0.349020 0.352941 0.356863 0.360784 0.364706 0.368628 0.372549 0.376471 0.380392 0.384314 0.388235 0.392157 0.396078 0.400000 0.403922 0.407843 0.411765 0.415686 0.419608 0.423529 0.427451 0.431373 0.435294 0.439216 0.443137 0.447059 0.450980 0.454902 0.458824 0.462745 0.466667 0.470588 0.474510 0.478431 0.482353 0.486274 0.490196 0.494118 0.498039 0.501961 0.505882 0.509804 0.513725 0.517647 0.521568 0.525490 0.529412 0.533333 0.537255 0.541176 0.545098 0.549019 0.552941 0.556863 0.560784 0.564706 0.568627 0.572549 0.576470 0.580392 0.584314 0.588235 0.592157 0.596078 0.600000 0.603921 0.607843 0.611764 0.615686 0.619608 0.623529 0.627451 0.631372 0.635294 0.639215 0.643137 0.647058 0.650980 0.654902 0.658823 0.662745 0.666666 0.670588 0.674509 0.678431 0.682353 0.686274 0.690196 0.694117 0.698039 0.701960 0.705882 0.709804 0.713725 0.717647 0.721568 0.725490 0.729411 0.733333 0.737254 0.741176 0.745098 0.749020 0.752942 0.756863 0.760785 0.764706 0.768628 0.772549 0.776471 0.780393 0.784314 0.788236 0.792157 0.796079 0.800000 0.803922 0.807844 0.811765 0.815687 0.819608 0.823530 0.827451 0.831373 0.835295 0.839216 0.843138 0.847059 0.850981 0.854902 0.858824 0.862745 0.866667 0.870589 0.874510 0.878432 0.882353 0.886275 0.890196 0.894118 0.898039 0.901961 0.905883 0.909804 0.913726 0.917647 0.921569 0.925490 0.929412 0.933334 0.937255 0.941177 0.945098 0.949020 0.952941 0.956863 0.960785 0.964706 0.968628 0.972549 0.976471 0.980392 0.984314 0.988235 0.992157 0.996079 1.000000))
(time 0)
(channel red)
(curve
    (curve-type smooth)
    (n-points 17)
    (points 34 0.000000 0.010964 -1.000000 -1.000000 0.121569 0.081541 -1.000000 -1.000000 0.247059 0.201445 -1.000000 -1.000000 0.372549 0.296051 -1.000000 -1.000000 0.498039 0.385740 -1.000000 -1.000000 0.623529 0.532221 -1.000000 -1.000000 0.749020 0.675420 -1.000000 -1.000000 0.874510 0.824970 -1.000000 -1.000000 1.000000 0.968920)
    (n-samples 256)
    (samples 256 0.010964 0.012868 0.014774 0.016684 0.018602 0.020529 0.022467 0.024420 0.026389 0.028377 0.030385 0.032417 0.034474 0.036560 0.038676 0.040824 0.043008 0.045228 0.047489 0.049791 0.052138 0.054531 0.056973 0.059467 0.062014 0.064617 0.067278 0.070000 0.072785 0.075635 0.078553 0.081541 0.084621 0.087810 0.091100 0.094486 0.097961 0.101519 0.105152 0.108854 0.112619 0.116441 0.120312 0.124225 0.128176 0.132156 0.136160 0.140180 0.144211 0.148245 0.152277 0.156299 0.160305 0.164289 0.168244 0.172163 0.176039 0.179868 0.183640 0.187351 0.190994 0.194561 0.198047 0.201445 0.204775 0.208062 0.211308 0.214515 0.217685 0.220820 0.223921 0.226991 0.230031 0.233043 0.236029 0.238991 0.241931 0.244851 0.247752 0.250637 0.253506 0.256363 0.259209 0.262046 0.264875 0.267699 0.270520 0.273338 0.276157 0.278978 0.281803 0.284634 0.287472 0.290320 0.293179 0.296051 0.298899 0.301688 0.304422 0.307109 0.309753 0.312361 0.314937 0.317488 0.320019 0.322536 0.325044 0.327549 0.330057 0.332573 0.335103 0.337653 0.340229 0.342835 0.345478 0.348163 0.350896 0.353683 0.356529 0.359440 0.362421 0.365479 0.368618 0.371845 0.375165 0.378584 0.382107 0.385740 0.389486 0.393341 0.397299 0.401355 0.405503 0.409737 0.414053 0.418444 0.422905 0.427431 0.432016 0.436655 0.441342 0.446071 0.450838 0.455636 0.460461 0.465306 0.470166 0.475036 0.479909 0.484782 0.489647 0.494501 0.499336 0.504148 0.508931 0.513680 0.518389 0.523052 0.527665 0.532221 0.536741 0.541249 0.545747 0.550234 0.554713 0.559183 0.563646 0.568102 0.572553 0.577000 0.581442 0.585882 0.590319 0.594755 0.599192 0.603628 0.608066 0.612507 0.616951 0.621399 0.625852 0.630311 0.634776 0.639250 0.643732 0.648223 0.652725 0.657238 0.661763 0.666301 0.670853 0.675420 0.680003 0.684603 0.689218 0.693848 0.698492 0.703148 0.707815 0.712492 0.717179 0.721873 0.726575 0.731282 0.735994 0.740710 0.745428 0.750148 0.754868 0.759588 0.764305 0.769020 0.773731 0.778436 0.783135 0.787828 0.792511 0.797185 0.801849 0.806501 0.811140 0.815766 0.820376 0.824970 0.829552 0.834126 0.838692 0.843251 0.847803 0.852347 0.856885 0.861417 0.865942 0.870462 0.874976 0.879485 0.883988 0.888487 0.892981 0.897470 0.901956 0.906437 0.910915 0.915390 0.919862 0.924331 0.928797 0.933261 0.937723 0.942183 0.946641 0.951099 0.955555 0.960010 0.964465 0.968920))
(time 0)
(channel green)
(curve
    (curve-type smooth)
    (n-points 17)
    (points 34 0.000000 0.006789 -1.000000 -1.000000 0.121569 0.056878 -1.000000 -1.000000 0.247059 0.139374 -1.000000 -1.000000 0.372549 0.284004 -1.000000 -1.000000 0.498039 0.391264 -1.000000 -1.000000 0.623529 0.499243 -1.000000 -1.000000 0.749020 0.666367 -1.000000 -1.000000 0.874510 0.787584 -1.000000 -1.000000 1.000000 0.984943)
    (n-samples 256)
    (samples 256 0.006789 0.008161 0.009534 0.010910 0.012291 0.013678 0.015072 0.016476 0.017890 0.019317 0.020757 0.022213 0.023685 0.025176 0.026686 0.028218 0.029773 0.031352 0.032957 0.034590 0.036251 0.037943 0.039667 0.041425 0.043218 0.045047 0.046915 0.048822 0.050770 0.052761 0.054797 0.056878 0.058982 0.061088 0.063198 0.065315 0.067443 0.069583 0.071740 0.073915 0.076112 0.078334 0.080584 0.082864 0.085178 0.087528 0.089917 0.092349 0.094825 0.097350 0.099926 0.102556 0.105242 0.107988 0.110797 0.113671 0.116614 0.119628 0.122716 0.125882 0.129127 0.132456 0.135871 0.139374 0.143000 0.146775 0.150690 0.154735 0.158902 0.163180 0.167562 0.172039 0.176600 0.181237 0.185940 0.190702 0.195512 0.200361 0.205241 0.210141 0.215054 0.219970 0.224880 0.229774 0.234645 0.239481 0.244276 0.249018 0.253700 0.258311 0.262844 0.267289 0.271636 0.275877 0.280003 0.284004 0.287904 0.291733 0.295495 0.299195 0.302834 0.306418 0.309948 0.313430 0.316865 0.320259 0.323613 0.326932 0.330219 0.333478 0.336712 0.339925 0.343119 0.346300 0.349469 0.352631 0.355789 0.358947 0.362107 0.365274 0.368452 0.371642 0.374850 0.378078 0.381330 0.384609 0.387919 0.391264 0.394600 0.397885 0.401124 0.404323 0.407487 0.410621 0.413731 0.416822 0.419900 0.422969 0.426035 0.429104 0.432181 0.435271 0.438380 0.441512 0.444674 0.447870 0.451106 0.454388 0.457720 0.461108 0.464557 0.468073 0.471661 0.475326 0.479075 0.482911 0.486840 0.490869 0.495001 0.499243 0.503620 0.508148 0.512817 0.517617 0.522539 0.527574 0.532711 0.537941 0.543255 0.548642 0.554094 0.559600 0.565151 0.570737 0.576349 0.581977 0.587612 0.593243 0.598862 0.604458 0.610022 0.615545 0.621016 0.626427 0.631767 0.637027 0.642197 0.647268 0.652230 0.657073 0.661789 0.666367 0.670792 0.675064 0.679195 0.683195 0.687076 0.690849 0.694525 0.698114 0.701630 0.705082 0.708481 0.711840 0.715168 0.718478 0.721780 0.725086 0.728406 0.731753 0.735136 0.738568 0.742060 0.745622 0.749265 0.753002 0.756843 0.760799 0.764882 0.769102 0.773472 0.778001 0.782701 0.787584 0.792617 0.797758 0.803004 0.808350 0.813794 0.819333 0.824962 0.830678 0.836478 0.842357 0.848314 0.854344 0.860443 0.866609 0.872838 0.879125 0.885469 0.891865 0.898309 0.904799 0.911331 0.917901 0.924506 0.931142 0.937806 0.944495 0.951204 0.957931 0.964672 0.971423 0.978182 0.984943))
(time 0)
(channel blue)
(curve
    (curve-type smooth)
    (n-points 17)
    (points 34 0.000000 0.021099 -1.000000 -1.000000 0.121569 0.192902 -1.000000 -1.000000 0.247059 0.327416 -1.000000 -1.000000 0.372549 0.417703 -1.000000 -1.000000 0.498039 0.501961 -1.000000 -1.000000 0.623529 0.580065 -1.000000 -1.000000 0.749020 0.665651 -1.000000 -1.000000 0.874510 0.806322 -1.000000 -1.000000 1.000000 0.983929)
    (n-samples 256)
    (samples 256 0.021099 0.026981 0.032860 0.038735 0.044604 0.050464 0.056314 0.062151 0.067973 0.073779 0.079565 0.085330 0.091071 0.096787 0.102476 0.108134 0.113761 0.119354 0.124911 0.130430 0.135908 0.141344 0.146735 0.152080 0.157376 0.162621 0.167812 0.172949 0.178028 0.183048 0.188007 0.192902 0.197745 0.202548 0.207312 0.212036 0.216720 0.221364 0.225968 0.230531 0.235053 0.239535 0.243976 0.248376 0.252734 0.257050 0.261325 0.265558 0.269748 0.273896 0.278002 0.282065 0.286085 0.290062 0.293995 0.297885 0.301732 0.305534 0.309292 0.313006 0.316676 0.320301 0.323881 0.327416 0.330889 0.334285 0.337607 0.340859 0.344045 0.347168 0.350231 0.353239 0.356194 0.359099 0.361960 0.364778 0.367558 0.370302 0.373015 0.375701 0.378361 0.381001 0.383623 0.386231 0.388828 0.391418 0.394005 0.396592 0.399182 0.401779 0.404387 0.407008 0.409647 0.412307 0.414991 0.417703 0.420427 0.423146 0.425859 0.428566 0.431267 0.433962 0.436652 0.439336 0.442014 0.444686 0.447352 0.450012 0.452666 0.455315 0.457957 0.460594 0.463224 0.465849 0.468467 0.471080 0.473687 0.476287 0.478882 0.481471 0.484053 0.486630 0.489200 0.491765 0.494323 0.496875 0.499421 0.501961 0.504488 0.506998 0.509490 0.511967 0.514430 0.516880 0.519317 0.521744 0.524162 0.526572 0.528975 0.531372 0.533765 0.536155 0.538543 0.540930 0.543318 0.545708 0.548101 0.550499 0.552902 0.555312 0.557730 0.560157 0.562595 0.565045 0.567509 0.569986 0.572479 0.574989 0.577518 0.580065 0.582604 0.585108 0.587581 0.590029 0.592454 0.594863 0.597258 0.599644 0.602026 0.604409 0.606795 0.609191 0.611599 0.614025 0.616473 0.618947 0.621452 0.623991 0.626570 0.629193 0.631863 0.634586 0.637365 0.640205 0.643111 0.646087 0.649137 0.652265 0.655476 0.658775 0.662164 0.665651 0.669222 0.672862 0.676571 0.680346 0.684187 0.688090 0.692055 0.696080 0.700163 0.704303 0.708497 0.712745 0.717044 0.721394 0.725791 0.730235 0.734724 0.739257 0.743831 0.748444 0.753097 0.757785 0.762509 0.767266 0.772055 0.776874 0.781721 0.786594 0.791493 0.796415 0.801359 0.806322 0.811322 0.816374 0.821477 0.826629 0.831829 0.837074 0.842363 0.847694 0.853066 0.858476 0.863924 0.869408 0.874925 0.880475 0.886054 0.891663 0.897299 0.902959 0.908644 0.914351 0.920078 0.925823 0.931586 0.937363 0.943154 0.948957 0.954771 0.960592 0.966421 0.972254 0.978091 0.983929))
(time 0)
(channel alpha)
(curve
    (curve-type free)
    (n-points 17)
    (points 34 -1.000000 -1.000000 -1.000000 -1.000000 -1.000000 -1.000000 -1.000000 -1.000000 -1.000000 -1.000000 -1.000000 -1.000000 -1.000000 -1.000000 -1.000000 -1.000000 -1.000000 -1.000000 -1.000000 -1.000000 -1.000000 -1.000000 -1.000000 -1.000000 -1.000000 -1.000000 -1.000000 -1.000000 -1.000000 -1.000000 -1.000000 -1.000000 -1.000000 -1.000000)
    (n-samples 256)
    (samples 256 0.000000 0.003922 0.007843 0.011765 0.015686 0.019608 0.023529 0.027451 0.031373 0.035294 0.039216 0.043137 0.047059 0.050980 0.054902 0.058824 0.062745 0.066667 0.070588 0.074510 0.078431 0.082353 0.086275 0.090196 0.094118 0.098039 0.101961 0.105882 0.109804 0.113725 0.117647 0.121569 0.125490 0.129412 0.133333 0.137255 0.141176 0.145098 0.149020 0.152941 0.156863 0.160784 0.164706 0.168627 0.172549 0.176471 0.180392 0.184314 0.188235 0.192157 0.196078 0.200000 0.203922 0.207843 0.211765 0.215686 0.219608 0.223529 0.227451 0.231373 0.235294 0.239216 0.243137 0.247059 0.250980 0.254902 0.258824 0.262745 0.266667 0.270588 0.274510 0.278431 0.282353 0.286275 0.290196 0.294118 0.298039 0.301961 0.305882 0.309804 0.313725 0.317647 0.321569 0.325490 0.329412 0.333333 0.337255 0.341176 0.345098 0.349020 0.352941 0.356863 0.360784 0.364706 0.368627 0.372549 0.376471 0.380392 0.384314 0.388235 0.392157 0.396078 0.400000 0.403922 0.407843 0.411765 0.415686 0.419608 0.423529 0.427451 0.431373 0.435294 0.439216 0.443137 0.447059 0.450980 0.454902 0.458824 0.462745 0.466667 0.470588 0.474510 0.478431 0.482353 0.486275 0.490196 0.494118 0.498039 0.501961 0.505882 0.509804 0.513725 0.517647 0.521569 0.525490 0.529412 0.533333 0.537255 0.541176 0.545098 0.549020 0.552941 0.556863 0.560784 0.564706 0.568627 0.572549 0.576471 0.580392 0.584314 0.588235 0.592157 0.596078 0.600000 0.603922 0.607843 0.611765 0.615686 0.619608 0.623529 0.627451 0.631373 0.635294 0.639216 0.643137 0.647059 0.650980 0.654902 0.658824 0.662745 0.666667 0.670588 0.674510 0.678431 0.682353 0.686275 0.690196 0.694118 0.698039 0.701961 0.705882 0.709804 0.713725 0.717647 0.721569 0.725490 0.729412 0.733333 0.737255 0.741176 0.745098 0.749020 0.752941 0.756863 0.760784 0.764706 0.768627 0.772549 0.776471 0.780392 0.784314 0.788235 0.792157 0.796078 0.800000 0.803922 0.807843 0.811765 0.815686 0.819608 0.823529 0.827451 0.831373 0.835294 0.839216 0.843137 0.847059 0.850980 0.854902 0.858824 0.862745 0.866667 0.870588 0.874510 0.878431 0.882353 0.886275 0.890196 0.894118 0.898039 0.901961 0.905882 0.909804 0.913725 0.917647 0.921569 0.925490 0.929412 0.933333 0.937255 0.941176 0.945098 0.949020 0.952941 0.956863 0.960784 0.964706 0.968627 0.972549 0.976471 0.980392 0.984314 0.988235 0.992157 0.996078 1.000000))

# end of curves tool settings
