# GIMP curves tool settings

(time 0)
(channel value)
(curve
    (curve-type smooth)
    (n-points 17)
    (points 34 0.000000 0.000000 -1.000000 -1.000000 0.121569 0.121569 -1.000000 -1.000000 0.247059 0.247059 -1.000000 -1.000000 0.372549 0.372549 -1.000000 -1.000000 0.498039 0.498039 -1.000000 -1.000000 0.623529 0.623529 -1.000000 -1.000000 0.749020 0.749020 -1.000000 -1.000000 0.874510 0.874510 -1.000000 -1.000000 1.000000 1.000000)
    (n-samples 256)
    (samples 256 0.000000 0.003922 0.007843 0.011765 0.015686 0.019608 0.023529 0.027451 0.031373 0.035294 0.039216 0.043137 0.047059 0.050980 0.054902 0.058824 0.062745 0.066667 0.070588 0.074510 0.078431 0.082353 0.086275 0.090196 0.094118 0.098039 0.101961 0.105882 0.109804 0.113725 0.117647 0.121569 0.125491 0.129412 0.133334 0.137255 0.141177 0.145098 0.149020 0.152942 0.156863 0.160785 0.164706 0.168628 0.172549 0.176471 0.180393 0.184314 0.188236 0.192157 0.196079 0.200000 0.203922 0.207844 0.211765 0.215687 0.219608 0.223530 0.227451 0.231373 0.235294 0.239216 0.243138 0.247059 0.250981 0.254902 0.258824 0.262745 0.266667 0.270588 0.274510 0.278432 0.282353 0.286275 0.290196 0.294118 0.298039 0.301961 0.305883 0.309804 0.313726 0.317647 0.321569 0.325490 0.329412 0.333334 0.337255 0.341177 0.345098 0.349020 0.352941 0.356863 0.360784 0.364706 0.368628 0.372549 0.376471 0.380392 0.384314 0.388235 0.392157 0.396078 0.400000 0.403922 0.407843 0.411765 0.415686 0.419608 0.423529 0.427451 0.431373 0.435294 0.439216 0.443137 0.447059 0.450980 0.454902 0.458824 0.462745 0.466667 0.470588 0.474510 0.478431 0.482353 0.486274 0.490196 0.494118 0.498039 0.501961 0.505882 0.509804 0.513725 0.517647 0.521568 0.525490 0.529412 0.533333 0.537255 0.541176 0.545098 0.549019 0.552941 0.556863 0.560784 0.564706 0.568627 0.572549 0.576470 0.580392 0.584314 0.588235 0.592157 0.596078 0.600000 0.603921 0.607843 0.611764 0.615686 0.619608 0.623529 0.627451 0.631372 0.635294 0.639215 0.643137 0.647058 0.650980 0.654902 0.658823 0.662745 0.666666 0.670588 0.674509 0.678431 0.682353 0.686274 0.690196 0.694117 0.698039 0.701960 0.705882 0.709804 0.713725 0.717647 0.721568 0.725490 0.729411 0.733333 0.737254 0.741176 0.745098 0.749020 0.752942 0.756863 0.760785 0.764706 0.768628 0.772549 0.776471 0.780393 0.784314 0.788236 0.792157 0.796079 0.800000 0.803922 0.807844 0.811765 0.815687 0.819608 0.823530 0.827451 0.831373 0.835295 0.839216 0.843138 0.847059 0.850981 0.854902 0.858824 0.862745 0.866667 0.870589 0.874510 0.878432 0.882353 0.886275 0.890196 0.894118 0.898039 0.901961 0.905883 0.909804 0.913726 0.917647 0.921569 0.925490 0.929412 0.933334 0.937255 0.941177 0.945098 0.949020 0.952941 0.956863 0.960785 0.964706 0.968628 0.972549 0.976471 0.980392 0.984314 0.988235 0.992157 0.996079 1.000000))
(time 0)
(channel red)
(curve
    (curve-type smooth)
    (n-points 17)
    (points 34 0.000000 0.006162 -1.000000 -1.000000 0.121569 0.045660 -1.000000 -1.000000 0.247059 0.138608 -1.000000 -1.000000 0.372549 0.296494 -1.000000 -1.000000 0.498039 0.498614 -1.000000 -1.000000 0.623529 0.677921 -1.000000 -1.000000 0.749020 0.812130 -1.000000 -1.000000 0.874510 0.914067 -1.000000 -1.000000 1.000000 0.997718)
    (n-samples 256)
    (samples 256 0.006162 0.007022 0.007886 0.008754 0.009630 0.010516 0.011415 0.012330 0.013263 0.014216 0.015193 0.016196 0.017227 0.018289 0.019385 0.020517 0.021687 0.022900 0.024156 0.025458 0.026810 0.028213 0.029671 0.031185 0.032759 0.034396 0.036096 0.037864 0.039702 0.041612 0.043597 0.045660 0.047781 0.049940 0.052138 0.054378 0.056658 0.058982 0.061351 0.063765 0.066225 0.068734 0.071292 0.073901 0.076561 0.079275 0.082043 0.084866 0.087746 0.090685 0.093682 0.096740 0.099860 0.103042 0.106289 0.109602 0.112981 0.116428 0.119944 0.123531 0.127190 0.130921 0.134727 0.138608 0.142569 0.146611 0.150734 0.154934 0.159210 0.163561 0.167984 0.172477 0.177038 0.181667 0.186360 0.191115 0.195932 0.200807 0.205740 0.210728 0.215769 0.220862 0.226004 0.231193 0.236429 0.241708 0.247029 0.252391 0.257790 0.263226 0.268695 0.274198 0.279731 0.285293 0.290881 0.296494 0.302172 0.307953 0.313831 0.319798 0.325850 0.331980 0.338181 0.344449 0.350775 0.357156 0.363583 0.370052 0.376556 0.383088 0.389643 0.396215 0.402798 0.409384 0.415969 0.422546 0.429109 0.435652 0.442168 0.448652 0.455097 0.461497 0.467846 0.474139 0.480368 0.486527 0.492612 0.498614 0.504573 0.510530 0.516482 0.522427 0.528364 0.534290 0.540203 0.546102 0.551984 0.557846 0.563688 0.569507 0.575301 0.581068 0.586806 0.592512 0.598186 0.603824 0.609425 0.614987 0.620507 0.625984 0.631416 0.636800 0.642135 0.647418 0.652648 0.657822 0.662938 0.667995 0.672990 0.677921 0.682792 0.687607 0.692368 0.697076 0.701732 0.706337 0.710893 0.715400 0.719861 0.724275 0.728645 0.732970 0.737254 0.741496 0.745698 0.749861 0.753986 0.758075 0.762128 0.766147 0.770132 0.774086 0.778010 0.781903 0.785768 0.789607 0.793419 0.797206 0.800969 0.804710 0.808430 0.812130 0.815797 0.819421 0.823002 0.826541 0.830041 0.833502 0.836925 0.840312 0.843664 0.846983 0.850269 0.853524 0.856749 0.859946 0.863115 0.866258 0.869377 0.872473 0.875546 0.878598 0.881631 0.884646 0.887643 0.890625 0.893592 0.896547 0.899489 0.902421 0.905343 0.908257 0.911165 0.914067 0.916954 0.919814 0.922650 0.925461 0.928249 0.931014 0.933757 0.936480 0.939182 0.941865 0.944530 0.947177 0.949808 0.952422 0.955022 0.957607 0.960179 0.962738 0.965286 0.967822 0.970349 0.972866 0.975375 0.977877 0.980372 0.982861 0.985344 0.987824 0.990301 0.992775 0.995247 0.997718))
(time 0)
(channel green)
(curve
    (curve-type smooth)
    (n-points 17)
    (points 34 0.000000 0.009902 -1.000000 -1.000000 0.121569 0.117303 -1.000000 -1.000000 0.247059 0.254627 -1.000000 -1.000000 0.372549 0.395349 -1.000000 -1.000000 0.498039 0.537252 -1.000000 -1.000000 0.623529 0.674477 -1.000000 -1.000000 0.749020 0.796554 -1.000000 -1.000000 0.874510 0.903882 -1.000000 -1.000000 1.000000 0.997297)
    (n-samples 256)
    (samples 256 0.009902 0.013157 0.016413 0.019672 0.022934 0.026202 0.029476 0.032759 0.036050 0.039352 0.042666 0.045993 0.049334 0.052691 0.056065 0.059458 0.062870 0.066303 0.069758 0.073237 0.076741 0.080271 0.083829 0.087415 0.091032 0.094680 0.098361 0.102076 0.105826 0.109613 0.113438 0.117303 0.121211 0.125164 0.129161 0.133199 0.137277 0.141391 0.145541 0.149724 0.153937 0.158180 0.162449 0.166743 0.171060 0.175397 0.179753 0.184125 0.188512 0.192911 0.197320 0.201737 0.206161 0.210588 0.215018 0.219447 0.223874 0.228297 0.232713 0.237121 0.241519 0.245903 0.250274 0.254627 0.258974 0.263327 0.267684 0.272047 0.276414 0.280785 0.285161 0.289541 0.293925 0.298312 0.302703 0.307097 0.311494 0.315894 0.320297 0.324702 0.329109 0.333519 0.337930 0.342343 0.346757 0.351172 0.355589 0.360006 0.364424 0.368842 0.373261 0.377679 0.382098 0.386515 0.390933 0.395349 0.399768 0.404194 0.408626 0.413062 0.417504 0.421950 0.426399 0.430851 0.435306 0.439764 0.444222 0.448682 0.453142 0.457602 0.462061 0.466519 0.470976 0.475430 0.479881 0.484329 0.488773 0.493213 0.497648 0.502078 0.506501 0.510918 0.515328 0.519730 0.524124 0.528510 0.532886 0.537252 0.541616 0.545985 0.550357 0.554733 0.559110 0.563488 0.567865 0.572242 0.576617 0.580989 0.585357 0.589720 0.594077 0.598427 0.602770 0.607104 0.611428 0.615742 0.620043 0.624333 0.628609 0.632870 0.637116 0.641346 0.645558 0.649752 0.653927 0.658081 0.662214 0.666325 0.670413 0.674477 0.678521 0.682550 0.686564 0.690562 0.694546 0.698514 0.702468 0.706407 0.710331 0.714240 0.718134 0.722013 0.725878 0.729728 0.733563 0.737384 0.741190 0.744981 0.748758 0.752521 0.756269 0.760002 0.763721 0.767426 0.771117 0.774793 0.778455 0.782103 0.785737 0.789356 0.792962 0.796554 0.800131 0.803693 0.807239 0.810771 0.814288 0.817789 0.821277 0.824749 0.828207 0.831650 0.835079 0.838494 0.841894 0.845280 0.848652 0.852009 0.855353 0.858683 0.861999 0.865301 0.868590 0.871865 0.875126 0.878374 0.881609 0.884830 0.888038 0.891233 0.894415 0.897583 0.900739 0.903882 0.907009 0.910115 0.913203 0.916272 0.919324 0.922358 0.925375 0.928377 0.931364 0.934335 0.937293 0.940237 0.943169 0.946089 0.948997 0.951894 0.954781 0.957658 0.960527 0.963387 0.966240 0.969086 0.971925 0.974759 0.977587 0.980411 0.983231 0.986048 0.988863 0.991675 0.994487 0.997297))
(time 0)
(channel blue)
(curve
    (curve-type smooth)
    (n-points 17)
    (points 34 0.000000 0.004398 -1.000000 -1.000000 0.121569 0.143869 -1.000000 -1.000000 0.247059 0.286034 -1.000000 -1.000000 0.372549 0.412271 -1.000000 -1.000000 0.498039 0.531789 -1.000000 -1.000000 0.623529 0.655288 -1.000000 -1.000000 0.749020 0.774693 -1.000000 -1.000000 0.874510 0.890399 -1.000000 -1.000000 1.000000 0.996491)
    (n-samples 256)
    (samples 256 0.004398 0.008911 0.013425 0.017938 0.022451 0.026963 0.031475 0.035986 0.040497 0.045007 0.049517 0.054025 0.058533 0.063039 0.067544 0.072048 0.076551 0.081052 0.085552 0.090050 0.094546 0.099041 0.103533 0.108024 0.112513 0.116999 0.121484 0.125966 0.130445 0.134922 0.139397 0.143869 0.148345 0.152832 0.157329 0.161834 0.166345 0.170862 0.175384 0.179908 0.184435 0.188961 0.193487 0.198011 0.202531 0.207047 0.211556 0.216058 0.220552 0.225035 0.229507 0.233967 0.238413 0.242844 0.247258 0.251654 0.256032 0.260389 0.264725 0.269038 0.273326 0.277590 0.281826 0.286034 0.290216 0.294374 0.298509 0.302622 0.306714 0.310785 0.314837 0.318871 0.322886 0.326885 0.330868 0.334835 0.338788 0.342727 0.346653 0.350568 0.354472 0.358365 0.362249 0.366124 0.369992 0.373853 0.377708 0.381558 0.385403 0.389245 0.393084 0.396922 0.400759 0.404595 0.408432 0.412271 0.416103 0.419918 0.423719 0.427505 0.431278 0.435040 0.438790 0.442530 0.446260 0.449983 0.453698 0.457407 0.461111 0.464811 0.468507 0.472201 0.475894 0.479586 0.483279 0.486974 0.490671 0.494371 0.498076 0.501787 0.505504 0.509229 0.512962 0.516705 0.520458 0.524222 0.527999 0.531789 0.535592 0.539406 0.543230 0.547064 0.550907 0.554757 0.558615 0.562480 0.566350 0.570226 0.574106 0.577990 0.581876 0.585765 0.589655 0.593546 0.597436 0.601326 0.605215 0.609101 0.612984 0.616863 0.620738 0.624608 0.628472 0.632329 0.636178 0.640020 0.643852 0.647675 0.651487 0.655288 0.659081 0.662870 0.666655 0.670435 0.674211 0.677983 0.681750 0.685514 0.689273 0.693028 0.696780 0.700527 0.704270 0.708010 0.711745 0.715477 0.719205 0.722929 0.726650 0.730366 0.734080 0.737789 0.741495 0.745197 0.748896 0.752591 0.756283 0.759972 0.763657 0.767339 0.771017 0.774693 0.778368 0.782044 0.785721 0.789399 0.793077 0.796754 0.800430 0.804105 0.807777 0.811447 0.815113 0.818776 0.822435 0.826088 0.829736 0.833378 0.837014 0.840642 0.844263 0.847876 0.851480 0.855075 0.858660 0.862235 0.865799 0.869352 0.872893 0.876421 0.879937 0.883438 0.886926 0.890399 0.893858 0.897303 0.900734 0.904153 0.907560 0.910955 0.914338 0.917711 0.921073 0.924424 0.927766 0.931099 0.934423 0.937739 0.941046 0.944346 0.947640 0.950926 0.954206 0.957481 0.960751 0.964015 0.967275 0.970531 0.973784 0.977034 0.980281 0.983525 0.986768 0.990010 0.993251 0.996491))
(time 0)
(channel alpha)
(curve
    (curve-type free)
    (n-points 17)
    (points 34 -1.000000 -1.000000 -1.000000 -1.000000 -1.000000 -1.000000 -1.000000 -1.000000 -1.000000 -1.000000 -1.000000 -1.000000 -1.000000 -1.000000 -1.000000 -1.000000 -1.000000 -1.000000 -1.000000 -1.000000 -1.000000 -1.000000 -1.000000 -1.000000 -1.000000 -1.000000 -1.000000 -1.000000 -1.000000 -1.000000 -1.000000 -1.000000 -1.000000 -1.000000)
    (n-samples 256)
    (samples 256 0.000000 0.003922 0.007843 0.011765 0.015686 0.019608 0.023529 0.027451 0.031373 0.035294 0.039216 0.043137 0.047059 0.050980 0.054902 0.058824 0.062745 0.066667 0.070588 0.074510 0.078431 0.082353 0.086275 0.090196 0.094118 0.098039 0.101961 0.105882 0.109804 0.113725 0.117647 0.121569 0.125490 0.129412 0.133333 0.137255 0.141176 0.145098 0.149020 0.152941 0.156863 0.160784 0.164706 0.168627 0.172549 0.176471 0.180392 0.184314 0.188235 0.192157 0.196078 0.200000 0.203922 0.207843 0.211765 0.215686 0.219608 0.223529 0.227451 0.231373 0.235294 0.239216 0.243137 0.247059 0.250980 0.254902 0.258824 0.262745 0.266667 0.270588 0.274510 0.278431 0.282353 0.286275 0.290196 0.294118 0.298039 0.301961 0.305882 0.309804 0.313725 0.317647 0.321569 0.325490 0.329412 0.333333 0.337255 0.341176 0.345098 0.349020 0.352941 0.356863 0.360784 0.364706 0.368627 0.372549 0.376471 0.380392 0.384314 0.388235 0.392157 0.396078 0.400000 0.403922 0.407843 0.411765 0.415686 0.419608 0.423529 0.427451 0.431373 0.435294 0.439216 0.443137 0.447059 0.450980 0.454902 0.458824 0.462745 0.466667 0.470588 0.474510 0.478431 0.482353 0.486275 0.490196 0.494118 0.498039 0.501961 0.505882 0.509804 0.513725 0.517647 0.521569 0.525490 0.529412 0.533333 0.537255 0.541176 0.545098 0.549020 0.552941 0.556863 0.560784 0.564706 0.568627 0.572549 0.576471 0.580392 0.584314 0.588235 0.592157 0.596078 0.600000 0.603922 0.607843 0.611765 0.615686 0.619608 0.623529 0.627451 0.631373 0.635294 0.639216 0.643137 0.647059 0.650980 0.654902 0.658824 0.662745 0.666667 0.670588 0.674510 0.678431 0.682353 0.686275 0.690196 0.694118 0.698039 0.701961 0.705882 0.709804 0.713725 0.717647 0.721569 0.725490 0.729412 0.733333 0.737255 0.741176 0.745098 0.749020 0.752941 0.756863 0.760784 0.764706 0.768627 0.772549 0.776471 0.780392 0.784314 0.788235 0.792157 0.796078 0.800000 0.803922 0.807843 0.811765 0.815686 0.819608 0.823529 0.827451 0.831373 0.835294 0.839216 0.843137 0.847059 0.850980 0.854902 0.858824 0.862745 0.866667 0.870588 0.874510 0.878431 0.882353 0.886275 0.890196 0.894118 0.898039 0.901961 0.905882 0.909804 0.913725 0.917647 0.921569 0.925490 0.929412 0.933333 0.937255 0.941176 0.945098 0.949020 0.952941 0.956863 0.960784 0.964706 0.968627 0.972549 0.976471 0.980392 0.984314 0.988235 0.992157 0.996078 1.000000))

# end of curves tool settings
