# GIMP curves tool settings

(time 0)
(channel value)
(curve
    (curve-type smooth)
    (n-points 17)
    (points 34 0.000000 0.000000 -1.000000 -1.000000 0.121569 0.121569 -1.000000 -1.000000 0.247059 0.247059 -1.000000 -1.000000 0.372549 0.372549 -1.000000 -1.000000 0.498039 0.498039 -1.000000 -1.000000 0.623529 0.623529 -1.000000 -1.000000 0.749020 0.749020 -1.000000 -1.000000 0.874510 0.874510 -1.000000 -1.000000 1.000000 1.000000)
    (n-samples 256)
    (samples 256 0.000000 0.003922 0.007843 0.011765 0.015686 0.019608 0.023529 0.027451 0.031373 0.035294 0.039216 0.043137 0.047059 0.050980 0.054902 0.058824 0.062745 0.066667 0.070588 0.074510 0.078431 0.082353 0.086275 0.090196 0.094118 0.098039 0.101961 0.105882 0.109804 0.113725 0.117647 0.121569 0.125491 0.129412 0.133334 0.137255 0.141177 0.145098 0.149020 0.152942 0.156863 0.160785 0.164706 0.168628 0.172549 0.176471 0.180393 0.184314 0.188236 0.192157 0.196079 0.200000 0.203922 0.207844 0.211765 0.215687 0.219608 0.223530 0.227451 0.231373 0.235294 0.239216 0.243138 0.247059 0.250981 0.254902 0.258824 0.262745 0.266667 0.270588 0.274510 0.278432 0.282353 0.286275 0.290196 0.294118 0.298039 0.301961 0.305883 0.309804 0.313726 0.317647 0.321569 0.325490 0.329412 0.333334 0.337255 0.341177 0.345098 0.349020 0.352941 0.356863 0.360784 0.364706 0.368628 0.372549 0.376471 0.380392 0.384314 0.388235 0.392157 0.396078 0.400000 0.403922 0.407843 0.411765 0.415686 0.419608 0.423529 0.427451 0.431373 0.435294 0.439216 0.443137 0.447059 0.450980 0.454902 0.458824 0.462745 0.466667 0.470588 0.474510 0.478431 0.482353 0.486274 0.490196 0.494118 0.498039 0.501961 0.505882 0.509804 0.513725 0.517647 0.521568 0.525490 0.529412 0.533333 0.537255 0.541176 0.545098 0.549019 0.552941 0.556863 0.560784 0.564706 0.568627 0.572549 0.576470 0.580392 0.584314 0.588235 0.592157 0.596078 0.600000 0.603921 0.607843 0.611764 0.615686 0.619608 0.623529 0.627451 0.631372 0.635294 0.639215 0.643137 0.647058 0.650980 0.654902 0.658823 0.662745 0.666666 0.670588 0.674509 0.678431 0.682353 0.686274 0.690196 0.694117 0.698039 0.701960 0.705882 0.709804 0.713725 0.717647 0.721568 0.725490 0.729411 0.733333 0.737254 0.741176 0.745098 0.749020 0.752942 0.756863 0.760785 0.764706 0.768628 0.772549 0.776471 0.780393 0.784314 0.788236 0.792157 0.796079 0.800000 0.803922 0.807844 0.811765 0.815687 0.819608 0.823530 0.827451 0.831373 0.835295 0.839216 0.843138 0.847059 0.850981 0.854902 0.858824 0.862745 0.866667 0.870589 0.874510 0.878432 0.882353 0.886275 0.890196 0.894118 0.898039 0.901961 0.905883 0.909804 0.913726 0.917647 0.921569 0.925490 0.929412 0.933334 0.937255 0.941177 0.945098 0.949020 0.952941 0.956863 0.960785 0.964706 0.968628 0.972549 0.976471 0.980392 0.984314 0.988235 0.992157 0.996079 1.000000))
(time 0)
(channel red)
(curve
    (curve-type smooth)
    (n-points 17)
    (points 34 0.000000 0.004991 -1.000000 -1.000000 0.121569 0.109804 -1.000000 -1.000000 0.247059 0.241176 -1.000000 -1.000000 0.372549 0.367884 -1.000000 -1.000000 0.498039 0.531882 -1.000000 -1.000000 0.623529 0.660903 -1.000000 -1.000000 0.749020 0.776160 -1.000000 -1.000000 0.874510 0.889232 -1.000000 -1.000000 1.000000 0.989272)
    (n-samples 256)
    (samples 256 0.004991 0.008188 0.011387 0.014587 0.017792 0.021000 0.024215 0.027436 0.030666 0.033904 0.037153 0.040414 0.043687 0.046974 0.050276 0.053594 0.056929 0.060282 0.063655 0.067049 0.070464 0.073903 0.077365 0.080853 0.084368 0.087909 0.091480 0.095080 0.098712 0.102375 0.106072 0.109804 0.113577 0.117397 0.121261 0.125166 0.129110 0.133091 0.137106 0.141152 0.145228 0.149330 0.153456 0.157603 0.161769 0.165952 0.170148 0.174356 0.178573 0.182796 0.187023 0.191251 0.195478 0.199701 0.203918 0.208126 0.212324 0.216507 0.220674 0.224822 0.228949 0.233052 0.237128 0.241176 0.245186 0.249155 0.253086 0.256983 0.260849 0.264690 0.268508 0.272307 0.276091 0.279865 0.283631 0.287394 0.291158 0.294926 0.298703 0.302491 0.306295 0.310119 0.313967 0.317842 0.321749 0.325690 0.329671 0.333695 0.337765 0.341885 0.346060 0.350293 0.354588 0.358949 0.363380 0.367884 0.372479 0.377174 0.381963 0.386838 0.391795 0.396825 0.401923 0.407081 0.412294 0.417554 0.422854 0.428189 0.433552 0.438935 0.444333 0.449739 0.455145 0.460546 0.465936 0.471306 0.476651 0.481964 0.487239 0.492468 0.497646 0.502765 0.507819 0.512801 0.517705 0.522525 0.527253 0.531882 0.536433 0.540932 0.545379 0.549777 0.554129 0.558435 0.562698 0.566919 0.571101 0.575246 0.579356 0.583432 0.587476 0.591491 0.595478 0.599439 0.603376 0.607292 0.611188 0.615065 0.618927 0.622775 0.626610 0.630436 0.634253 0.638063 0.641869 0.645673 0.649477 0.653281 0.657090 0.660903 0.664708 0.668489 0.672247 0.675984 0.679700 0.683397 0.687075 0.690736 0.694381 0.698010 0.701626 0.705228 0.708819 0.712398 0.715967 0.719528 0.723081 0.726627 0.730167 0.733703 0.737235 0.740765 0.744293 0.747821 0.751350 0.754880 0.758414 0.761951 0.765493 0.769041 0.772596 0.776160 0.779732 0.783311 0.786897 0.790488 0.794083 0.797682 0.801284 0.804887 0.808491 0.812094 0.815696 0.819295 0.822890 0.826482 0.830068 0.833647 0.837219 0.840783 0.844337 0.847881 0.851413 0.854933 0.858439 0.861932 0.865408 0.868869 0.872312 0.875737 0.879142 0.882527 0.885891 0.889232 0.892552 0.895854 0.899138 0.902405 0.905655 0.908889 0.912108 0.915311 0.918500 0.921676 0.924838 0.927988 0.931126 0.934252 0.937368 0.940474 0.943570 0.946657 0.949736 0.952807 0.955871 0.958928 0.961980 0.965026 0.968067 0.971104 0.974138 0.977168 0.980196 0.983222 0.986248 0.989272))
(time 0)
(channel green)
(curve
    (curve-type smooth)
    (n-points 17)
    (points 34 0.000000 0.007265 -1.000000 -1.000000 0.121569 0.087050 -1.000000 -1.000000 0.247059 0.202707 -1.000000 -1.000000 0.372549 0.344727 -1.000000 -1.000000 0.498039 0.491538 -1.000000 -1.000000 0.623529 0.632549 -1.000000 -1.000000 0.749020 0.767643 -1.000000 -1.000000 0.874510 0.893080 -1.000000 -1.000000 1.000000 0.991755)
    (n-samples 256)
    (samples 256 0.007265 0.009575 0.011886 0.014201 0.016520 0.018847 0.021181 0.023525 0.025881 0.028250 0.030634 0.033035 0.035453 0.037892 0.040352 0.042835 0.045342 0.047876 0.050438 0.053030 0.055654 0.058310 0.061001 0.063728 0.066493 0.069298 0.072143 0.075032 0.077966 0.080945 0.083973 0.087050 0.090171 0.093330 0.096526 0.099759 0.103027 0.106331 0.109670 0.113042 0.116448 0.119888 0.123359 0.126863 0.130397 0.133963 0.137558 0.141183 0.144836 0.148518 0.152228 0.155965 0.159728 0.163517 0.167332 0.171171 0.175035 0.178922 0.182832 0.186765 0.190719 0.194695 0.198691 0.202707 0.206756 0.210850 0.214987 0.219165 0.223382 0.227636 0.231924 0.236246 0.240599 0.244981 0.249389 0.253823 0.258280 0.262758 0.267256 0.271770 0.276300 0.280843 0.285397 0.289960 0.294531 0.299107 0.303687 0.308267 0.312848 0.317425 0.321999 0.326565 0.331123 0.335671 0.340206 0.344727 0.349247 0.353782 0.358329 0.362889 0.367460 0.372040 0.376631 0.381229 0.385834 0.390446 0.395064 0.399685 0.404310 0.408938 0.413566 0.418196 0.422824 0.427452 0.432077 0.436698 0.441315 0.445927 0.450533 0.455131 0.459721 0.464302 0.468872 0.473432 0.477979 0.482513 0.487033 0.491538 0.496032 0.500521 0.505005 0.509482 0.513955 0.518421 0.522882 0.527337 0.531787 0.536231 0.540669 0.545102 0.549529 0.553950 0.558366 0.562776 0.567180 0.571579 0.575971 0.580358 0.584740 0.589115 0.593485 0.597848 0.602207 0.606559 0.610905 0.615246 0.619580 0.623909 0.628232 0.632549 0.636862 0.641173 0.645480 0.649785 0.654086 0.658383 0.662676 0.666965 0.671248 0.675527 0.679800 0.684067 0.688327 0.692582 0.696829 0.701069 0.705301 0.709526 0.713742 0.717950 0.722148 0.726337 0.730517 0.734687 0.738846 0.742994 0.747132 0.751258 0.755372 0.759475 0.763565 0.767643 0.771717 0.775797 0.779881 0.783968 0.788055 0.792142 0.796227 0.800308 0.804384 0.808454 0.812514 0.816565 0.820605 0.824631 0.828642 0.832638 0.836615 0.840574 0.844511 0.848426 0.852316 0.856182 0.860020 0.863829 0.867608 0.871355 0.875069 0.878747 0.882389 0.885993 0.889557 0.893080 0.896562 0.900007 0.903414 0.906786 0.910124 0.913429 0.916702 0.919944 0.923157 0.926342 0.929499 0.932631 0.935739 0.938823 0.941885 0.944927 0.947948 0.950952 0.953938 0.956908 0.959864 0.962806 0.965736 0.968654 0.971563 0.974464 0.977357 0.980244 0.983126 0.986004 0.988880 0.991755))
(time 0)
(channel blue)
(curve
    (curve-type smooth)
    (n-points 17)
    (points 34 0.000000 0.005658 -1.000000 -1.000000 0.121569 0.066204 -1.000000 -1.000000 0.247059 0.263734 -1.000000 -1.000000 0.372549 0.514681 -1.000000 -1.000000 0.498039 0.635425 -1.000000 -1.000000 0.623529 0.716724 -1.000000 -1.000000 0.749020 0.784329 -1.000000 -1.000000 0.874510 0.897828 -1.000000 -1.000000 1.000000 0.995488)
    (n-samples 256)
    (samples 256 0.005658 0.006541 0.007430 0.008332 0.009255 0.010204 0.011187 0.012210 0.013280 0.014404 0.015587 0.016838 0.018162 0.019566 0.021058 0.022643 0.024328 0.026121 0.028027 0.030054 0.032208 0.034495 0.036923 0.039499 0.042228 0.045118 0.048175 0.051406 0.054818 0.058417 0.062210 0.066204 0.070403 0.074802 0.079394 0.084171 0.089127 0.094254 0.099544 0.104991 0.110587 0.116325 0.122197 0.128197 0.134317 0.140550 0.146889 0.153325 0.159853 0.166464 0.173151 0.179908 0.186727 0.193600 0.200521 0.207481 0.214475 0.221494 0.228531 0.235579 0.242630 0.249678 0.256715 0.263734 0.270854 0.278189 0.285722 0.293436 0.301315 0.309340 0.317497 0.325767 0.334134 0.342581 0.351092 0.359649 0.368236 0.376836 0.385432 0.394007 0.402545 0.411028 0.419441 0.427765 0.435985 0.444083 0.452043 0.459847 0.467480 0.474924 0.482162 0.489178 0.495955 0.502475 0.508723 0.514681 0.520382 0.525876 0.531170 0.536274 0.541195 0.545942 0.550523 0.554946 0.559220 0.563354 0.567354 0.571230 0.574990 0.578642 0.582195 0.585656 0.589035 0.592339 0.595577 0.598757 0.601887 0.604977 0.608033 0.611064 0.614079 0.617086 0.620094 0.623110 0.626142 0.629200 0.632292 0.635425 0.638550 0.641615 0.644620 0.647569 0.650463 0.653305 0.656098 0.658844 0.661545 0.664204 0.666822 0.669403 0.671948 0.674461 0.676942 0.679396 0.681823 0.684227 0.686610 0.688973 0.691321 0.693654 0.695975 0.698287 0.700591 0.702891 0.705189 0.707487 0.709787 0.712091 0.714403 0.716724 0.719016 0.721241 0.723406 0.725516 0.727576 0.729592 0.731569 0.733512 0.735428 0.737321 0.739197 0.741062 0.742920 0.744778 0.746641 0.748514 0.750402 0.752312 0.754249 0.756217 0.758223 0.760272 0.762370 0.764521 0.766732 0.769008 0.771354 0.773775 0.776278 0.778868 0.781549 0.784329 0.787210 0.790191 0.793266 0.796429 0.799674 0.802996 0.806389 0.809848 0.813367 0.816940 0.820561 0.824226 0.827928 0.831661 0.835420 0.839200 0.842995 0.846798 0.850605 0.854409 0.858206 0.861989 0.865753 0.869491 0.873200 0.876872 0.880502 0.884085 0.887615 0.891085 0.894492 0.897828 0.901116 0.904381 0.907625 0.910848 0.914050 0.917233 0.920397 0.923542 0.926671 0.929782 0.932878 0.935959 0.939025 0.942077 0.945116 0.948143 0.951158 0.954163 0.957157 0.960142 0.963118 0.966086 0.969047 0.972001 0.974950 0.977893 0.980832 0.983768 0.986700 0.989631 0.992560 0.995488))
(time 0)
(channel alpha)
(curve
    (curve-type free)
    (n-points 17)
    (points 34 -1.000000 -1.000000 -1.000000 -1.000000 -1.000000 -1.000000 -1.000000 -1.000000 -1.000000 -1.000000 -1.000000 -1.000000 -1.000000 -1.000000 -1.000000 -1.000000 -1.000000 -1.000000 -1.000000 -1.000000 -1.000000 -1.000000 -1.000000 -1.000000 -1.000000 -1.000000 -1.000000 -1.000000 -1.000000 -1.000000 -1.000000 -1.000000 -1.000000 -1.000000)
    (n-samples 256)
    (samples 256 0.000000 0.003922 0.007843 0.011765 0.015686 0.019608 0.023529 0.027451 0.031373 0.035294 0.039216 0.043137 0.047059 0.050980 0.054902 0.058824 0.062745 0.066667 0.070588 0.074510 0.078431 0.082353 0.086275 0.090196 0.094118 0.098039 0.101961 0.105882 0.109804 0.113725 0.117647 0.121569 0.125490 0.129412 0.133333 0.137255 0.141176 0.145098 0.149020 0.152941 0.156863 0.160784 0.164706 0.168627 0.172549 0.176471 0.180392 0.184314 0.188235 0.192157 0.196078 0.200000 0.203922 0.207843 0.211765 0.215686 0.219608 0.223529 0.227451 0.231373 0.235294 0.239216 0.243137 0.247059 0.250980 0.254902 0.258824 0.262745 0.266667 0.270588 0.274510 0.278431 0.282353 0.286275 0.290196 0.294118 0.298039 0.301961 0.305882 0.309804 0.313725 0.317647 0.321569 0.325490 0.329412 0.333333 0.337255 0.341176 0.345098 0.349020 0.352941 0.356863 0.360784 0.364706 0.368627 0.372549 0.376471 0.380392 0.384314 0.388235 0.392157 0.396078 0.400000 0.403922 0.407843 0.411765 0.415686 0.419608 0.423529 0.427451 0.431373 0.435294 0.439216 0.443137 0.447059 0.450980 0.454902 0.458824 0.462745 0.466667 0.470588 0.474510 0.478431 0.482353 0.486275 0.490196 0.494118 0.498039 0.501961 0.505882 0.509804 0.513725 0.517647 0.521569 0.525490 0.529412 0.533333 0.537255 0.541176 0.545098 0.549020 0.552941 0.556863 0.560784 0.564706 0.568627 0.572549 0.576471 0.580392 0.584314 0.588235 0.592157 0.596078 0.600000 0.603922 0.607843 0.611765 0.615686 0.619608 0.623529 0.627451 0.631373 0.635294 0.639216 0.643137 0.647059 0.650980 0.654902 0.658824 0.662745 0.666667 0.670588 0.674510 0.678431 0.682353 0.686275 0.690196 0.694118 0.698039 0.701961 0.705882 0.709804 0.713725 0.717647 0.721569 0.725490 0.729412 0.733333 0.737255 0.741176 0.745098 0.749020 0.752941 0.756863 0.760784 0.764706 0.768627 0.772549 0.776471 0.780392 0.784314 0.788235 0.792157 0.796078 0.800000 0.803922 0.807843 0.811765 0.815686 0.819608 0.823529 0.827451 0.831373 0.835294 0.839216 0.843137 0.847059 0.850980 0.854902 0.858824 0.862745 0.866667 0.870588 0.874510 0.878431 0.882353 0.886275 0.890196 0.894118 0.898039 0.901961 0.905882 0.909804 0.913725 0.917647 0.921569 0.925490 0.929412 0.933333 0.937255 0.941176 0.945098 0.949020 0.952941 0.956863 0.960784 0.964706 0.968627 0.972549 0.976471 0.980392 0.984314 0.988235 0.992157 0.996078 1.000000))

# end of curves tool settings
