# GIMP curves tool settings

(time 0)
(channel value)
(curve
    (curve-type smooth)
    (n-points 17)
    (points 34 0.000000 0.000000 -1.000000 -1.000000 0.121569 0.121569 -1.000000 -1.000000 0.247059 0.247059 -1.000000 -1.000000 0.372549 0.372549 -1.000000 -1.000000 0.498039 0.498039 -1.000000 -1.000000 0.623529 0.623529 -1.000000 -1.000000 0.749020 0.749020 -1.000000 -1.000000 0.874510 0.874510 -1.000000 -1.000000 1.000000 1.000000)
    (n-samples 256)
    (samples 256 0.000000 0.003922 0.007843 0.011765 0.015686 0.019608 0.023529 0.027451 0.031373 0.035294 0.039216 0.043137 0.047059 0.050980 0.054902 0.058824 0.062745 0.066667 0.070588 0.074510 0.078431 0.082353 0.086275 0.090196 0.094118 0.098039 0.101961 0.105882 0.109804 0.113725 0.117647 0.121569 0.125491 0.129412 0.133334 0.137255 0.141177 0.145098 0.149020 0.152942 0.156863 0.160785 0.164706 0.168628 0.172549 0.176471 0.180393 0.184314 0.188236 0.192157 0.196079 0.200000 0.203922 0.207844 0.211765 0.215687 0.219608 0.223530 0.227451 0.231373 0.235294 0.239216 0.243138 0.247059 0.250981 0.254902 0.258824 0.262745 0.266667 0.270588 0.274510 0.278432 0.282353 0.286275 0.290196 0.294118 0.298039 0.301961 0.305883 0.309804 0.313726 0.317647 0.321569 0.325490 0.329412 0.333334 0.337255 0.341177 0.345098 0.349020 0.352941 0.356863 0.360784 0.364706 0.368628 0.372549 0.376471 0.380392 0.384314 0.388235 0.392157 0.396078 0.400000 0.403922 0.407843 0.411765 0.415686 0.419608 0.423529 0.427451 0.431373 0.435294 0.439216 0.443137 0.447059 0.450980 0.454902 0.458824 0.462745 0.466667 0.470588 0.474510 0.478431 0.482353 0.486274 0.490196 0.494118 0.498039 0.501961 0.505882 0.509804 0.513725 0.517647 0.521568 0.525490 0.529412 0.533333 0.537255 0.541176 0.545098 0.549019 0.552941 0.556863 0.560784 0.564706 0.568627 0.572549 0.576470 0.580392 0.584314 0.588235 0.592157 0.596078 0.600000 0.603921 0.607843 0.611764 0.615686 0.619608 0.623529 0.627451 0.631372 0.635294 0.639215 0.643137 0.647058 0.650980 0.654902 0.658823 0.662745 0.666666 0.670588 0.674509 0.678431 0.682353 0.686274 0.690196 0.694117 0.698039 0.701960 0.705882 0.709804 0.713725 0.717647 0.721568 0.725490 0.729411 0.733333 0.737254 0.741176 0.745098 0.749020 0.752942 0.756863 0.760785 0.764706 0.768628 0.772549 0.776471 0.780393 0.784314 0.788236 0.792157 0.796079 0.800000 0.803922 0.807844 0.811765 0.815687 0.819608 0.823530 0.827451 0.831373 0.835295 0.839216 0.843138 0.847059 0.850981 0.854902 0.858824 0.862745 0.866667 0.870589 0.874510 0.878432 0.882353 0.886275 0.890196 0.894118 0.898039 0.901961 0.905883 0.909804 0.913726 0.917647 0.921569 0.925490 0.929412 0.933334 0.937255 0.941177 0.945098 0.949020 0.952941 0.956863 0.960785 0.964706 0.968628 0.972549 0.976471 0.980392 0.984314 0.988235 0.992157 0.996079 1.000000))
(time 0)
(channel red)
(curve
    (curve-type smooth)
    (n-points 17)
    (points 34 0.000000 0.000357 -1.000000 -1.000000 0.121569 0.042157 -1.000000 -1.000000 0.247059 0.148558 -1.000000 -1.000000 0.372549 0.231814 -1.000000 -1.000000 0.498039 0.421564 -1.000000 -1.000000 0.623529 0.602305 -1.000000 -1.000000 0.749020 0.766146 -1.000000 -1.000000 0.874510 0.887014 -1.000000 -1.000000 1.000000 0.990008)
    (n-samples 256)
    (samples 256 0.000357 0.001204 0.002054 0.002910 0.003776 0.004654 0.005548 0.006461 0.007395 0.008355 0.009343 0.010362 0.011416 0.012508 0.013640 0.014816 0.016039 0.017312 0.018638 0.020021 0.021464 0.022969 0.024540 0.026179 0.027891 0.029679 0.031544 0.033491 0.035523 0.037642 0.039852 0.042157 0.044580 0.047140 0.049828 0.052637 0.055558 0.058585 0.061709 0.064923 0.068218 0.071587 0.075022 0.078515 0.082059 0.085645 0.089266 0.092914 0.096580 0.100259 0.103940 0.107617 0.111282 0.114927 0.118545 0.122126 0.125664 0.129151 0.132579 0.135940 0.139226 0.142430 0.145543 0.148558 0.151449 0.154202 0.156830 0.159345 0.161757 0.164080 0.166325 0.168503 0.170628 0.172710 0.174761 0.176794 0.178820 0.180852 0.182900 0.184977 0.187094 0.189265 0.191499 0.193810 0.196209 0.198709 0.201320 0.204055 0.206925 0.209943 0.213121 0.216469 0.220001 0.223728 0.227662 0.231814 0.236186 0.240765 0.245539 0.250498 0.255632 0.260930 0.266381 0.271975 0.277701 0.283549 0.289507 0.295566 0.301715 0.307944 0.314241 0.320596 0.326999 0.333439 0.339906 0.346388 0.352875 0.359358 0.365824 0.372264 0.378667 0.385023 0.391320 0.397549 0.403698 0.409757 0.415716 0.421564 0.427352 0.433139 0.438923 0.444703 0.450480 0.456252 0.462018 0.467779 0.473532 0.479278 0.485016 0.490745 0.496463 0.502172 0.507869 0.513554 0.519227 0.524886 0.530531 0.536161 0.541776 0.547374 0.552956 0.558519 0.564065 0.569591 0.575097 0.580583 0.586047 0.591490 0.596909 0.602305 0.607693 0.613088 0.618487 0.623887 0.629288 0.634685 0.640076 0.645461 0.650834 0.656196 0.661542 0.666871 0.672181 0.677468 0.682731 0.687967 0.693174 0.698349 0.703490 0.708595 0.713661 0.718686 0.723667 0.728603 0.733490 0.738326 0.743109 0.747837 0.752507 0.757116 0.761663 0.766146 0.770562 0.774913 0.779203 0.783433 0.787606 0.791724 0.795789 0.799803 0.803770 0.807691 0.811568 0.815404 0.819202 0.822962 0.826689 0.830383 0.834048 0.837685 0.841297 0.844886 0.848455 0.852005 0.855540 0.859061 0.862571 0.866071 0.869565 0.873055 0.876542 0.880030 0.883519 0.887014 0.890499 0.893958 0.897393 0.900805 0.904193 0.907559 0.910904 0.914229 0.917534 0.920820 0.924088 0.927339 0.930573 0.933792 0.936996 0.940187 0.943364 0.946529 0.949683 0.952825 0.955958 0.959083 0.962198 0.965307 0.968409 0.971505 0.974596 0.977684 0.980768 0.983849 0.986929 0.990008))
(time 0)
(channel green)
(curve
    (curve-type smooth)
    (n-points 17)
    (points 34 0.000000 0.006172 -1.000000 -1.000000 0.121569 0.046147 -1.000000 -1.000000 0.247059 0.143631 -1.000000 -1.000000 0.372549 0.292521 -1.000000 -1.000000 0.498039 0.470246 -1.000000 -1.000000 0.623529 0.625015 -1.000000 -1.000000 0.749020 0.769445 -1.000000 -1.000000 0.874510 0.889884 -1.000000 -1.000000 1.000000 0.992513)
    (n-samples 256)
    (samples 256 0.006172 0.007016 0.007862 0.008715 0.009575 0.010447 0.011332 0.012235 0.013156 0.014100 0.015070 0.016067 0.017094 0.018155 0.019253 0.020389 0.021567 0.022790 0.024060 0.025380 0.026753 0.028182 0.029669 0.031218 0.032830 0.034510 0.036259 0.038080 0.039977 0.041952 0.044008 0.046147 0.048358 0.050626 0.052951 0.055334 0.057772 0.060267 0.062817 0.065423 0.068084 0.070799 0.073569 0.076392 0.079269 0.082200 0.085183 0.088218 0.091306 0.094445 0.097636 0.100878 0.104171 0.107514 0.110906 0.114349 0.117841 0.121381 0.124970 0.128608 0.132293 0.136025 0.139805 0.143631 0.147516 0.151472 0.155496 0.159585 0.163739 0.167955 0.172230 0.176563 0.180952 0.185395 0.189889 0.194433 0.199024 0.203660 0.208340 0.213061 0.217821 0.222619 0.227451 0.232316 0.237213 0.242138 0.247090 0.252066 0.257066 0.262086 0.267124 0.272179 0.277248 0.282330 0.287421 0.292521 0.297663 0.302879 0.308164 0.313514 0.318923 0.324388 0.329903 0.335463 0.341064 0.346701 0.352370 0.358065 0.363782 0.369516 0.375262 0.381016 0.386773 0.392528 0.398276 0.404013 0.409734 0.415435 0.421109 0.426753 0.432362 0.437932 0.443456 0.448932 0.454353 0.459716 0.465015 0.470246 0.475424 0.480569 0.485681 0.490761 0.495812 0.500834 0.505828 0.510795 0.515736 0.520654 0.525548 0.530420 0.535271 0.540103 0.544916 0.549712 0.554491 0.559255 0.564005 0.568743 0.573469 0.578184 0.582890 0.587588 0.592279 0.596964 0.601644 0.606321 0.610995 0.615668 0.620341 0.625015 0.629691 0.634370 0.639049 0.643727 0.648404 0.653078 0.657748 0.662412 0.667069 0.671718 0.676358 0.680987 0.685605 0.690210 0.694800 0.699375 0.703933 0.708473 0.712994 0.717495 0.721973 0.726429 0.730860 0.735266 0.739645 0.743996 0.748318 0.752609 0.756869 0.761095 0.765287 0.769445 0.773569 0.777664 0.781731 0.785770 0.789781 0.793766 0.797725 0.801659 0.805568 0.809452 0.813312 0.817149 0.820964 0.824756 0.828527 0.832277 0.836007 0.839716 0.843407 0.847078 0.850732 0.854368 0.857986 0.861589 0.865175 0.868747 0.872303 0.875846 0.879374 0.882890 0.886393 0.889884 0.893357 0.896804 0.900227 0.903626 0.907002 0.910356 0.913690 0.917002 0.920295 0.923570 0.926826 0.930066 0.933289 0.936496 0.939689 0.942868 0.946034 0.949188 0.952330 0.955462 0.958584 0.961697 0.964802 0.967899 0.970990 0.974076 0.977156 0.980232 0.983305 0.986376 0.989445 0.992513))
(time 0)
(channel blue)
(curve
    (curve-type smooth)
    (n-points 17)
    (points 34 0.000000 0.004610 -1.000000 -1.000000 0.121569 0.011029 -1.000000 -1.000000 0.247059 0.088004 -1.000000 -1.000000 0.372549 0.257984 -1.000000 -1.000000 0.498039 0.442907 -1.000000 -1.000000 0.623529 0.640809 -1.000000 -1.000000 0.749020 0.809407 -1.000000 -1.000000 0.874510 0.925312 -1.000000 -1.000000 1.000000 0.998505)
    (n-samples 256)
    (samples 256 0.004610 0.004259 0.003912 0.003572 0.003242 0.002926 0.002628 0.002350 0.002097 0.001872 0.001678 0.001519 0.001399 0.001320 0.001287 0.001302 0.001370 0.001493 0.001676 0.001921 0.002233 0.002614 0.003069 0.003600 0.004211 0.004906 0.005689 0.006561 0.007528 0.008593 0.009759 0.011029 0.012375 0.013768 0.015210 0.016702 0.018248 0.019849 0.021507 0.023225 0.025005 0.026849 0.028759 0.030737 0.032786 0.034907 0.037103 0.039377 0.041729 0.044163 0.046681 0.049284 0.051975 0.054757 0.057630 0.060598 0.063663 0.066826 0.070091 0.073459 0.076932 0.080512 0.084202 0.088004 0.091945 0.096046 0.100300 0.104699 0.109237 0.113906 0.118699 0.123609 0.128630 0.133753 0.138971 0.144278 0.149666 0.155129 0.160658 0.166247 0.171889 0.177577 0.183303 0.189060 0.194841 0.200640 0.206448 0.212259 0.218065 0.223860 0.229636 0.235386 0.241103 0.246780 0.252409 0.257984 0.263538 0.269108 0.274694 0.280296 0.285913 0.291547 0.297196 0.302860 0.308539 0.314233 0.319942 0.325665 0.331403 0.337155 0.342921 0.348701 0.354494 0.360301 0.366121 0.371954 0.377800 0.383659 0.389530 0.395414 0.401310 0.407217 0.413137 0.419069 0.425012 0.430966 0.436931 0.442907 0.448915 0.454973 0.461077 0.467224 0.473409 0.479629 0.485879 0.492157 0.498457 0.504777 0.511111 0.517458 0.523811 0.530169 0.536526 0.542879 0.549224 0.555557 0.561874 0.568172 0.574446 0.580693 0.586909 0.593090 0.599232 0.605331 0.611383 0.617385 0.623332 0.629222 0.635048 0.640809 0.646532 0.652248 0.657953 0.663646 0.669325 0.674987 0.680631 0.686254 0.691854 0.697429 0.702976 0.708495 0.713982 0.719435 0.724853 0.730232 0.735572 0.740869 0.746123 0.751329 0.756487 0.761595 0.766649 0.771648 0.776591 0.781474 0.786295 0.791053 0.795745 0.800370 0.804924 0.809407 0.813822 0.818177 0.822472 0.826709 0.830888 0.835010 0.839077 0.843089 0.847047 0.850953 0.854806 0.858608 0.862359 0.866062 0.869716 0.873322 0.876882 0.880396 0.883866 0.887292 0.890674 0.894015 0.897315 0.900574 0.903794 0.906976 0.910120 0.913228 0.916300 0.919338 0.922341 0.925312 0.928236 0.931099 0.933903 0.936651 0.939344 0.941984 0.944574 0.947114 0.949608 0.952056 0.954462 0.956826 0.959152 0.961440 0.963693 0.965913 0.968101 0.970261 0.972392 0.974499 0.976582 0.978643 0.980685 0.982709 0.984718 0.986713 0.988696 0.990670 0.992636 0.994595 0.996551 0.998505))
(time 0)
(channel alpha)
(curve
    (curve-type free)
    (n-points 17)
    (points 34 -1.000000 -1.000000 -1.000000 -1.000000 -1.000000 -1.000000 -1.000000 -1.000000 -1.000000 -1.000000 -1.000000 -1.000000 -1.000000 -1.000000 -1.000000 -1.000000 -1.000000 -1.000000 -1.000000 -1.000000 -1.000000 -1.000000 -1.000000 -1.000000 -1.000000 -1.000000 -1.000000 -1.000000 -1.000000 -1.000000 -1.000000 -1.000000 -1.000000 -1.000000)
    (n-samples 256)
    (samples 256 0.000000 0.003922 0.007843 0.011765 0.015686 0.019608 0.023529 0.027451 0.031373 0.035294 0.039216 0.043137 0.047059 0.050980 0.054902 0.058824 0.062745 0.066667 0.070588 0.074510 0.078431 0.082353 0.086275 0.090196 0.094118 0.098039 0.101961 0.105882 0.109804 0.113725 0.117647 0.121569 0.125490 0.129412 0.133333 0.137255 0.141176 0.145098 0.149020 0.152941 0.156863 0.160784 0.164706 0.168627 0.172549 0.176471 0.180392 0.184314 0.188235 0.192157 0.196078 0.200000 0.203922 0.207843 0.211765 0.215686 0.219608 0.223529 0.227451 0.231373 0.235294 0.239216 0.243137 0.247059 0.250980 0.254902 0.258824 0.262745 0.266667 0.270588 0.274510 0.278431 0.282353 0.286275 0.290196 0.294118 0.298039 0.301961 0.305882 0.309804 0.313725 0.317647 0.321569 0.325490 0.329412 0.333333 0.337255 0.341176 0.345098 0.349020 0.352941 0.356863 0.360784 0.364706 0.368627 0.372549 0.376471 0.380392 0.384314 0.388235 0.392157 0.396078 0.400000 0.403922 0.407843 0.411765 0.415686 0.419608 0.423529 0.427451 0.431373 0.435294 0.439216 0.443137 0.447059 0.450980 0.454902 0.458824 0.462745 0.466667 0.470588 0.474510 0.478431 0.482353 0.486275 0.490196 0.494118 0.498039 0.501961 0.505882 0.509804 0.513725 0.517647 0.521569 0.525490 0.529412 0.533333 0.537255 0.541176 0.545098 0.549020 0.552941 0.556863 0.560784 0.564706 0.568627 0.572549 0.576471 0.580392 0.584314 0.588235 0.592157 0.596078 0.600000 0.603922 0.607843 0.611765 0.615686 0.619608 0.623529 0.627451 0.631373 0.635294 0.639216 0.643137 0.647059 0.650980 0.654902 0.658824 0.662745 0.666667 0.670588 0.674510 0.678431 0.682353 0.686275 0.690196 0.694118 0.698039 0.701961 0.705882 0.709804 0.713725 0.717647 0.721569 0.725490 0.729412 0.733333 0.737255 0.741176 0.745098 0.749020 0.752941 0.756863 0.760784 0.764706 0.768627 0.772549 0.776471 0.780392 0.784314 0.788235 0.792157 0.796078 0.800000 0.803922 0.807843 0.811765 0.815686 0.819608 0.823529 0.827451 0.831373 0.835294 0.839216 0.843137 0.847059 0.850980 0.854902 0.858824 0.862745 0.866667 0.870588 0.874510 0.878431 0.882353 0.886275 0.890196 0.894118 0.898039 0.901961 0.905882 0.909804 0.913725 0.917647 0.921569 0.925490 0.929412 0.933333 0.937255 0.941176 0.945098 0.949020 0.952941 0.956863 0.960784 0.964706 0.968627 0.972549 0.976471 0.980392 0.984314 0.988235 0.992157 0.996078 1.000000))

# end of curves tool settings
