# GIMP curves tool settings

(time 0)
(channel value)
(curve
    (curve-type smooth)
    (n-points 17)
    (points 34 0.000000 0.000000 -1.000000 -1.000000 0.121569 0.121569 -1.000000 -1.000000 0.247059 0.247059 -1.000000 -1.000000 0.372549 0.372549 -1.000000 -1.000000 0.498039 0.498039 -1.000000 -1.000000 0.623529 0.623529 -1.000000 -1.000000 0.749020 0.749020 -1.000000 -1.000000 0.874510 0.874510 -1.000000 -1.000000 1.000000 1.000000)
    (n-samples 256)
    (samples 256 0.000000 0.003922 0.007843 0.011765 0.015686 0.019608 0.023529 0.027451 0.031373 0.035294 0.039216 0.043137 0.047059 0.050980 0.054902 0.058824 0.062745 0.066667 0.070588 0.074510 0.078431 0.082353 0.086275 0.090196 0.094118 0.098039 0.101961 0.105882 0.109804 0.113725 0.117647 0.121569 0.125491 0.129412 0.133334 0.137255 0.141177 0.145098 0.149020 0.152942 0.156863 0.160785 0.164706 0.168628 0.172549 0.176471 0.180393 0.184314 0.188236 0.192157 0.196079 0.200000 0.203922 0.207844 0.211765 0.215687 0.219608 0.223530 0.227451 0.231373 0.235294 0.239216 0.243138 0.247059 0.250981 0.254902 0.258824 0.262745 0.266667 0.270588 0.274510 0.278432 0.282353 0.286275 0.290196 0.294118 0.298039 0.301961 0.305883 0.309804 0.313726 0.317647 0.321569 0.325490 0.329412 0.333334 0.337255 0.341177 0.345098 0.349020 0.352941 0.356863 0.360784 0.364706 0.368628 0.372549 0.376471 0.380392 0.384314 0.388235 0.392157 0.396078 0.400000 0.403922 0.407843 0.411765 0.415686 0.419608 0.423529 0.427451 0.431373 0.435294 0.439216 0.443137 0.447059 0.450980 0.454902 0.458824 0.462745 0.466667 0.470588 0.474510 0.478431 0.482353 0.486274 0.490196 0.494118 0.498039 0.501961 0.505882 0.509804 0.513725 0.517647 0.521568 0.525490 0.529412 0.533333 0.537255 0.541176 0.545098 0.549019 0.552941 0.556863 0.560784 0.564706 0.568627 0.572549 0.576470 0.580392 0.584314 0.588235 0.592157 0.596078 0.600000 0.603921 0.607843 0.611764 0.615686 0.619608 0.623529 0.627451 0.631372 0.635294 0.639215 0.643137 0.647058 0.650980 0.654902 0.658823 0.662745 0.666666 0.670588 0.674509 0.678431 0.682353 0.686274 0.690196 0.694117 0.698039 0.701960 0.705882 0.709804 0.713725 0.717647 0.721568 0.725490 0.729411 0.733333 0.737254 0.741176 0.745098 0.749020 0.752942 0.756863 0.760785 0.764706 0.768628 0.772549 0.776471 0.780393 0.784314 0.788236 0.792157 0.796079 0.800000 0.803922 0.807844 0.811765 0.815687 0.819608 0.823530 0.827451 0.831373 0.835295 0.839216 0.843138 0.847059 0.850981 0.854902 0.858824 0.862745 0.866667 0.870589 0.874510 0.878432 0.882353 0.886275 0.890196 0.894118 0.898039 0.901961 0.905883 0.909804 0.913726 0.917647 0.921569 0.925490 0.929412 0.933334 0.937255 0.941177 0.945098 0.949020 0.952941 0.956863 0.960785 0.964706 0.968628 0.972549 0.976471 0.980392 0.984314 0.988235 0.992157 0.996079 1.000000))
(time 0)
(channel red)
(curve
    (curve-type smooth)
    (n-points 17)
    (points 34 0.000000 0.005348 -1.000000 -1.000000 0.121569 0.064461 -1.000000 -1.000000 0.247059 0.157958 -1.000000 -1.000000 0.372549 0.289011 -1.000000 -1.000000 0.498039 0.411129 -1.000000 -1.000000 0.623529 0.566990 -1.000000 -1.000000 0.749020 0.725169 -1.000000 -1.000000 0.874510 0.862046 -1.000000 -1.000000 1.000000 0.997813)
    (n-samples 256)
    (samples 256 0.005348 0.006997 0.008648 0.010303 0.011962 0.013627 0.015301 0.016984 0.018678 0.020386 0.022107 0.023845 0.025601 0.027376 0.029171 0.030990 0.032832 0.034701 0.036596 0.038521 0.040476 0.042463 0.044484 0.046541 0.048634 0.050767 0.052939 0.055153 0.057411 0.059714 0.062063 0.064461 0.066896 0.069358 0.071846 0.074362 0.076905 0.079477 0.082078 0.084708 0.087368 0.090058 0.092779 0.095531 0.098315 0.101132 0.103982 0.106865 0.109782 0.112733 0.115720 0.118741 0.121799 0.124894 0.128025 0.131194 0.134401 0.137647 0.140931 0.144255 0.147620 0.151025 0.154471 0.157958 0.161507 0.165134 0.168834 0.172604 0.176438 0.180334 0.184286 0.188290 0.192342 0.196438 0.200574 0.204745 0.208947 0.213175 0.217426 0.221696 0.225979 0.230272 0.234571 0.238870 0.243167 0.247456 0.251734 0.255996 0.260238 0.264455 0.268644 0.272800 0.276919 0.280997 0.285029 0.289011 0.292942 0.296827 0.300669 0.304473 0.308241 0.311979 0.315690 0.319378 0.323047 0.326700 0.330342 0.333977 0.337608 0.341240 0.344876 0.348520 0.352176 0.355848 0.359540 0.363256 0.367000 0.370775 0.374586 0.378437 0.382330 0.386271 0.390264 0.394311 0.398417 0.402586 0.406822 0.411129 0.415504 0.419939 0.424433 0.428981 0.433582 0.438232 0.442928 0.447667 0.452448 0.457266 0.462119 0.467004 0.471918 0.476858 0.481822 0.486806 0.491808 0.496824 0.501852 0.506890 0.511933 0.516980 0.522027 0.527071 0.532110 0.537141 0.542161 0.547166 0.552155 0.557124 0.562070 0.566990 0.571909 0.576851 0.581815 0.586797 0.591796 0.596809 0.601835 0.606871 0.611915 0.616965 0.622018 0.627073 0.632128 0.637179 0.642226 0.647265 0.652296 0.657315 0.662320 0.667310 0.672281 0.677233 0.682162 0.687067 0.691945 0.696795 0.701614 0.706399 0.711150 0.715863 0.720536 0.725169 0.729759 0.734311 0.738826 0.743306 0.747752 0.752168 0.756554 0.760912 0.765245 0.769554 0.773840 0.778107 0.782355 0.786587 0.790804 0.795008 0.799202 0.803386 0.807563 0.811735 0.815903 0.820069 0.824236 0.828404 0.832577 0.836755 0.840940 0.845135 0.849342 0.853561 0.857795 0.862046 0.866305 0.870563 0.874819 0.879074 0.883327 0.887579 0.891830 0.896079 0.900327 0.904574 0.908820 0.913064 0.917308 0.921551 0.925793 0.930034 0.934274 0.938513 0.942752 0.946990 0.951227 0.955464 0.959701 0.963936 0.968172 0.972407 0.976642 0.980876 0.985111 0.989345 0.993579 0.997813))
(time 0)
(channel green)
(curve
    (curve-type smooth)
    (n-points 17)
    (points 34 0.000000 0.002636 -1.000000 -1.000000 0.121569 0.053625 -1.000000 -1.000000 0.247059 0.142859 -1.000000 -1.000000 0.372549 0.272143 -1.000000 -1.000000 0.498039 0.420230 -1.000000 -1.000000 0.623529 0.551836 -1.000000 -1.000000 0.749020 0.699679 -1.000000 -1.000000 0.874510 0.864631 -1.000000 -1.000000 1.000000 0.996509)
    (n-samples 256)
    (samples 256 0.002636 0.003991 0.005347 0.006707 0.008073 0.009445 0.010827 0.012220 0.013625 0.015045 0.016481 0.017936 0.019410 0.020906 0.022426 0.023971 0.025543 0.027145 0.028777 0.030441 0.032141 0.033876 0.035650 0.037463 0.039318 0.041217 0.043161 0.045152 0.047192 0.049283 0.051427 0.053625 0.055866 0.058139 0.060445 0.062782 0.065152 0.067555 0.069992 0.072462 0.074967 0.077506 0.080080 0.082690 0.085335 0.088016 0.090733 0.093488 0.096279 0.099108 0.101975 0.104880 0.107824 0.110807 0.113829 0.116890 0.119992 0.123135 0.126318 0.129542 0.132808 0.136116 0.139466 0.142859 0.146303 0.149805 0.153363 0.156975 0.160638 0.164353 0.168115 0.171923 0.175776 0.179671 0.183607 0.187581 0.191591 0.195637 0.199714 0.203823 0.207960 0.212124 0.216313 0.220524 0.224757 0.229009 0.233278 0.237561 0.241858 0.246167 0.250484 0.254809 0.259139 0.263473 0.267808 0.272143 0.276503 0.280912 0.285368 0.289867 0.294406 0.298981 0.303590 0.308229 0.312895 0.317585 0.322295 0.327023 0.331764 0.336517 0.341277 0.346041 0.350807 0.355571 0.360329 0.365078 0.369816 0.374539 0.379243 0.383927 0.388585 0.393215 0.397815 0.402379 0.406907 0.411393 0.415835 0.420230 0.424577 0.428878 0.433138 0.437358 0.441543 0.445694 0.449816 0.453910 0.457980 0.462029 0.466060 0.470076 0.474080 0.478074 0.482063 0.486048 0.490034 0.494022 0.498016 0.502019 0.506034 0.510063 0.514111 0.518179 0.522272 0.526391 0.530539 0.534721 0.538939 0.543195 0.547493 0.551836 0.556210 0.560599 0.565003 0.569422 0.573857 0.578307 0.582773 0.587254 0.591751 0.596263 0.600792 0.605336 0.609896 0.614472 0.619064 0.623673 0.628298 0.632939 0.637596 0.642271 0.646961 0.651669 0.656393 0.661134 0.665892 0.670667 0.675459 0.680268 0.685094 0.689938 0.694799 0.699679 0.704599 0.709579 0.714616 0.719705 0.724842 0.730021 0.735238 0.740489 0.745769 0.751073 0.756397 0.761736 0.767086 0.772442 0.777799 0.783153 0.788499 0.793833 0.799149 0.804445 0.809714 0.814952 0.820155 0.825318 0.830436 0.835505 0.840521 0.845478 0.850372 0.855199 0.859953 0.864631 0.869245 0.873812 0.878334 0.882811 0.887247 0.891641 0.895996 0.900314 0.904595 0.908841 0.913053 0.917234 0.921385 0.925507 0.929602 0.933671 0.937716 0.941738 0.945738 0.949720 0.953683 0.957629 0.961560 0.965478 0.969383 0.973278 0.977164 0.981042 0.984914 0.988782 0.992646 0.996509))
(time 0)
(channel blue)
(curve
    (curve-type smooth)
    (n-points 17)
    (points 34 0.000000 0.003443 -1.000000 -1.000000 0.121569 0.066830 -1.000000 -1.000000 0.247059 0.181886 -1.000000 -1.000000 0.372549 0.328010 -1.000000 -1.000000 0.498039 0.475271 -1.000000 -1.000000 0.623529 0.616239 -1.000000 -1.000000 0.749020 0.725928 -1.000000 -1.000000 0.874510 0.847907 -1.000000 -1.000000 1.000000 0.996118)
    (n-samples 256)
    (samples 256 0.003443 0.005094 0.006748 0.008407 0.010073 0.011749 0.013437 0.015140 0.016860 0.018600 0.020362 0.022148 0.023962 0.025805 0.027680 0.029590 0.031536 0.033522 0.035549 0.037621 0.039739 0.041907 0.044126 0.046400 0.048730 0.051119 0.053569 0.056084 0.058664 0.061314 0.064035 0.066830 0.069695 0.072623 0.075613 0.078663 0.081771 0.084937 0.088158 0.091432 0.094759 0.098135 0.101561 0.105034 0.108552 0.112114 0.115719 0.119364 0.123048 0.126770 0.130527 0.134318 0.138142 0.141997 0.145881 0.149793 0.153731 0.157693 0.161678 0.165684 0.169709 0.173752 0.177812 0.181886 0.185996 0.190163 0.194385 0.198657 0.202978 0.207345 0.211755 0.216206 0.220694 0.225217 0.229772 0.234357 0.238968 0.243604 0.248260 0.252935 0.257626 0.262330 0.267044 0.271765 0.276491 0.281220 0.285947 0.290671 0.295389 0.300098 0.304795 0.309478 0.314144 0.318789 0.323412 0.328010 0.332598 0.337194 0.341797 0.346406 0.351021 0.355641 0.360265 0.364893 0.369524 0.374156 0.378791 0.383426 0.388062 0.392697 0.397331 0.401963 0.406592 0.411219 0.415841 0.420459 0.425072 0.429679 0.434279 0.438872 0.443457 0.448033 0.452600 0.457157 0.461703 0.466238 0.470761 0.475271 0.479783 0.484312 0.488854 0.493407 0.497969 0.502539 0.507113 0.511689 0.516265 0.520838 0.525407 0.529970 0.534523 0.539064 0.543592 0.548103 0.552597 0.557069 0.561519 0.565944 0.570341 0.574708 0.579043 0.583344 0.587608 0.591833 0.596017 0.600158 0.604253 0.608299 0.612296 0.616239 0.620120 0.623931 0.627678 0.631363 0.634991 0.638566 0.642092 0.645572 0.649012 0.652414 0.655783 0.659123 0.662438 0.665731 0.669007 0.672270 0.675524 0.678772 0.682019 0.685269 0.688525 0.691792 0.695074 0.698374 0.701697 0.705047 0.708427 0.711842 0.715295 0.718791 0.722334 0.725928 0.729547 0.733166 0.736786 0.740408 0.744033 0.747664 0.751300 0.754944 0.758596 0.762258 0.765931 0.769617 0.773317 0.777031 0.780762 0.784510 0.788277 0.792064 0.795872 0.799704 0.803559 0.807439 0.811345 0.815280 0.819243 0.823237 0.827262 0.831321 0.835413 0.839541 0.843705 0.847907 0.852148 0.856426 0.860740 0.865088 0.869471 0.873886 0.878332 0.882808 0.887313 0.891845 0.896404 0.900989 0.905597 0.910228 0.914880 0.919553 0.924246 0.928956 0.933683 0.938426 0.943183 0.947953 0.952735 0.957528 0.962331 0.967142 0.971961 0.976785 0.981614 0.986447 0.991282 0.996118))
(time 0)
(channel alpha)
(curve
    (curve-type free)
    (n-points 17)
    (points 34 -1.000000 -1.000000 -1.000000 -1.000000 -1.000000 -1.000000 -1.000000 -1.000000 -1.000000 -1.000000 -1.000000 -1.000000 -1.000000 -1.000000 -1.000000 -1.000000 -1.000000 -1.000000 -1.000000 -1.000000 -1.000000 -1.000000 -1.000000 -1.000000 -1.000000 -1.000000 -1.000000 -1.000000 -1.000000 -1.000000 -1.000000 -1.000000 -1.000000 -1.000000)
    (n-samples 256)
    (samples 256 0.000000 0.003922 0.007843 0.011765 0.015686 0.019608 0.023529 0.027451 0.031373 0.035294 0.039216 0.043137 0.047059 0.050980 0.054902 0.058824 0.062745 0.066667 0.070588 0.074510 0.078431 0.082353 0.086275 0.090196 0.094118 0.098039 0.101961 0.105882 0.109804 0.113725 0.117647 0.121569 0.125490 0.129412 0.133333 0.137255 0.141176 0.145098 0.149020 0.152941 0.156863 0.160784 0.164706 0.168627 0.172549 0.176471 0.180392 0.184314 0.188235 0.192157 0.196078 0.200000 0.203922 0.207843 0.211765 0.215686 0.219608 0.223529 0.227451 0.231373 0.235294 0.239216 0.243137 0.247059 0.250980 0.254902 0.258824 0.262745 0.266667 0.270588 0.274510 0.278431 0.282353 0.286275 0.290196 0.294118 0.298039 0.301961 0.305882 0.309804 0.313725 0.317647 0.321569 0.325490 0.329412 0.333333 0.337255 0.341176 0.345098 0.349020 0.352941 0.356863 0.360784 0.364706 0.368627 0.372549 0.376471 0.380392 0.384314 0.388235 0.392157 0.396078 0.400000 0.403922 0.407843 0.411765 0.415686 0.419608 0.423529 0.427451 0.431373 0.435294 0.439216 0.443137 0.447059 0.450980 0.454902 0.458824 0.462745 0.466667 0.470588 0.474510 0.478431 0.482353 0.486275 0.490196 0.494118 0.498039 0.501961 0.505882 0.509804 0.513725 0.517647 0.521569 0.525490 0.529412 0.533333 0.537255 0.541176 0.545098 0.549020 0.552941 0.556863 0.560784 0.564706 0.568627 0.572549 0.576471 0.580392 0.584314 0.588235 0.592157 0.596078 0.600000 0.603922 0.607843 0.611765 0.615686 0.619608 0.623529 0.627451 0.631373 0.635294 0.639216 0.643137 0.647059 0.650980 0.654902 0.658824 0.662745 0.666667 0.670588 0.674510 0.678431 0.682353 0.686275 0.690196 0.694118 0.698039 0.701961 0.705882 0.709804 0.713725 0.717647 0.721569 0.725490 0.729412 0.733333 0.737255 0.741176 0.745098 0.749020 0.752941 0.756863 0.760784 0.764706 0.768627 0.772549 0.776471 0.780392 0.784314 0.788235 0.792157 0.796078 0.800000 0.803922 0.807843 0.811765 0.815686 0.819608 0.823529 0.827451 0.831373 0.835294 0.839216 0.843137 0.847059 0.850980 0.854902 0.858824 0.862745 0.866667 0.870588 0.874510 0.878431 0.882353 0.886275 0.890196 0.894118 0.898039 0.901961 0.905882 0.909804 0.913725 0.917647 0.921569 0.925490 0.929412 0.933333 0.937255 0.941176 0.945098 0.949020 0.952941 0.956863 0.960784 0.964706 0.968627 0.972549 0.976471 0.980392 0.984314 0.988235 0.992157 0.996078 1.000000))

# end of curves tool settings
