# GIMP curves tool settings

(time 0)
(channel value)
(curve
       (curve-type free)
       (n-points 17)
       (points 34 -1.0 -1.0 -1.0 -1.0 -1.0 -1.0 -1.0 -1.0 -1.0 -1.0 -1.0 -1.0 -1.0 -1.0 -1.0 -1.0 -1.0 -1.0 -1.0 -1.0 -1.0 -1.0 -1.0 -1.0 -1.0 -1.0 -1.0 -1.0 -1.0 -1.0 -1.0 -1.0 -1.0 -1.0)
       (n-samples 256)
       (samples 256 0.000000 0.003922 0.007843 0.011765 0.015686 0.019608 0.023529 0.027451 0.031373 0.035294 0.039216 0.043137 0.047059 0.050980 0.054902 0.058824 0.062745 0.066667 0.070588 0.074510 0.078431 0.082353 0.086275 0.090196 0.094118 0.098039 0.101961 0.105882 0.109804 0.113725 0.117647 0.121569 0.125490 0.129412 0.133333 0.137255 0.141176 0.145098 0.149020 0.152941 0.156863 0.160784 0.164706 0.168627 0.172549 0.176471 0.180392 0.184314 0.188235 0.192157 0.196078 0.200000 0.203922 0.207843 0.211765 0.215686 0.219608 0.223529 0.227451 0.231373 0.235294 0.239216 0.243137 0.247059 0.250980 0.254902 0.258824 0.262745 0.266667 0.270588 0.274510 0.278431 0.282353 0.286275 0.290196 0.294118 0.298039 0.301961 0.305882 0.309804 0.313725 0.317647 0.321569 0.325490 0.329412 0.333333 0.337255 0.341176 0.345098 0.349020 0.352941 0.356863 0.360784 0.364706 0.368627 0.372549 0.376471 0.380392 0.384314 0.388235 0.392157 0.396078 0.400000 0.403922 0.407843 0.411765 0.415686 0.419608 0.423529 0.427451 0.431373 0.435294 0.439216 0.443137 0.447059 0.450980 0.454902 0.458824 0.462745 0.466667 0.470588 0.474510 0.478431 0.482353 0.486275 0.490196 0.494118 0.498039 0.501961 0.505882 0.509804 0.513725 0.517647 0.521569 0.525490 0.529412 0.533333 0.537255 0.541176 0.545098 0.549020 0.552941 0.556863 0.560784 0.564706 0.568627 0.572549 0.576471 0.580392 0.584314 0.588235 0.592157 0.596078 0.600000 0.603922 0.607843 0.611765 0.615686 0.619608 0.623529 0.627451 0.631373 0.635294 0.639216 0.643137 0.647059 0.650980 0.654902 0.658824 0.662745 0.666667 0.670588 0.674510 0.678431 0.682353 0.686275 0.690196 0.694118 0.698039 0.701961 0.705882 0.709804 0.713725 0.717647 0.721569 0.725490 0.729412 0.733333 0.737255 0.741176 0.745098 0.749020 0.752941 0.756863 0.760784 0.764706 0.768627 0.772549 0.776471 0.780392 0.784314 0.788235 0.792157 0.796078 0.800000 0.803922 0.807843 0.811765 0.815686 0.819608 0.823529 0.827451 0.831373 0.835294 0.839216 0.843137 0.847059 0.850980 0.854902 0.858824 0.862745 0.866667 0.870588 0.874510 0.878431 0.882353 0.886275 0.890196 0.894118 0.898039 0.901961 0.905882 0.909804 0.913725 0.917647 0.921569 0.925490 0.929412 0.933333 0.937255 0.941176 0.945098 0.949020 0.952941 0.956863 0.960784 0.964706 0.968627 0.972549 0.976471 0.980392 0.984314 0.988235 0.992157 0.996078 1.000000))
(time 0)
(channel red)
(curve
       (curve-type free)
       (n-points 17)
       (points 34 -1.0 -1.0 -1.0 -1.0 -1.0 -1.0 -1.0 -1.0 -1.0 -1.0 -1.0 -1.0 -1.0 -1.0 -1.0 -1.0 -1.0 -1.0 -1.0 -1.0 -1.0 -1.0 -1.0 -1.0 -1.0 -1.0 -1.0 -1.0 -1.0 -1.0 -1.0 -1.0 -1.0 -1.0)
       (n-samples 256)
       (samples 256 0.065716 0.066336 0.067565 0.070702 0.073225 0.075267 0.076537 0.078625 0.081494 0.082814 0.083974 0.085498 0.086779 0.088498 0.090103 0.091563 0.093189 0.095052 0.096819 0.098393 0.100429 0.102109 0.103542 0.105705 0.107611 0.109404 0.111395 0.113207 0.114925 0.116917 0.118984 0.121339 0.123882 0.125972 0.128310 0.130511 0.133047 0.134960 0.137263 0.139567 0.141734 0.144071 0.146381 0.149034 0.151497 0.153930 0.156533 0.160447 0.162294 0.165727 0.168272 0.171118 0.174006 0.177896 0.181379 0.185197 0.188142 0.191568 0.195956 0.199160 0.202404 0.206563 0.210844 0.214649 0.217993 0.222241 0.226122 0.230370 0.234379 0.239196 0.243228 0.247150 0.252463 0.256101 0.260611 0.265276 0.269495 0.274731 0.279580 0.284283 0.288661 0.293413 0.298460 0.303904 0.307821 0.312869 0.318967 0.322912 0.328007 0.333365 0.339008 0.344435 0.349110 0.354248 0.359688 0.365864 0.370097 0.375522 0.380898 0.385299 0.391051 0.396100 0.400608 0.405762 0.410359 0.414480 0.418595 0.423961 0.428297 0.433382 0.438553 0.443115 0.448146 0.452577 0.457197 0.461200 0.466104 0.470762 0.474193 0.478723 0.482794 0.486550 0.491092 0.495584 0.499657 0.502795 0.506704 0.511556 0.516012 0.519437 0.524169 0.528414 0.533452 0.537188 0.541318 0.545988 0.549584 0.554073 0.557936 0.561814 0.566123 0.570182 0.573720 0.577314 0.580531 0.585209 0.588738 0.593904 0.597687 0.602164 0.605132 0.609896 0.614009 0.617973 0.621396 0.622730 0.629560 0.631752 0.637305 0.643852 0.648239 0.652900 0.657719 0.662471 0.666864 0.672115 0.676973 0.682161 0.686997 0.692883 0.697019 0.702005 0.706886 0.711683 0.716065 0.721042 0.725822 0.729405 0.734616 0.738651 0.742875 0.747361 0.751097 0.755645 0.759791 0.764569 0.768814 0.773044 0.777639 0.781695 0.786133 0.789967 0.793482 0.797722 0.801113 0.805403 0.809151 0.813337 0.817335 0.820953 0.823926 0.827005 0.830089 0.833190 0.836301 0.840303 0.843336 0.846475 0.849937 0.853263 0.856610 0.860082 0.863277 0.865956 0.869675 0.872713 0.875964 0.878629 0.881647 0.885316 0.888256 0.891978 0.894835 0.897719 0.900311 0.902820 0.905184 0.906424 0.908968 0.911329 0.912806 0.914755 0.918531 0.922390 0.926892 0.929544 0.934293 0.937563 0.942381 0.945634 0.948933 0.951565 0.954130 0.956015 0.957583 0.963971 0.963290 0.966885 0.972004 0.975961 0.980501 0.982966 0.980658 0.985544 0.989961 0.993263))
(time 0)
(channel green)
(curve
       (curve-type free)
       (n-points 17)
       (points 34 -1.0 -1.0 -1.0 -1.0 -1.0 -1.0 -1.0 -1.0 -1.0 -1.0 -1.0 -1.0 -1.0 -1.0 -1.0 -1.0 -1.0 -1.0 -1.0 -1.0 -1.0 -1.0 -1.0 -1.0 -1.0 -1.0 -1.0 -1.0 -1.0 -1.0 -1.0 -1.0 -1.0 -1.0)
       (n-samples 256)
       (samples 256 0.086159 0.075154 0.063969 0.064188 0.066150 0.067401 0.069104 0.070980 0.072767 0.075273 0.077060 0.079281 0.081208 0.083141 0.085065 0.086785 0.088760 0.090600 0.092449 0.094437 0.096408 0.098586 0.100525 0.102460 0.104687 0.106653 0.108617 0.110813 0.112766 0.114800 0.117070 0.119283 0.121611 0.124119 0.126247 0.128737 0.131683 0.134392 0.137472 0.140221 0.142888 0.145648 0.148500 0.151807 0.155383 0.158003 0.160940 0.164309 0.167223 0.170607 0.174431 0.177457 0.181390 0.184720 0.188553 0.192121 0.195781 0.200102 0.203272 0.207429 0.211006 0.215649 0.219225 0.223418 0.227629 0.231890 0.235694 0.239836 0.244169 0.248388 0.253079 0.257623 0.261722 0.265982 0.270779 0.275326 0.280802 0.285288 0.289415 0.294364 0.299264 0.304291 0.309044 0.313761 0.318442 0.323123 0.328429 0.333562 0.338087 0.342772 0.348120 0.352783 0.358009 0.362875 0.367759 0.372595 0.377775 0.382795 0.387614 0.392545 0.397573 0.402239 0.407212 0.411527 0.416363 0.421453 0.425756 0.430294 0.435089 0.440135 0.444340 0.449130 0.454016 0.458386 0.462413 0.467306 0.471743 0.476690 0.481350 0.485577 0.490298 0.494903 0.499392 0.504257 0.508294 0.513038 0.517263 0.521469 0.525846 0.530041 0.534203 0.538710 0.542853 0.546890 0.551143 0.555452 0.559638 0.563349 0.567901 0.571943 0.576399 0.580283 0.584560 0.588401 0.592568 0.596608 0.600720 0.604398 0.608932 0.613065 0.617156 0.621658 0.626134 0.630657 0.635207 0.640108 0.644612 0.649058 0.653800 0.657863 0.662329 0.666796 0.670722 0.674793 0.679916 0.684044 0.688288 0.692360 0.697260 0.701511 0.705689 0.710074 0.713461 0.718176 0.721906 0.725848 0.730254 0.733422 0.737309 0.740527 0.744816 0.746510 0.750462 0.753832 0.757778 0.760922 0.764418 0.767077 0.770648 0.774376 0.776507 0.781164 0.786323 0.789971 0.793897 0.796391 0.799836 0.803323 0.805961 0.808928 0.811850 0.814442 0.818083 0.821508 0.825499 0.828177 0.830964 0.833836 0.837321 0.839095 0.841646 0.844764 0.848100 0.850640 0.854667 0.857128 0.859733 0.863306 0.865652 0.868228 0.872655 0.875502 0.878546 0.881232 0.882753 0.886472 0.888911 0.891730 0.893753 0.896777 0.899317 0.902330 0.905343 0.908913 0.911240 0.914082 0.918013 0.921609 0.926116 0.929798 0.933853 0.937375 0.941985 0.946402 0.949720 0.955840 0.959329 0.963727 0.966781 0.969780 0.974194 0.980040 0.982325 0.986479 0.989464 0.991738))
(time 0)
(channel blue)
(curve
       (curve-type free)
       (n-points 17)
       (points 34 -1.0 -1.0 -1.0 -1.0 -1.0 -1.0 -1.0 -1.0 -1.0 -1.0 -1.0 -1.0 -1.0 -1.0 -1.0 -1.0 -1.0 -1.0 -1.0 -1.0 -1.0 -1.0 -1.0 -1.0 -1.0 -1.0 -1.0 -1.0 -1.0 -1.0 -1.0 -1.0 -1.0 -1.0)
       (n-samples 256)
       (samples 256 0.048307 0.050334 0.051294 0.053002 0.054478 0.057002 0.058149 0.060417 0.061765 0.063428 0.065073 0.067231 0.069011 0.071028 0.072829 0.074659 0.076244 0.077894 0.079363 0.081009 0.082222 0.084315 0.086196 0.087610 0.089340 0.091387 0.093289 0.095562 0.097656 0.099612 0.101868 0.103592 0.105936 0.107881 0.109940 0.112682 0.114742 0.117335 0.119811 0.122435 0.124609 0.127758 0.130254 0.133239 0.136033 0.138846 0.142013 0.145224 0.147880 0.151472 0.154968 0.158453 0.161033 0.165401 0.168602 0.172258 0.175161 0.179456 0.183346 0.186636 0.190290 0.194062 0.198018 0.201945 0.206154 0.210160 0.213453 0.218535 0.221968 0.226767 0.231477 0.236108 0.240248 0.244104 0.249270 0.253458 0.257208 0.260959 0.264206 0.268346 0.273152 0.278258 0.283227 0.288814 0.294319 0.299915 0.305884 0.310791 0.316312 0.321242 0.326943 0.332321 0.337183 0.342135 0.347024 0.352611 0.358108 0.363327 0.368461 0.372881 0.377916 0.382218 0.387350 0.392498 0.397380 0.401767 0.406481 0.411841 0.416681 0.421754 0.426437 0.431661 0.436179 0.441284 0.446199 0.451070 0.456158 0.460685 0.465627 0.470265 0.474605 0.479260 0.483761 0.488079 0.492699 0.497483 0.501676 0.505723 0.510948 0.514797 0.519451 0.523986 0.528135 0.532359 0.537705 0.541881 0.546433 0.550621 0.555682 0.559708 0.563879 0.568453 0.573456 0.578470 0.583003 0.587819 0.592491 0.596474 0.600837 0.605868 0.611013 0.614975 0.619170 0.623024 0.627557 0.632231 0.637559 0.641444 0.643636 0.649010 0.653141 0.657841 0.661883 0.665666 0.669595 0.672698 0.677713 0.681829 0.685575 0.690615 0.693547 0.697434 0.700967 0.704470 0.708462 0.711947 0.717299 0.721724 0.726704 0.731559 0.735259 0.739522 0.742116 0.746872 0.748763 0.750845 0.753033 0.757318 0.761336 0.763761 0.767123 0.770197 0.772365 0.775145 0.775908 0.779066 0.781465 0.784478 0.788783 0.791494 0.794697 0.798386 0.801246 0.805123 0.808569 0.812426 0.815724 0.820666 0.825391 0.827556 0.831177 0.834439 0.839441 0.842862 0.847157 0.850432 0.856159 0.857482 0.860208 0.862743 0.866307 0.869465 0.872143 0.873914 0.875774 0.877067 0.879520 0.882025 0.884563 0.884283 0.886314 0.888558 0.891310 0.893954 0.896544 0.899791 0.902237 0.906193 0.909714 0.913692 0.916846 0.920189 0.923027 0.926246 0.929149 0.933566 0.938082 0.942639 0.949090 0.955301 0.960942 0.966391 0.971089 0.974190 0.974902 0.980225))
(time 0)
(channel alpha)
(curve
       (curve-type free)
       (n-points 17)
       (points 34 -1.0 -1.0 -1.0 -1.0 -1.0 -1.0 -1.0 -1.0 -1.0 -1.0 -1.0 -1.0 -1.0 -1.0 -1.0 -1.0 -1.0 -1.0 -1.0 -1.0 -1.0 -1.0 -1.0 -1.0 -1.0 -1.0 -1.0 -1.0 -1.0 -1.0 -1.0 -1.0 -1.0 -1.0)
       (n-samples 256)
       (samples 256 0.000000 0.003922 0.007843 0.011765 0.015686 0.019608 0.023529 0.027451 0.031373 0.035294 0.039216 0.043137 0.047059 0.050980 0.054902 0.058824 0.062745 0.066667 0.070588 0.074510 0.078431 0.082353 0.086275 0.090196 0.094118 0.098039 0.101961 0.105882 0.109804 0.113725 0.117647 0.121569 0.125490 0.129412 0.133333 0.137255 0.141176 0.145098 0.149020 0.152941 0.156863 0.160784 0.164706 0.168627 0.172549 0.176471 0.180392 0.184314 0.188235 0.192157 0.196078 0.200000 0.203922 0.207843 0.211765 0.215686 0.219608 0.223529 0.227451 0.231373 0.235294 0.239216 0.243137 0.247059 0.250980 0.254902 0.258824 0.262745 0.266667 0.270588 0.274510 0.278431 0.282353 0.286275 0.290196 0.294118 0.298039 0.301961 0.305882 0.309804 0.313725 0.317647 0.321569 0.325490 0.329412 0.333333 0.337255 0.341176 0.345098 0.349020 0.352941 0.356863 0.360784 0.364706 0.368627 0.372549 0.376471 0.380392 0.384314 0.388235 0.392157 0.396078 0.400000 0.403922 0.407843 0.411765 0.415686 0.419608 0.423529 0.427451 0.431373 0.435294 0.439216 0.443137 0.447059 0.450980 0.454902 0.458824 0.462745 0.466667 0.470588 0.474510 0.478431 0.482353 0.486275 0.490196 0.494118 0.498039 0.501961 0.505882 0.509804 0.513725 0.517647 0.521569 0.525490 0.529412 0.533333 0.537255 0.541176 0.545098 0.549020 0.552941 0.556863 0.560784 0.564706 0.568627 0.572549 0.576471 0.580392 0.584314 0.588235 0.592157 0.596078 0.600000 0.603922 0.607843 0.611765 0.615686 0.619608 0.623529 0.627451 0.631373 0.635294 0.639216 0.643137 0.647059 0.650980 0.654902 0.658824 0.662745 0.666667 0.670588 0.674510 0.678431 0.682353 0.686275 0.690196 0.694118 0.698039 0.701961 0.705882 0.709804 0.713725 0.717647 0.721569 0.725490 0.729412 0.733333 0.737255 0.741176 0.745098 0.749020 0.752941 0.756863 0.760784 0.764706 0.768627 0.772549 0.776471 0.780392 0.784314 0.788235 0.792157 0.796078 0.800000 0.803922 0.807843 0.811765 0.815686 0.819608 0.823529 0.827451 0.831373 0.835294 0.839216 0.843137 0.847059 0.850980 0.854902 0.858824 0.862745 0.866667 0.870588 0.874510 0.878431 0.882353 0.886275 0.890196 0.894118 0.898039 0.901961 0.905882 0.909804 0.913725 0.917647 0.921569 0.925490 0.929412 0.933333 0.937255 0.941176 0.945098 0.949020 0.952941 0.956863 0.960784 0.964706 0.968627 0.972549 0.976471 0.980392 0.984314 0.988235 0.992157 0.996078 1.000000))
# end of curves tool settings
