# GIMP curves tool settings

(time 0)
(channel value)
(curve
       (curve-type free)
       (n-points 17)
       (points 34 -1.0 -1.0 -1.0 -1.0 -1.0 -1.0 -1.0 -1.0 -1.0 -1.0 -1.0 -1.0 -1.0 -1.0 -1.0 -1.0 -1.0 -1.0 -1.0 -1.0 -1.0 -1.0 -1.0 -1.0 -1.0 -1.0 -1.0 -1.0 -1.0 -1.0 -1.0 -1.0 -1.0 -1.0)
       (n-samples 256)
       (samples 256 0.000000 0.003922 0.007843 0.011765 0.015686 0.019608 0.023529 0.027451 0.031373 0.035294 0.039216 0.043137 0.047059 0.050980 0.054902 0.058824 0.062745 0.066667 0.070588 0.074510 0.078431 0.082353 0.086275 0.090196 0.094118 0.098039 0.101961 0.105882 0.109804 0.113725 0.117647 0.121569 0.125490 0.129412 0.133333 0.137255 0.141176 0.145098 0.149020 0.152941 0.156863 0.160784 0.164706 0.168627 0.172549 0.176471 0.180392 0.184314 0.188235 0.192157 0.196078 0.200000 0.203922 0.207843 0.211765 0.215686 0.219608 0.223529 0.227451 0.231373 0.235294 0.239216 0.243137 0.247059 0.250980 0.254902 0.258824 0.262745 0.266667 0.270588 0.274510 0.278431 0.282353 0.286275 0.290196 0.294118 0.298039 0.301961 0.305882 0.309804 0.313725 0.317647 0.321569 0.325490 0.329412 0.333333 0.337255 0.341176 0.345098 0.349020 0.352941 0.356863 0.360784 0.364706 0.368627 0.372549 0.376471 0.380392 0.384314 0.388235 0.392157 0.396078 0.400000 0.403922 0.407843 0.411765 0.415686 0.419608 0.423529 0.427451 0.431373 0.435294 0.439216 0.443137 0.447059 0.450980 0.454902 0.458824 0.462745 0.466667 0.470588 0.474510 0.478431 0.482353 0.486275 0.490196 0.494118 0.498039 0.501961 0.505882 0.509804 0.513725 0.517647 0.521569 0.525490 0.529412 0.533333 0.537255 0.541176 0.545098 0.549020 0.552941 0.556863 0.560784 0.564706 0.568627 0.572549 0.576471 0.580392 0.584314 0.588235 0.592157 0.596078 0.600000 0.603922 0.607843 0.611765 0.615686 0.619608 0.623529 0.627451 0.631373 0.635294 0.639216 0.643137 0.647059 0.650980 0.654902 0.658824 0.662745 0.666667 0.670588 0.674510 0.678431 0.682353 0.686275 0.690196 0.694118 0.698039 0.701961 0.705882 0.709804 0.713725 0.717647 0.721569 0.725490 0.729412 0.733333 0.737255 0.741176 0.745098 0.749020 0.752941 0.756863 0.760784 0.764706 0.768627 0.772549 0.776471 0.780392 0.784314 0.788235 0.792157 0.796078 0.800000 0.803922 0.807843 0.811765 0.815686 0.819608 0.823529 0.827451 0.831373 0.835294 0.839216 0.843137 0.847059 0.850980 0.854902 0.858824 0.862745 0.866667 0.870588 0.874510 0.878431 0.882353 0.886275 0.890196 0.894118 0.898039 0.901961 0.905882 0.909804 0.913725 0.917647 0.921569 0.925490 0.929412 0.933333 0.937255 0.941176 0.945098 0.949020 0.952941 0.956863 0.960784 0.964706 0.968627 0.972549 0.976471 0.980392 0.984314 0.988235 0.992157 0.996078 1.000000))
(time 0)
(channel red)
(curve
       (curve-type free)
       (n-points 17)
       (points 34 -1.0 -1.0 -1.0 -1.0 -1.0 -1.0 -1.0 -1.0 -1.0 -1.0 -1.0 -1.0 -1.0 -1.0 -1.0 -1.0 -1.0 -1.0 -1.0 -1.0 -1.0 -1.0 -1.0 -1.0 -1.0 -1.0 -1.0 -1.0 -1.0 -1.0 -1.0 -1.0 -1.0 -1.0)
       (n-samples 256)
       (samples 256 0.001176 0.002819 0.004735 0.003747 0.003857 0.003527 0.003892 0.004360 0.004760 0.005197 0.005796 0.006885 0.007530 0.008097 0.008988 0.009474 0.009962 0.010931 0.011684 0.012916 0.013558 0.015214 0.015848 0.016847 0.018431 0.020504 0.022954 0.023885 0.024188 0.024802 0.025694 0.026377 0.026955 0.027444 0.028599 0.029453 0.030225 0.032301 0.033764 0.035752 0.036912 0.038249 0.039633 0.040678 0.042006 0.043880 0.046134 0.046368 0.048127 0.049609 0.052133 0.053850 0.055442 0.057307 0.059485 0.062909 0.065761 0.068064 0.071338 0.075554 0.080933 0.087031 0.093051 0.100345 0.106655 0.113157 0.119797 0.125939 0.133129 0.140375 0.146604 0.152240 0.159488 0.164453 0.169772 0.175051 0.180563 0.187403 0.193398 0.200286 0.205012 0.211784 0.219237 0.224684 0.230468 0.234665 0.242596 0.248569 0.255176 0.261492 0.269610 0.274419 0.281536 0.288037 0.294186 0.299400 0.306444 0.311162 0.317858 0.323296 0.329026 0.334341 0.340093 0.344132 0.349582 0.355877 0.361968 0.369204 0.374921 0.379289 0.385813 0.392409 0.397803 0.404028 0.409447 0.415772 0.419739 0.426350 0.431612 0.437847 0.443906 0.449347 0.454498 0.459686 0.463100 0.470058 0.477107 0.480611 0.487591 0.492036 0.496904 0.501737 0.506479 0.511134 0.516897 0.521436 0.526466 0.531885 0.535912 0.540233 0.543023 0.547219 0.551499 0.554400 0.560201 0.563129 0.568001 0.573306 0.577193 0.581711 0.584520 0.589874 0.593237 0.598121 0.602222 0.606469 0.612408 0.615929 0.620264 0.625614 0.630945 0.634877 0.640329 0.645528 0.647159 0.654719 0.658291 0.661675 0.666388 0.669613 0.673961 0.677747 0.682999 0.687282 0.690129 0.695323 0.699213 0.702989 0.706444 0.711176 0.715601 0.720045 0.724128 0.729794 0.733592 0.739016 0.741043 0.744130 0.747010 0.749867 0.751554 0.754557 0.758490 0.761780 0.764283 0.768078 0.770996 0.774193 0.779172 0.781814 0.785840 0.788175 0.789895 0.792644 0.795500 0.798313 0.801288 0.803994 0.808273 0.812031 0.815771 0.818676 0.820822 0.822422 0.824089 0.825555 0.828743 0.833524 0.838960 0.845012 0.850207 0.855687 0.860406 0.865994 0.870367 0.872988 0.874216 0.874350 0.876738 0.879576 0.884543 0.888145 0.893645 0.895950 0.901090 0.906276 0.909270 0.912772 0.916884 0.919487 0.923849 0.928186 0.932909 0.937050 0.941352 0.946766 0.951217 0.955981 0.960549 0.965215 0.970914 0.975337 0.979231 0.984085 0.988199 0.990205))
(time 0)
(channel green)
(curve
       (curve-type free)
       (n-points 17)
       (points 34 -1.0 -1.0 -1.0 -1.0 -1.0 -1.0 -1.0 -1.0 -1.0 -1.0 -1.0 -1.0 -1.0 -1.0 -1.0 -1.0 -1.0 -1.0 -1.0 -1.0 -1.0 -1.0 -1.0 -1.0 -1.0 -1.0 -1.0 -1.0 -1.0 -1.0 -1.0 -1.0 -1.0 -1.0)
       (n-samples 256)
       (samples 256 0.008824 0.010695 0.016471 0.024124 0.021014 0.022409 0.026744 0.032145 0.029804 0.035215 0.031316 0.031247 0.029984 0.033138 0.035252 0.039465 0.042869 0.045336 0.048370 0.051794 0.054729 0.057624 0.060802 0.063766 0.066590 0.070033 0.072952 0.076303 0.079486 0.082846 0.086287 0.089557 0.093100 0.096647 0.099608 0.103255 0.106926 0.110382 0.113923 0.117620 0.121415 0.125211 0.128809 0.132506 0.136588 0.140664 0.144805 0.148858 0.153099 0.157313 0.161539 0.165923 0.170102 0.174723 0.179223 0.183706 0.188333 0.192807 0.197676 0.202280 0.207287 0.212160 0.216994 0.221819 0.226994 0.231793 0.236928 0.241920 0.247183 0.252420 0.257148 0.262356 0.267543 0.272611 0.277572 0.282836 0.287614 0.292925 0.297527 0.302911 0.307952 0.312559 0.317453 0.322594 0.327467 0.332215 0.337301 0.342265 0.347816 0.353172 0.358598 0.363018 0.368652 0.374421 0.380294 0.386453 0.392103 0.397448 0.402955 0.408537 0.413728 0.419561 0.424732 0.428989 0.433850 0.438838 0.443433 0.448621 0.453003 0.458004 0.462252 0.466930 0.471076 0.475530 0.480532 0.484266 0.489092 0.493422 0.498871 0.503189 0.508510 0.512208 0.517148 0.520560 0.524630 0.529159 0.533273 0.538069 0.542252 0.545415 0.549058 0.551925 0.555233 0.558356 0.561412 0.564722 0.568936 0.571699 0.576125 0.580261 0.583692 0.587815 0.592969 0.596001 0.600026 0.604176 0.607573 0.611182 0.614086 0.618638 0.620812 0.624024 0.627141 0.629335 0.632422 0.635987 0.639673 0.642755 0.646870 0.650502 0.653921 0.656369 0.659933 0.661954 0.665544 0.668600 0.671769 0.675053 0.678809 0.683125 0.686030 0.690032 0.693230 0.695802 0.697898 0.700966 0.704735 0.707449 0.710491 0.714444 0.717553 0.720910 0.723723 0.727703 0.730677 0.733808 0.736428 0.739998 0.743923 0.747448 0.750069 0.753692 0.756021 0.760821 0.764547 0.767856 0.772621 0.776343 0.780481 0.782474 0.787995 0.791140 0.794845 0.798133 0.801124 0.804936 0.807438 0.812018 0.814743 0.817855 0.822083 0.825432 0.830458 0.834165 0.837078 0.840000 0.842875 0.847394 0.853406 0.858721 0.864233 0.868004 0.871750 0.875846 0.879958 0.880338 0.876248 0.870521 0.868643 0.871037 0.875287 0.879895 0.885401 0.890950 0.896464 0.900622 0.904717 0.908711 0.913309 0.919009 0.923440 0.928473 0.932495 0.936270 0.941790 0.945939 0.950678 0.955923 0.959312 0.965308 0.970401 0.976128 0.981974 0.987697 0.991134 0.992999))
(time 0)
(channel blue)
(curve
       (curve-type free)
       (n-points 17)
       (points 34 -1.0 -1.0 -1.0 -1.0 -1.0 -1.0 -1.0 -1.0 -1.0 -1.0 -1.0 -1.0 -1.0 -1.0 -1.0 -1.0 -1.0 -1.0 -1.0 -1.0 -1.0 -1.0 -1.0 -1.0 -1.0 -1.0 -1.0 -1.0 -1.0 -1.0 -1.0 -1.0 -1.0 -1.0)
       (n-samples 256)
       (samples 256 0.005224 0.006985 0.008106 0.009225 0.010711 0.012370 0.014033 0.016511 0.018554 0.020573 0.023496 0.026041 0.028783 0.031774 0.034884 0.038340 0.041704 0.045028 0.048537 0.052076 0.055742 0.059240 0.062541 0.066240 0.069934 0.073447 0.076978 0.081102 0.084719 0.088545 0.092678 0.096241 0.100022 0.103880 0.107634 0.111513 0.115370 0.119082 0.122537 0.126435 0.130131 0.133905 0.137677 0.141851 0.145647 0.149235 0.152945 0.156800 0.160277 0.164120 0.167893 0.171799 0.175689 0.179411 0.183672 0.188041 0.192244 0.196139 0.200716 0.205788 0.210400 0.214923 0.219354 0.224264 0.229398 0.234329 0.238863 0.244227 0.248833 0.254219 0.259990 0.265227 0.270121 0.274677 0.280955 0.284882 0.290306 0.295257 0.300384 0.305398 0.310983 0.315186 0.319487 0.326063 0.330955 0.336115 0.341963 0.347413 0.353395 0.358524 0.364794 0.370256 0.374937 0.380040 0.385288 0.390634 0.395854 0.400168 0.405216 0.409616 0.414973 0.419415 0.424046 0.428004 0.432304 0.436131 0.438991 0.441087 0.443529 0.447280 0.448048 0.447844 0.450242 0.450884 0.451616 0.454212 0.458959 0.464296 0.469993 0.475911 0.481548 0.486716 0.493123 0.496953 0.501256 0.506585 0.512258 0.514623 0.518288 0.522089 0.526831 0.531440 0.537758 0.543625 0.546879 0.550306 0.555436 0.562250 0.566881 0.571127 0.576890 0.584679 0.587675 0.594884 0.600874 0.606955 0.610120 0.612308 0.618900 0.622646 0.626141 0.632616 0.634127 0.639371 0.643475 0.646774 0.651126 0.654213 0.658750 0.664348 0.668784 0.673798 0.677792 0.682979 0.687540 0.690923 0.694871 0.698137 0.701971 0.707135 0.710817 0.714441 0.717635 0.723051 0.727271 0.730066 0.733816 0.736904 0.738759 0.742711 0.745587 0.750118 0.754001 0.757936 0.760994 0.763709 0.766782 0.770648 0.773456 0.777776 0.781058 0.783422 0.787371 0.792031 0.795605 0.797582 0.802066 0.804276 0.807047 0.810948 0.813494 0.816982 0.821457 0.823149 0.826777 0.829995 0.833732 0.836372 0.840102 0.844552 0.848150 0.851734 0.854598 0.859518 0.864271 0.867758 0.872192 0.877065 0.881545 0.884735 0.888421 0.892472 0.895857 0.897377 0.895047 0.891954 0.891680 0.894629 0.897973 0.901094 0.902817 0.906718 0.910313 0.912647 0.915636 0.918060 0.919983 0.923429 0.926236 0.928582 0.931401 0.934392 0.938856 0.943273 0.947085 0.951423 0.954070 0.959364 0.963104 0.968382 0.973394 0.978838 0.983978 0.988750 0.991397 0.992187))
(time 0)
(channel alpha)
(curve
       (curve-type free)
       (n-points 17)
       (points 34 -1.0 -1.0 -1.0 -1.0 -1.0 -1.0 -1.0 -1.0 -1.0 -1.0 -1.0 -1.0 -1.0 -1.0 -1.0 -1.0 -1.0 -1.0 -1.0 -1.0 -1.0 -1.0 -1.0 -1.0 -1.0 -1.0 -1.0 -1.0 -1.0 -1.0 -1.0 -1.0 -1.0 -1.0)
       (n-samples 256)
       (samples 256 0.000000 0.003922 0.007843 0.011765 0.015686 0.019608 0.023529 0.027451 0.031373 0.035294 0.039216 0.043137 0.047059 0.050980 0.054902 0.058824 0.062745 0.066667 0.070588 0.074510 0.078431 0.082353 0.086275 0.090196 0.094118 0.098039 0.101961 0.105882 0.109804 0.113725 0.117647 0.121569 0.125490 0.129412 0.133333 0.137255 0.141176 0.145098 0.149020 0.152941 0.156863 0.160784 0.164706 0.168627 0.172549 0.176471 0.180392 0.184314 0.188235 0.192157 0.196078 0.200000 0.203922 0.207843 0.211765 0.215686 0.219608 0.223529 0.227451 0.231373 0.235294 0.239216 0.243137 0.247059 0.250980 0.254902 0.258824 0.262745 0.266667 0.270588 0.274510 0.278431 0.282353 0.286275 0.290196 0.294118 0.298039 0.301961 0.305882 0.309804 0.313725 0.317647 0.321569 0.325490 0.329412 0.333333 0.337255 0.341176 0.345098 0.349020 0.352941 0.356863 0.360784 0.364706 0.368627 0.372549 0.376471 0.380392 0.384314 0.388235 0.392157 0.396078 0.400000 0.403922 0.407843 0.411765 0.415686 0.419608 0.423529 0.427451 0.431373 0.435294 0.439216 0.443137 0.447059 0.450980 0.454902 0.458824 0.462745 0.466667 0.470588 0.474510 0.478431 0.482353 0.486275 0.490196 0.494118 0.498039 0.501961 0.505882 0.509804 0.513725 0.517647 0.521569 0.525490 0.529412 0.533333 0.537255 0.541176 0.545098 0.549020 0.552941 0.556863 0.560784 0.564706 0.568627 0.572549 0.576471 0.580392 0.584314 0.588235 0.592157 0.596078 0.600000 0.603922 0.607843 0.611765 0.615686 0.619608 0.623529 0.627451 0.631373 0.635294 0.639216 0.643137 0.647059 0.650980 0.654902 0.658824 0.662745 0.666667 0.670588 0.674510 0.678431 0.682353 0.686275 0.690196 0.694118 0.698039 0.701961 0.705882 0.709804 0.713725 0.717647 0.721569 0.725490 0.729412 0.733333 0.737255 0.741176 0.745098 0.749020 0.752941 0.756863 0.760784 0.764706 0.768627 0.772549 0.776471 0.780392 0.784314 0.788235 0.792157 0.796078 0.800000 0.803922 0.807843 0.811765 0.815686 0.819608 0.823529 0.827451 0.831373 0.835294 0.839216 0.843137 0.847059 0.850980 0.854902 0.858824 0.862745 0.866667 0.870588 0.874510 0.878431 0.882353 0.886275 0.890196 0.894118 0.898039 0.901961 0.905882 0.909804 0.913725 0.917647 0.921569 0.925490 0.929412 0.933333 0.937255 0.941176 0.945098 0.949020 0.952941 0.956863 0.960784 0.964706 0.968627 0.972549 0.976471 0.980392 0.984314 0.988235 0.992157 0.996078 1.000000))
# end of curves tool settings
