# GIMP curves tool settings

(time 0)
(channel value)
(curve
       (curve-type free)
       (n-points 17)
       (points 34 -1.0 -1.0 -1.0 -1.0 -1.0 -1.0 -1.0 -1.0 -1.0 -1.0 -1.0 -1.0 -1.0 -1.0 -1.0 -1.0 -1.0 -1.0 -1.0 -1.0 -1.0 -1.0 -1.0 -1.0 -1.0 -1.0 -1.0 -1.0 -1.0 -1.0 -1.0 -1.0 -1.0 -1.0)
       (n-samples 256)
       (samples 256 0.000000 0.003922 0.007843 0.011765 0.015686 0.019608 0.023529 0.027451 0.031373 0.035294 0.039216 0.043137 0.047059 0.050980 0.054902 0.058824 0.062745 0.066667 0.070588 0.074510 0.078431 0.082353 0.086275 0.090196 0.094118 0.098039 0.101961 0.105882 0.109804 0.113725 0.117647 0.121569 0.125490 0.129412 0.133333 0.137255 0.141176 0.145098 0.149020 0.152941 0.156863 0.160784 0.164706 0.168627 0.172549 0.176471 0.180392 0.184314 0.188235 0.192157 0.196078 0.200000 0.203922 0.207843 0.211765 0.215686 0.219608 0.223529 0.227451 0.231373 0.235294 0.239216 0.243137 0.247059 0.250980 0.254902 0.258824 0.262745 0.266667 0.270588 0.274510 0.278431 0.282353 0.286275 0.290196 0.294118 0.298039 0.301961 0.305882 0.309804 0.313725 0.317647 0.321569 0.325490 0.329412 0.333333 0.337255 0.341176 0.345098 0.349020 0.352941 0.356863 0.360784 0.364706 0.368627 0.372549 0.376471 0.380392 0.384314 0.388235 0.392157 0.396078 0.400000 0.403922 0.407843 0.411765 0.415686 0.419608 0.423529 0.427451 0.431373 0.435294 0.439216 0.443137 0.447059 0.450980 0.454902 0.458824 0.462745 0.466667 0.470588 0.474510 0.478431 0.482353 0.486275 0.490196 0.494118 0.498039 0.501961 0.505882 0.509804 0.513725 0.517647 0.521569 0.525490 0.529412 0.533333 0.537255 0.541176 0.545098 0.549020 0.552941 0.556863 0.560784 0.564706 0.568627 0.572549 0.576471 0.580392 0.584314 0.588235 0.592157 0.596078 0.600000 0.603922 0.607843 0.611765 0.615686 0.619608 0.623529 0.627451 0.631373 0.635294 0.639216 0.643137 0.647059 0.650980 0.654902 0.658824 0.662745 0.666667 0.670588 0.674510 0.678431 0.682353 0.686275 0.690196 0.694118 0.698039 0.701961 0.705882 0.709804 0.713725 0.717647 0.721569 0.725490 0.729412 0.733333 0.737255 0.741176 0.745098 0.749020 0.752941 0.756863 0.760784 0.764706 0.768627 0.772549 0.776471 0.780392 0.784314 0.788235 0.792157 0.796078 0.800000 0.803922 0.807843 0.811765 0.815686 0.819608 0.823529 0.827451 0.831373 0.835294 0.839216 0.843137 0.847059 0.850980 0.854902 0.858824 0.862745 0.866667 0.870588 0.874510 0.878431 0.882353 0.886275 0.890196 0.894118 0.898039 0.901961 0.905882 0.909804 0.913725 0.917647 0.921569 0.925490 0.929412 0.933333 0.937255 0.941176 0.945098 0.949020 0.952941 0.956863 0.960784 0.964706 0.968627 0.972549 0.976471 0.980392 0.984314 0.988235 0.992157 0.996078 1.000000))
(time 0)
(channel red)
(curve
       (curve-type free)
       (n-points 17)
       (points 34 -1.0 -1.0 -1.0 -1.0 -1.0 -1.0 -1.0 -1.0 -1.0 -1.0 -1.0 -1.0 -1.0 -1.0 -1.0 -1.0 -1.0 -1.0 -1.0 -1.0 -1.0 -1.0 -1.0 -1.0 -1.0 -1.0 -1.0 -1.0 -1.0 -1.0 -1.0 -1.0 -1.0 -1.0)
       (n-samples 256)
       (samples 256 0.067379 0.071500 0.073149 0.074909 0.076663 0.078520 0.080310 0.082189 0.084047 0.085806 0.087480 0.089400 0.091327 0.093404 0.095176 0.097279 0.099575 0.101652 0.103644 0.106071 0.108348 0.110888 0.113639 0.116096 0.118390 0.120621 0.122861 0.125115 0.127273 0.129804 0.132218 0.134399 0.136714 0.139146 0.141527 0.143695 0.146040 0.148650 0.150786 0.153799 0.155921 0.159069 0.160951 0.163091 0.165680 0.168346 0.170617 0.173627 0.176102 0.178907 0.181769 0.184007 0.187123 0.189706 0.192601 0.195142 0.198432 0.200963 0.204418 0.206627 0.210243 0.213501 0.216044 0.219828 0.222926 0.226024 0.229783 0.232894 0.236794 0.241206 0.245069 0.249022 0.251412 0.255382 0.258397 0.262800 0.266027 0.268708 0.272955 0.273883 0.276791 0.280444 0.282982 0.286910 0.289664 0.294913 0.297778 0.301056 0.305882 0.309397 0.313988 0.318470 0.322514 0.325107 0.328951 0.333665 0.337108 0.342573 0.347043 0.352006 0.355079 0.359360 0.363451 0.368519 0.372902 0.376538 0.381405 0.385542 0.389746 0.391764 0.398132 0.403594 0.409057 0.412896 0.416988 0.422128 0.425710 0.432114 0.436120 0.441478 0.444293 0.449067 0.452845 0.457344 0.462510 0.464303 0.469738 0.473500 0.476722 0.482892 0.483492 0.491233 0.495832 0.499493 0.504738 0.509489 0.511990 0.519452 0.522558 0.527248 0.531584 0.535961 0.539048 0.544271 0.547537 0.553212 0.557376 0.560014 0.565116 0.569767 0.576043 0.579129 0.583546 0.588735 0.592266 0.599810 0.603470 0.607568 0.610917 0.616603 0.620675 0.626879 0.630746 0.635427 0.639624 0.645141 0.648669 0.652793 0.656933 0.660414 0.665045 0.669768 0.674930 0.679186 0.684670 0.686375 0.690992 0.694133 0.699672 0.702903 0.706057 0.711415 0.715259 0.718374 0.723007 0.727541 0.731384 0.735326 0.740098 0.744620 0.749289 0.753969 0.759749 0.761790 0.766717 0.771355 0.775489 0.779879 0.783198 0.786851 0.790220 0.794444 0.799061 0.803224 0.806933 0.811065 0.814709 0.818661 0.822353 0.826380 0.829966 0.833564 0.836968 0.841078 0.844677 0.848188 0.851959 0.855516 0.859524 0.863462 0.866644 0.870039 0.873550 0.876708 0.879928 0.883525 0.886170 0.889107 0.891956 0.894583 0.897139 0.899393 0.902060 0.904324 0.906313 0.908448 0.910206 0.912817 0.915573 0.921513 0.924270 0.925149 0.927793 0.932863 0.930838 0.933856 0.944227 0.956863 0.939216 0.947059 0.925490 0.960784 0.960784 0.977778 0.977778 0.970588))
(time 0)
(channel green)
(curve
       (curve-type free)
       (n-points 17)
       (points 34 -1.0 -1.0 -1.0 -1.0 -1.0 -1.0 -1.0 -1.0 -1.0 -1.0 -1.0 -1.0 -1.0 -1.0 -1.0 -1.0 -1.0 -1.0 -1.0 -1.0 -1.0 -1.0 -1.0 -1.0 -1.0 -1.0 -1.0 -1.0 -1.0 -1.0 -1.0 -1.0 -1.0 -1.0)
       (n-samples 256)
       (samples 256 0.051401 0.052684 0.053854 0.055573 0.057401 0.059255 0.061087 0.062937 0.064637 0.066387 0.068089 0.069970 0.071649 0.073467 0.075338 0.077323 0.079400 0.081632 0.083580 0.085682 0.087755 0.089790 0.092079 0.093976 0.095963 0.097823 0.099847 0.101581 0.103748 0.105700 0.107812 0.109881 0.111622 0.113715 0.115740 0.117729 0.120561 0.122462 0.124565 0.127250 0.129219 0.131856 0.134373 0.136564 0.139082 0.141800 0.144180 0.146899 0.149224 0.152090 0.154711 0.157676 0.160437 0.163008 0.165532 0.168677 0.171960 0.175620 0.178294 0.181048 0.185963 0.187851 0.191845 0.195854 0.200638 0.203256 0.207603 0.210837 0.213328 0.216378 0.219799 0.223516 0.226214 0.229997 0.233521 0.238061 0.242588 0.245928 0.249319 0.254672 0.257681 0.261917 0.266941 0.271358 0.275686 0.279384 0.282209 0.287266 0.291249 0.295121 0.299636 0.302755 0.307114 0.312098 0.316251 0.321042 0.324310 0.330233 0.334376 0.339307 0.343375 0.347362 0.350130 0.354249 0.361057 0.364971 0.370226 0.373030 0.380271 0.382384 0.387246 0.392336 0.397368 0.400786 0.404640 0.410960 0.412760 0.418615 0.422484 0.428489 0.432607 0.438402 0.441427 0.446303 0.450200 0.455462 0.459246 0.462698 0.469780 0.472943 0.477065 0.481722 0.485265 0.490196 0.495387 0.498748 0.503643 0.507300 0.512747 0.515047 0.520103 0.525748 0.530908 0.533096 0.538028 0.542806 0.545487 0.552113 0.556089 0.559198 0.563663 0.567986 0.573106 0.577148 0.581597 0.585271 0.590046 0.595369 0.599073 0.604245 0.608704 0.611894 0.616478 0.620175 0.624783 0.629692 0.632574 0.636759 0.640814 0.644696 0.648582 0.652147 0.656553 0.659799 0.664149 0.667906 0.672703 0.675249 0.679962 0.684136 0.687579 0.691747 0.694809 0.698903 0.703200 0.706714 0.710794 0.715224 0.719236 0.724434 0.727801 0.731402 0.735216 0.739385 0.743254 0.747903 0.752090 0.755663 0.759682 0.763450 0.766752 0.769080 0.771885 0.775002 0.777251 0.780250 0.783648 0.786700 0.789161 0.792163 0.794797 0.798132 0.802370 0.806608 0.810375 0.814046 0.818255 0.821642 0.825646 0.829924 0.833578 0.838000 0.842164 0.846108 0.850114 0.854565 0.857873 0.861906 0.866301 0.870436 0.874043 0.877524 0.880955 0.884514 0.888970 0.892955 0.897402 0.901432 0.904873 0.908111 0.912118 0.914695 0.919166 0.919742 0.926233 0.929315 0.935621 0.947059 0.925490 0.925490 0.878431 0.937255 0.937255 0.937255 0.937255 0.937255))
(time 0)
(channel blue)
(curve
       (curve-type free)
       (n-points 17)
       (points 34 -1.0 -1.0 -1.0 -1.0 -1.0 -1.0 -1.0 -1.0 -1.0 -1.0 -1.0 -1.0 -1.0 -1.0 -1.0 -1.0 -1.0 -1.0 -1.0 -1.0 -1.0 -1.0 -1.0 -1.0 -1.0 -1.0 -1.0 -1.0 -1.0 -1.0 -1.0 -1.0 -1.0 -1.0)
       (n-samples 256)
       (samples 256 0.076397 0.076384 0.077573 0.079233 0.080880 0.082645 0.084386 0.086403 0.088034 0.089873 0.091725 0.093641 0.095592 0.097763 0.099900 0.102017 0.104504 0.106615 0.108888 0.111295 0.113732 0.116189 0.118806 0.121442 0.124079 0.126601 0.129471 0.131896 0.134461 0.136687 0.139311 0.141782 0.144860 0.147169 0.149644 0.152123 0.154342 0.156998 0.159384 0.161809 0.164191 0.166523 0.169860 0.172292 0.174825 0.176784 0.179559 0.181448 0.184077 0.186837 0.189752 0.191455 0.195308 0.197500 0.200974 0.203608 0.206666 0.209782 0.213607 0.216212 0.218806 0.221153 0.223169 0.226054 0.228611 0.231446 0.234024 0.238539 0.240548 0.243676 0.246742 0.251451 0.254012 0.258123 0.260980 0.265323 0.269088 0.272051 0.276041 0.280222 0.282668 0.286812 0.288716 0.292290 0.298298 0.300252 0.304446 0.308087 0.310481 0.314590 0.317997 0.321956 0.327143 0.329229 0.333591 0.336928 0.339528 0.344766 0.348231 0.350755 0.354419 0.359554 0.363672 0.367091 0.371340 0.372499 0.378503 0.382002 0.386158 0.387578 0.390801 0.395128 0.399810 0.402582 0.406453 0.411368 0.414926 0.419221 0.422449 0.426850 0.428181 0.433751 0.437775 0.440296 0.446282 0.450930 0.455166 0.457151 0.463280 0.465449 0.470540 0.474256 0.477322 0.481237 0.484891 0.490277 0.494187 0.497558 0.500698 0.505777 0.511032 0.516244 0.521925 0.526102 0.530556 0.535650 0.538886 0.544706 0.547920 0.552981 0.557475 0.562212 0.567226 0.570051 0.574283 0.578388 0.582846 0.586593 0.591417 0.596017 0.600942 0.604339 0.609282 0.613824 0.619459 0.624600 0.630045 0.634079 0.639044 0.644222 0.648959 0.654334 0.658617 0.664335 0.668136 0.673164 0.677537 0.681147 0.685491 0.690583 0.695134 0.700007 0.704560 0.708150 0.712603 0.717783 0.721265 0.726097 0.728404 0.730515 0.734775 0.738512 0.743301 0.746605 0.750022 0.754537 0.759729 0.762422 0.767190 0.770200 0.774036 0.778210 0.782942 0.787129 0.789332 0.791581 0.796745 0.800653 0.804264 0.807837 0.811538 0.816515 0.821154 0.823697 0.827900 0.832009 0.835729 0.839008 0.843180 0.846774 0.849816 0.852836 0.856056 0.860167 0.862065 0.864764 0.868352 0.872342 0.876111 0.879496 0.882834 0.886065 0.889719 0.893786 0.897379 0.900936 0.904352 0.908091 0.911711 0.915383 0.918284 0.922054 0.925501 0.929281 0.933193 0.936610 0.940526 0.945588 0.950030 0.953944 0.956120 0.957396 0.958338 0.958023 0.959069 0.955733))
(time 0)
(channel alpha)
(curve
       (curve-type free)
       (n-points 17)
       (points 34 -1.0 -1.0 -1.0 -1.0 -1.0 -1.0 -1.0 -1.0 -1.0 -1.0 -1.0 -1.0 -1.0 -1.0 -1.0 -1.0 -1.0 -1.0 -1.0 -1.0 -1.0 -1.0 -1.0 -1.0 -1.0 -1.0 -1.0 -1.0 -1.0 -1.0 -1.0 -1.0 -1.0 -1.0)
       (n-samples 256)
       (samples 256 0.000000 0.003922 0.007843 0.011765 0.015686 0.019608 0.023529 0.027451 0.031373 0.035294 0.039216 0.043137 0.047059 0.050980 0.054902 0.058824 0.062745 0.066667 0.070588 0.074510 0.078431 0.082353 0.086275 0.090196 0.094118 0.098039 0.101961 0.105882 0.109804 0.113725 0.117647 0.121569 0.125490 0.129412 0.133333 0.137255 0.141176 0.145098 0.149020 0.152941 0.156863 0.160784 0.164706 0.168627 0.172549 0.176471 0.180392 0.184314 0.188235 0.192157 0.196078 0.200000 0.203922 0.207843 0.211765 0.215686 0.219608 0.223529 0.227451 0.231373 0.235294 0.239216 0.243137 0.247059 0.250980 0.254902 0.258824 0.262745 0.266667 0.270588 0.274510 0.278431 0.282353 0.286275 0.290196 0.294118 0.298039 0.301961 0.305882 0.309804 0.313725 0.317647 0.321569 0.325490 0.329412 0.333333 0.337255 0.341176 0.345098 0.349020 0.352941 0.356863 0.360784 0.364706 0.368627 0.372549 0.376471 0.380392 0.384314 0.388235 0.392157 0.396078 0.400000 0.403922 0.407843 0.411765 0.415686 0.419608 0.423529 0.427451 0.431373 0.435294 0.439216 0.443137 0.447059 0.450980 0.454902 0.458824 0.462745 0.466667 0.470588 0.474510 0.478431 0.482353 0.486275 0.490196 0.494118 0.498039 0.501961 0.505882 0.509804 0.513725 0.517647 0.521569 0.525490 0.529412 0.533333 0.537255 0.541176 0.545098 0.549020 0.552941 0.556863 0.560784 0.564706 0.568627 0.572549 0.576471 0.580392 0.584314 0.588235 0.592157 0.596078 0.600000 0.603922 0.607843 0.611765 0.615686 0.619608 0.623529 0.627451 0.631373 0.635294 0.639216 0.643137 0.647059 0.650980 0.654902 0.658824 0.662745 0.666667 0.670588 0.674510 0.678431 0.682353 0.686275 0.690196 0.694118 0.698039 0.701961 0.705882 0.709804 0.713725 0.717647 0.721569 0.725490 0.729412 0.733333 0.737255 0.741176 0.745098 0.749020 0.752941 0.756863 0.760784 0.764706 0.768627 0.772549 0.776471 0.780392 0.784314 0.788235 0.792157 0.796078 0.800000 0.803922 0.807843 0.811765 0.815686 0.819608 0.823529 0.827451 0.831373 0.835294 0.839216 0.843137 0.847059 0.850980 0.854902 0.858824 0.862745 0.866667 0.870588 0.874510 0.878431 0.882353 0.886275 0.890196 0.894118 0.898039 0.901961 0.905882 0.909804 0.913725 0.917647 0.921569 0.925490 0.929412 0.933333 0.937255 0.941176 0.945098 0.949020 0.952941 0.956863 0.960784 0.964706 0.968627 0.972549 0.976471 0.980392 0.984314 0.988235 0.992157 0.996078 1.000000))
# end of curves tool settings
