# GIMP curves tool settings

(time 0)
(channel value)
(curve
       (curve-type free)
       (n-points 17)
       (points 34 -1.0 -1.0 -1.0 -1.0 -1.0 -1.0 -1.0 -1.0 -1.0 -1.0 -1.0 -1.0 -1.0 -1.0 -1.0 -1.0 -1.0 -1.0 -1.0 -1.0 -1.0 -1.0 -1.0 -1.0 -1.0 -1.0 -1.0 -1.0 -1.0 -1.0 -1.0 -1.0 -1.0 -1.0)
       (n-samples 256)
       (samples 256 0.000000 0.003922 0.007843 0.011765 0.015686 0.019608 0.023529 0.027451 0.031373 0.035294 0.039216 0.043137 0.047059 0.050980 0.054902 0.058824 0.062745 0.066667 0.070588 0.074510 0.078431 0.082353 0.086275 0.090196 0.094118 0.098039 0.101961 0.105882 0.109804 0.113725 0.117647 0.121569 0.125490 0.129412 0.133333 0.137255 0.141176 0.145098 0.149020 0.152941 0.156863 0.160784 0.164706 0.168627 0.172549 0.176471 0.180392 0.184314 0.188235 0.192157 0.196078 0.200000 0.203922 0.207843 0.211765 0.215686 0.219608 0.223529 0.227451 0.231373 0.235294 0.239216 0.243137 0.247059 0.250980 0.254902 0.258824 0.262745 0.266667 0.270588 0.274510 0.278431 0.282353 0.286275 0.290196 0.294118 0.298039 0.301961 0.305882 0.309804 0.313725 0.317647 0.321569 0.325490 0.329412 0.333333 0.337255 0.341176 0.345098 0.349020 0.352941 0.356863 0.360784 0.364706 0.368627 0.372549 0.376471 0.380392 0.384314 0.388235 0.392157 0.396078 0.400000 0.403922 0.407843 0.411765 0.415686 0.419608 0.423529 0.427451 0.431373 0.435294 0.439216 0.443137 0.447059 0.450980 0.454902 0.458824 0.462745 0.466667 0.470588 0.474510 0.478431 0.482353 0.486275 0.490196 0.494118 0.498039 0.501961 0.505882 0.509804 0.513725 0.517647 0.521569 0.525490 0.529412 0.533333 0.537255 0.541176 0.545098 0.549020 0.552941 0.556863 0.560784 0.564706 0.568627 0.572549 0.576471 0.580392 0.584314 0.588235 0.592157 0.596078 0.600000 0.603922 0.607843 0.611765 0.615686 0.619608 0.623529 0.627451 0.631373 0.635294 0.639216 0.643137 0.647059 0.650980 0.654902 0.658824 0.662745 0.666667 0.670588 0.674510 0.678431 0.682353 0.686275 0.690196 0.694118 0.698039 0.701961 0.705882 0.709804 0.713725 0.717647 0.721569 0.725490 0.729412 0.733333 0.737255 0.741176 0.745098 0.749020 0.752941 0.756863 0.760784 0.764706 0.768627 0.772549 0.776471 0.780392 0.784314 0.788235 0.792157 0.796078 0.800000 0.803922 0.807843 0.811765 0.815686 0.819608 0.823529 0.827451 0.831373 0.835294 0.839216 0.843137 0.847059 0.850980 0.854902 0.858824 0.862745 0.866667 0.870588 0.874510 0.878431 0.882353 0.886275 0.890196 0.894118 0.898039 0.901961 0.905882 0.909804 0.913725 0.917647 0.921569 0.925490 0.929412 0.933333 0.937255 0.941176 0.945098 0.949020 0.952941 0.956863 0.960784 0.964706 0.968627 0.972549 0.976471 0.980392 0.984314 0.988235 0.992157 0.996078 1.000000))
(time 0)
(channel red)
(curve
       (curve-type free)
       (n-points 17)
       (points 34 -1.0 -1.0 -1.0 -1.0 -1.0 -1.0 -1.0 -1.0 -1.0 -1.0 -1.0 -1.0 -1.0 -1.0 -1.0 -1.0 -1.0 -1.0 -1.0 -1.0 -1.0 -1.0 -1.0 -1.0 -1.0 -1.0 -1.0 -1.0 -1.0 -1.0 -1.0 -1.0 -1.0 -1.0)
       (n-samples 256)
       (samples 256 0.009334 0.010196 0.016215 0.017486 0.020273 0.023898 0.026877 0.027727 0.030647 0.032992 0.035698 0.038384 0.040615 0.042883 0.044316 0.046900 0.049168 0.051484 0.054135 0.056322 0.058173 0.060515 0.063097 0.065346 0.067541 0.068786 0.070930 0.072947 0.074488 0.076586 0.078522 0.081705 0.083640 0.085827 0.088312 0.091082 0.092238 0.096068 0.096977 0.101683 0.105256 0.109483 0.113466 0.117451 0.121382 0.126391 0.131807 0.136382 0.140868 0.146326 0.150436 0.155537 0.160974 0.165571 0.170274 0.175491 0.181065 0.186696 0.191961 0.197045 0.202115 0.207822 0.213518 0.218614 0.224171 0.229380 0.234224 0.239862 0.245006 0.250940 0.256367 0.262059 0.267894 0.272978 0.278772 0.284234 0.289743 0.295012 0.301436 0.306243 0.312506 0.318103 0.323757 0.330325 0.335659 0.341190 0.346631 0.351524 0.357097 0.362193 0.367997 0.373352 0.379184 0.385265 0.390797 0.396932 0.401307 0.407193 0.412202 0.417642 0.423318 0.428596 0.434263 0.439914 0.445417 0.450364 0.457191 0.462060 0.468511 0.472966 0.477868 0.482268 0.487899 0.493812 0.498152 0.502920 0.505664 0.509135 0.514135 0.518762 0.523975 0.530876 0.536236 0.543449 0.549770 0.554071 0.558936 0.563433 0.568684 0.573725 0.578415 0.582018 0.584714 0.587725 0.590062 0.596597 0.604091 0.608542 0.613251 0.617916 0.622281 0.627491 0.632823 0.637499 0.639992 0.644866 0.646154 0.648550 0.652349 0.656428 0.661661 0.666156 0.669770 0.673905 0.677954 0.682926 0.686281 0.689482 0.691901 0.693181 0.697718 0.699742 0.703193 0.705953 0.706545 0.706518 0.712610 0.715130 0.718024 0.720293 0.725944 0.730957 0.736493 0.740540 0.745003 0.749551 0.751455 0.757922 0.760023 0.763942 0.769981 0.772910 0.770170 0.776443 0.774845 0.782192 0.783176 0.788332 0.788626 0.792706 0.797705 0.798112 0.800534 0.802445 0.807809 0.809576 0.814060 0.817025 0.824494 0.825680 0.831173 0.831334 0.836348 0.837173 0.843483 0.844093 0.847576 0.850560 0.853556 0.857494 0.857615 0.861791 0.863040 0.867919 0.869122 0.872281 0.876544 0.873128 0.883284 0.881722 0.884181 0.885437 0.894204 0.895696 0.898270 0.904787 0.906340 0.908539 0.911695 0.917955 0.918879 0.927462 0.931785 0.935249 0.938825 0.942275 0.945514 0.947411 0.951280 0.953545 0.956493 0.957945 0.959516 0.960972 0.963918 0.966752 0.968717 0.971475 0.972654 0.976014 0.977259 0.980302 0.981322 0.982990 0.984926 0.990099))
(time 0)
(channel green)
(curve
       (curve-type free)
       (n-points 17)
       (points 34 -1.0 -1.0 -1.0 -1.0 -1.0 -1.0 -1.0 -1.0 -1.0 -1.0 -1.0 -1.0 -1.0 -1.0 -1.0 -1.0 -1.0 -1.0 -1.0 -1.0 -1.0 -1.0 -1.0 -1.0 -1.0 -1.0 -1.0 -1.0 -1.0 -1.0 -1.0 -1.0 -1.0 -1.0)
       (n-samples 256)
       (samples 256 0.007677 0.009339 0.011478 0.012797 0.014201 0.015914 0.017994 0.019368 0.020729 0.022510 0.024331 0.026006 0.028276 0.030535 0.033014 0.035040 0.037478 0.039710 0.042267 0.045167 0.047869 0.050747 0.053613 0.056189 0.059000 0.061994 0.065033 0.067828 0.070397 0.073404 0.076722 0.080008 0.083615 0.087270 0.090946 0.094537 0.098274 0.101356 0.104842 0.108523 0.112689 0.117031 0.121079 0.125110 0.129951 0.134051 0.138493 0.143087 0.147377 0.151385 0.155967 0.161021 0.165319 0.170171 0.175276 0.179981 0.184829 0.189495 0.194045 0.199078 0.204531 0.209013 0.214542 0.220626 0.225296 0.230872 0.235355 0.240970 0.246629 0.251713 0.256330 0.261835 0.267605 0.272864 0.278030 0.283350 0.289720 0.294610 0.300638 0.306696 0.312492 0.317566 0.323047 0.328136 0.333851 0.339649 0.344652 0.350793 0.356128 0.360612 0.366924 0.371907 0.376964 0.382018 0.387775 0.392397 0.397997 0.402668 0.406981 0.412861 0.417625 0.423202 0.428335 0.432393 0.437070 0.442463 0.445361 0.450766 0.454129 0.459984 0.463004 0.467687 0.471665 0.477248 0.480540 0.483893 0.486814 0.491638 0.496964 0.500706 0.504637 0.509615 0.514236 0.517691 0.520696 0.525222 0.529382 0.533153 0.537959 0.540975 0.543794 0.548779 0.551801 0.555343 0.558906 0.563944 0.566773 0.572005 0.574124 0.577726 0.582166 0.585758 0.589424 0.593683 0.597070 0.601517 0.604821 0.608736 0.612166 0.614732 0.619174 0.622917 0.627646 0.630293 0.633207 0.636964 0.639702 0.644092 0.648759 0.650957 0.654595 0.657589 0.659326 0.665592 0.671585 0.674160 0.678823 0.682775 0.686457 0.690599 0.694375 0.701075 0.706328 0.712768 0.717951 0.722223 0.727970 0.732381 0.737691 0.743135 0.747157 0.749980 0.753211 0.755835 0.758237 0.761887 0.764450 0.768155 0.771601 0.776668 0.779618 0.784108 0.788277 0.792199 0.795037 0.800421 0.800999 0.805763 0.808913 0.812863 0.819647 0.823815 0.827606 0.829789 0.832980 0.832896 0.836695 0.837293 0.842027 0.839360 0.843153 0.844297 0.845810 0.848773 0.850849 0.856322 0.859623 0.863044 0.864059 0.868382 0.868381 0.872812 0.874760 0.878488 0.880645 0.884735 0.888237 0.892786 0.892808 0.897696 0.898814 0.903628 0.904480 0.911401 0.910684 0.916078 0.920491 0.925083 0.932620 0.942605 0.946433 0.949324 0.951293 0.953808 0.956695 0.959192 0.960381 0.963974 0.968093 0.967304 0.971727 0.969748 0.968746 0.970343 0.981737 0.983502))
(time 0)
(channel blue)
(curve
       (curve-type free)
       (n-points 17)
       (points 34 -1.0 -1.0 -1.0 -1.0 -1.0 -1.0 -1.0 -1.0 -1.0 -1.0 -1.0 -1.0 -1.0 -1.0 -1.0 -1.0 -1.0 -1.0 -1.0 -1.0 -1.0 -1.0 -1.0 -1.0 -1.0 -1.0 -1.0 -1.0 -1.0 -1.0 -1.0 -1.0 -1.0 -1.0)
       (n-samples 256)
       (samples 256 0.019201 0.024195 0.023259 0.027899 0.027081 0.028981 0.030812 0.033077 0.034746 0.037207 0.038637 0.040607 0.042474 0.044832 0.047416 0.050083 0.052448 0.055344 0.057963 0.060745 0.063854 0.066712 0.069295 0.072128 0.074477 0.077073 0.079981 0.082824 0.085482 0.088512 0.091344 0.094496 0.097146 0.099946 0.103099 0.106259 0.108960 0.112400 0.115174 0.118656 0.121538 0.125616 0.128632 0.132213 0.135912 0.138821 0.142282 0.146093 0.149502 0.153784 0.157564 0.161713 0.164767 0.168600 0.173029 0.176776 0.181495 0.186109 0.190558 0.195488 0.199801 0.204035 0.209012 0.213634 0.218064 0.222980 0.227387 0.232094 0.237744 0.241533 0.246282 0.250859 0.255674 0.261219 0.266555 0.271892 0.277549 0.282772 0.286882 0.292499 0.298336 0.304067 0.310271 0.314633 0.320018 0.325175 0.330289 0.335234 0.341175 0.346398 0.351887 0.356959 0.361892 0.366943 0.372031 0.376516 0.381113 0.385491 0.390981 0.394464 0.398404 0.402641 0.405980 0.411436 0.415839 0.421103 0.425785 0.430106 0.434747 0.438384 0.442954 0.446466 0.451318 0.456413 0.460854 0.465578 0.469628 0.473535 0.478793 0.482761 0.487131 0.491364 0.496570 0.498959 0.504281 0.508523 0.513278 0.516514 0.520973 0.524448 0.527670 0.530698 0.535370 0.537729 0.543554 0.546566 0.549984 0.554695 0.558026 0.561399 0.566266 0.571323 0.574844 0.578831 0.584341 0.588776 0.595288 0.597515 0.600235 0.604101 0.606421 0.611038 0.614293 0.617552 0.620911 0.626905 0.632072 0.636532 0.639133 0.640562 0.641630 0.644593 0.647731 0.652492 0.655412 0.658884 0.661902 0.666612 0.671835 0.675719 0.680401 0.684727 0.690797 0.695710 0.700612 0.706764 0.712075 0.716860 0.722510 0.727755 0.732358 0.737043 0.741810 0.746224 0.749680 0.752737 0.755266 0.758196 0.762960 0.768297 0.772237 0.775811 0.777815 0.780172 0.782589 0.784280 0.786174 0.789156 0.794867 0.799991 0.805289 0.806869 0.807206 0.809252 0.812023 0.814751 0.817466 0.821556 0.824016 0.825544 0.828083 0.833661 0.840231 0.845621 0.850657 0.852962 0.854755 0.858190 0.861818 0.865192 0.868748 0.873172 0.876591 0.881127 0.883562 0.888918 0.886286 0.888920 0.888590 0.889888 0.895691 0.897766 0.902791 0.905233 0.910345 0.913939 0.921544 0.919901 0.922303 0.922826 0.923919 0.928764 0.927242 0.931304 0.932272 0.936010 0.937400 0.942548 0.943718 0.946810 0.951074 0.955643 0.955586 0.957315 0.961765 0.977513))
(time 0)
(channel alpha)
(curve
       (curve-type free)
       (n-points 17)
       (points 34 -1.0 -1.0 -1.0 -1.0 -1.0 -1.0 -1.0 -1.0 -1.0 -1.0 -1.0 -1.0 -1.0 -1.0 -1.0 -1.0 -1.0 -1.0 -1.0 -1.0 -1.0 -1.0 -1.0 -1.0 -1.0 -1.0 -1.0 -1.0 -1.0 -1.0 -1.0 -1.0 -1.0 -1.0)
       (n-samples 256)
       (samples 256 0.000000 0.003922 0.007843 0.011765 0.015686 0.019608 0.023529 0.027451 0.031373 0.035294 0.039216 0.043137 0.047059 0.050980 0.054902 0.058824 0.062745 0.066667 0.070588 0.074510 0.078431 0.082353 0.086275 0.090196 0.094118 0.098039 0.101961 0.105882 0.109804 0.113725 0.117647 0.121569 0.125490 0.129412 0.133333 0.137255 0.141176 0.145098 0.149020 0.152941 0.156863 0.160784 0.164706 0.168627 0.172549 0.176471 0.180392 0.184314 0.188235 0.192157 0.196078 0.200000 0.203922 0.207843 0.211765 0.215686 0.219608 0.223529 0.227451 0.231373 0.235294 0.239216 0.243137 0.247059 0.250980 0.254902 0.258824 0.262745 0.266667 0.270588 0.274510 0.278431 0.282353 0.286275 0.290196 0.294118 0.298039 0.301961 0.305882 0.309804 0.313725 0.317647 0.321569 0.325490 0.329412 0.333333 0.337255 0.341176 0.345098 0.349020 0.352941 0.356863 0.360784 0.364706 0.368627 0.372549 0.376471 0.380392 0.384314 0.388235 0.392157 0.396078 0.400000 0.403922 0.407843 0.411765 0.415686 0.419608 0.423529 0.427451 0.431373 0.435294 0.439216 0.443137 0.447059 0.450980 0.454902 0.458824 0.462745 0.466667 0.470588 0.474510 0.478431 0.482353 0.486275 0.490196 0.494118 0.498039 0.501961 0.505882 0.509804 0.513725 0.517647 0.521569 0.525490 0.529412 0.533333 0.537255 0.541176 0.545098 0.549020 0.552941 0.556863 0.560784 0.564706 0.568627 0.572549 0.576471 0.580392 0.584314 0.588235 0.592157 0.596078 0.600000 0.603922 0.607843 0.611765 0.615686 0.619608 0.623529 0.627451 0.631373 0.635294 0.639216 0.643137 0.647059 0.650980 0.654902 0.658824 0.662745 0.666667 0.670588 0.674510 0.678431 0.682353 0.686275 0.690196 0.694118 0.698039 0.701961 0.705882 0.709804 0.713725 0.717647 0.721569 0.725490 0.729412 0.733333 0.737255 0.741176 0.745098 0.749020 0.752941 0.756863 0.760784 0.764706 0.768627 0.772549 0.776471 0.780392 0.784314 0.788235 0.792157 0.796078 0.800000 0.803922 0.807843 0.811765 0.815686 0.819608 0.823529 0.827451 0.831373 0.835294 0.839216 0.843137 0.847059 0.850980 0.854902 0.858824 0.862745 0.866667 0.870588 0.874510 0.878431 0.882353 0.886275 0.890196 0.894118 0.898039 0.901961 0.905882 0.909804 0.913725 0.917647 0.921569 0.925490 0.929412 0.933333 0.937255 0.941176 0.945098 0.949020 0.952941 0.956863 0.960784 0.964706 0.968627 0.972549 0.976471 0.980392 0.984314 0.988235 0.992157 0.996078 1.000000))
# end of curves tool settings
