# GIMP curves tool settings

(time 0)
(channel value)
(curve
       (curve-type free)
       (n-points 17)
       (points 34 -1.0 -1.0 -1.0 -1.0 -1.0 -1.0 -1.0 -1.0 -1.0 -1.0 -1.0 -1.0 -1.0 -1.0 -1.0 -1.0 -1.0 -1.0 -1.0 -1.0 -1.0 -1.0 -1.0 -1.0 -1.0 -1.0 -1.0 -1.0 -1.0 -1.0 -1.0 -1.0 -1.0 -1.0)
       (n-samples 256)
       (samples 256 0.000000 0.003922 0.007843 0.011765 0.015686 0.019608 0.023529 0.027451 0.031373 0.035294 0.039216 0.043137 0.047059 0.050980 0.054902 0.058824 0.062745 0.066667 0.070588 0.074510 0.078431 0.082353 0.086275 0.090196 0.094118 0.098039 0.101961 0.105882 0.109804 0.113725 0.117647 0.121569 0.125490 0.129412 0.133333 0.137255 0.141176 0.145098 0.149020 0.152941 0.156863 0.160784 0.164706 0.168627 0.172549 0.176471 0.180392 0.184314 0.188235 0.192157 0.196078 0.200000 0.203922 0.207843 0.211765 0.215686 0.219608 0.223529 0.227451 0.231373 0.235294 0.239216 0.243137 0.247059 0.250980 0.254902 0.258824 0.262745 0.266667 0.270588 0.274510 0.278431 0.282353 0.286275 0.290196 0.294118 0.298039 0.301961 0.305882 0.309804 0.313725 0.317647 0.321569 0.325490 0.329412 0.333333 0.337255 0.341176 0.345098 0.349020 0.352941 0.356863 0.360784 0.364706 0.368627 0.372549 0.376471 0.380392 0.384314 0.388235 0.392157 0.396078 0.400000 0.403922 0.407843 0.411765 0.415686 0.419608 0.423529 0.427451 0.431373 0.435294 0.439216 0.443137 0.447059 0.450980 0.454902 0.458824 0.462745 0.466667 0.470588 0.474510 0.478431 0.482353 0.486275 0.490196 0.494118 0.498039 0.501961 0.505882 0.509804 0.513725 0.517647 0.521569 0.525490 0.529412 0.533333 0.537255 0.541176 0.545098 0.549020 0.552941 0.556863 0.560784 0.564706 0.568627 0.572549 0.576471 0.580392 0.584314 0.588235 0.592157 0.596078 0.600000 0.603922 0.607843 0.611765 0.615686 0.619608 0.623529 0.627451 0.631373 0.635294 0.639216 0.643137 0.647059 0.650980 0.654902 0.658824 0.662745 0.666667 0.670588 0.674510 0.678431 0.682353 0.686275 0.690196 0.694118 0.698039 0.701961 0.705882 0.709804 0.713725 0.717647 0.721569 0.725490 0.729412 0.733333 0.737255 0.741176 0.745098 0.749020 0.752941 0.756863 0.760784 0.764706 0.768627 0.772549 0.776471 0.780392 0.784314 0.788235 0.792157 0.796078 0.800000 0.803922 0.807843 0.811765 0.815686 0.819608 0.823529 0.827451 0.831373 0.835294 0.839216 0.843137 0.847059 0.850980 0.854902 0.858824 0.862745 0.866667 0.870588 0.874510 0.878431 0.882353 0.886275 0.890196 0.894118 0.898039 0.901961 0.905882 0.909804 0.913725 0.917647 0.921569 0.925490 0.929412 0.933333 0.937255 0.941176 0.945098 0.949020 0.952941 0.956863 0.960784 0.964706 0.968627 0.972549 0.976471 0.980392 0.984314 0.988235 0.992157 0.996078 1.000000))
(time 0)
(channel red)
(curve
       (curve-type free)
       (n-points 17)
       (points 34 -1.0 -1.0 -1.0 -1.0 -1.0 -1.0 -1.0 -1.0 -1.0 -1.0 -1.0 -1.0 -1.0 -1.0 -1.0 -1.0 -1.0 -1.0 -1.0 -1.0 -1.0 -1.0 -1.0 -1.0 -1.0 -1.0 -1.0 -1.0 -1.0 -1.0 -1.0 -1.0 -1.0 -1.0)
       (n-samples 256)
       (samples 256 0.017758 0.025746 0.035294 0.014379 0.024794 0.025686 0.028117 0.029744 0.034450 0.032436 0.036863 0.040835 0.040064 0.042125 0.044706 0.046941 0.046945 0.047985 0.052196 0.053282 0.056982 0.054686 0.060784 0.063485 0.064210 0.065882 0.068019 0.068974 0.072745 0.075583 0.074646 0.077758 0.082125 0.082393 0.086834 0.088549 0.092133 0.097379 0.099958 0.102271 0.105897 0.108579 0.112314 0.115280 0.118916 0.122360 0.124889 0.129589 0.132927 0.135722 0.138071 0.142199 0.146610 0.149627 0.155098 0.162835 0.166219 0.171892 0.176736 0.181798 0.189579 0.195921 0.203918 0.210600 0.216999 0.223210 0.226986 0.231996 0.236435 0.243321 0.246252 0.250793 0.255354 0.256804 0.264124 0.268881 0.273027 0.278590 0.285239 0.290770 0.296832 0.303594 0.309628 0.316973 0.323088 0.328695 0.335977 0.341330 0.350004 0.356035 0.362625 0.369666 0.377026 0.383648 0.389889 0.396525 0.403692 0.410322 0.416550 0.423457 0.430158 0.435656 0.442854 0.448963 0.455208 0.461190 0.466903 0.472442 0.478464 0.483022 0.488357 0.494449 0.500243 0.504994 0.510316 0.515520 0.520586 0.526290 0.530984 0.536234 0.541778 0.546581 0.551299 0.555835 0.560585 0.565884 0.570152 0.575476 0.579900 0.585017 0.589047 0.592816 0.597833 0.601887 0.605965 0.610908 0.615493 0.620156 0.624283 0.628979 0.632852 0.637236 0.640891 0.644710 0.648832 0.652245 0.656256 0.660045 0.665092 0.669138 0.673805 0.678426 0.681956 0.686590 0.690753 0.694009 0.698357 0.701707 0.705518 0.709705 0.713050 0.716036 0.720228 0.723612 0.727554 0.731436 0.734860 0.738442 0.741520 0.744361 0.747476 0.750715 0.753360 0.757381 0.760678 0.763977 0.767501 0.770614 0.774556 0.778037 0.781611 0.785444 0.789370 0.792555 0.795794 0.799243 0.802350 0.805413 0.808047 0.810413 0.812499 0.814959 0.817151 0.819330 0.822085 0.824470 0.826901 0.829068 0.831542 0.834262 0.836454 0.839003 0.841463 0.844712 0.847223 0.849288 0.851468 0.853474 0.856048 0.859203 0.861301 0.864535 0.867411 0.869954 0.872602 0.875533 0.877613 0.881878 0.885325 0.887784 0.890304 0.893885 0.898519 0.902463 0.905341 0.909063 0.910815 0.916077 0.918396 0.920688 0.925118 0.927249 0.930008 0.929607 0.928926 0.927808 0.927012 0.931108 0.934770 0.938457 0.941239 0.944422 0.946280 0.949348 0.951466 0.953620 0.955911 0.960580 0.960189 0.962392 0.965182 0.968337 0.971709 0.975646 0.977436 0.980647))
(time 0)
(channel green)
(curve
       (curve-type free)
       (n-points 17)
       (points 34 -1.0 -1.0 -1.0 -1.0 -1.0 -1.0 -1.0 -1.0 -1.0 -1.0 -1.0 -1.0 -1.0 -1.0 -1.0 -1.0 -1.0 -1.0 -1.0 -1.0 -1.0 -1.0 -1.0 -1.0 -1.0 -1.0 -1.0 -1.0 -1.0 -1.0 -1.0 -1.0 -1.0 -1.0)
       (n-samples 256)
       (samples 256 0.036519 0.037535 0.040656 0.041955 0.043617 0.047201 0.045373 0.051186 0.049493 0.052451 0.054775 0.056415 0.056979 0.059594 0.062273 0.061775 0.064861 0.067245 0.069648 0.070584 0.075236 0.075990 0.079783 0.080706 0.085122 0.087537 0.089423 0.090652 0.095487 0.097953 0.100755 0.105110 0.107253 0.111573 0.114723 0.117425 0.121844 0.124971 0.129997 0.134399 0.137999 0.140688 0.145566 0.150491 0.152936 0.157725 0.162263 0.166455 0.171364 0.174872 0.180451 0.186696 0.191269 0.196443 0.201857 0.209514 0.215860 0.221071 0.226489 0.233022 0.238189 0.245736 0.251582 0.257277 0.263484 0.269935 0.277346 0.283625 0.289992 0.295298 0.301266 0.306944 0.313852 0.319708 0.325484 0.330094 0.336829 0.342030 0.347610 0.354118 0.359322 0.364463 0.370365 0.376195 0.381707 0.387654 0.392366 0.398616 0.403890 0.409575 0.414923 0.420486 0.426026 0.431330 0.437645 0.442751 0.448534 0.453886 0.459248 0.464646 0.469658 0.474339 0.480194 0.484763 0.490421 0.494922 0.499880 0.504274 0.508112 0.512559 0.517209 0.522494 0.526672 0.531047 0.535628 0.540198 0.545044 0.549627 0.554864 0.558722 0.563366 0.567404 0.570542 0.574221 0.578732 0.582383 0.586318 0.590504 0.594582 0.599348 0.602902 0.607062 0.610916 0.615900 0.619448 0.622623 0.627267 0.631711 0.635462 0.639210 0.642948 0.645964 0.649666 0.653480 0.657914 0.661343 0.664694 0.668644 0.672222 0.675719 0.679634 0.682742 0.687344 0.690646 0.693868 0.697662 0.701313 0.705179 0.709486 0.712208 0.715910 0.719469 0.722656 0.726718 0.730163 0.733654 0.737039 0.741156 0.744881 0.748534 0.751560 0.755066 0.758347 0.761758 0.765176 0.769094 0.772603 0.775951 0.778965 0.781869 0.784108 0.786897 0.789668 0.793386 0.797193 0.800726 0.804817 0.809805 0.813625 0.817075 0.820260 0.823443 0.826789 0.829565 0.832555 0.835183 0.838225 0.841502 0.844187 0.846889 0.849318 0.852104 0.854597 0.856985 0.859790 0.861431 0.863899 0.866178 0.868626 0.871656 0.873177 0.874646 0.876272 0.880127 0.882473 0.884554 0.886958 0.890338 0.894116 0.895925 0.898981 0.902183 0.906329 0.910641 0.914189 0.919079 0.921399 0.923382 0.924121 0.930411 0.937038 0.941665 0.944021 0.945485 0.948639 0.949909 0.952142 0.955394 0.957285 0.960498 0.964513 0.964678 0.962443 0.970739 0.947059 0.937255 1.000000 0.976471 0.980392 0.972549 0.992157 0.972549 0.976471 0.976471 1.000000 1.000000))
(time 0)
(channel blue)
(curve
       (curve-type free)
       (n-points 17)
       (points 34 -1.0 -1.0 -1.0 -1.0 -1.0 -1.0 -1.0 -1.0 -1.0 -1.0 -1.0 -1.0 -1.0 -1.0 -1.0 -1.0 -1.0 -1.0 -1.0 -1.0 -1.0 -1.0 -1.0 -1.0 -1.0 -1.0 -1.0 -1.0 -1.0 -1.0 -1.0 -1.0 -1.0 -1.0)
       (n-samples 256)
       (samples 256 0.023900 0.030139 0.028746 0.030213 0.032819 0.032929 0.034674 0.036264 0.038019 0.038925 0.041888 0.041780 0.043711 0.045917 0.045846 0.048515 0.051225 0.052990 0.053753 0.056478 0.058120 0.059094 0.060118 0.061653 0.061824 0.064530 0.065708 0.066917 0.069445 0.073485 0.074712 0.077206 0.079644 0.082515 0.085848 0.090601 0.094291 0.098384 0.102618 0.107864 0.111582 0.115023 0.121765 0.125889 0.131021 0.136453 0.141967 0.147071 0.150440 0.156061 0.161472 0.166339 0.172391 0.177689 0.183004 0.188816 0.194042 0.199530 0.206494 0.212216 0.219974 0.225416 0.231569 0.237921 0.244933 0.251946 0.258447 0.264967 0.272192 0.278932 0.285853 0.292621 0.298235 0.305913 0.312762 0.319651 0.325679 0.332220 0.338916 0.345890 0.351430 0.357935 0.363600 0.370524 0.376657 0.382519 0.389037 0.396682 0.402245 0.408539 0.414854 0.420343 0.425519 0.431282 0.436659 0.441756 0.447392 0.452321 0.456893 0.462512 0.467675 0.472481 0.477658 0.482675 0.487596 0.492105 0.497325 0.502854 0.507175 0.512183 0.517345 0.521895 0.526988 0.531239 0.536293 0.540661 0.545480 0.550439 0.554677 0.558659 0.562471 0.567398 0.571988 0.575917 0.579958 0.584098 0.588177 0.593185 0.596191 0.600849 0.605854 0.610020 0.614547 0.619249 0.623631 0.628019 0.632410 0.637404 0.641474 0.645698 0.649843 0.653991 0.658743 0.662827 0.666459 0.670559 0.674635 0.679154 0.682825 0.686651 0.690926 0.694671 0.698262 0.702248 0.705893 0.710179 0.714303 0.717960 0.722067 0.725746 0.729574 0.733914 0.737940 0.741357 0.745303 0.749048 0.752167 0.755897 0.759252 0.762605 0.765931 0.769649 0.771878 0.775134 0.778832 0.781891 0.784703 0.788162 0.791964 0.795139 0.797909 0.801950 0.806072 0.809659 0.813229 0.817009 0.820625 0.823424 0.826149 0.828483 0.830269 0.832903 0.835215 0.837887 0.841267 0.844871 0.848517 0.852028 0.855376 0.858705 0.861541 0.862966 0.866523 0.869484 0.872625 0.875681 0.878291 0.882797 0.885775 0.888713 0.892971 0.894475 0.898015 0.901802 0.904182 0.907520 0.910089 0.912652 0.914789 0.917094 0.919604 0.921771 0.924075 0.927480 0.930124 0.932153 0.934668 0.937351 0.939996 0.942424 0.944598 0.945134 0.945808 0.945155 0.947174 0.945839 0.948123 0.949673 0.934804 0.937815 0.934641 0.942297 0.942297 0.960784 0.960784 0.964706 0.964706 0.917647 0.917647 0.917647 0.917647 0.917647 0.917647 0.917647 0.917647 0.917647))
(time 0)
(channel alpha)
(curve
       (curve-type free)
       (n-points 17)
       (points 34 -1.0 -1.0 -1.0 -1.0 -1.0 -1.0 -1.0 -1.0 -1.0 -1.0 -1.0 -1.0 -1.0 -1.0 -1.0 -1.0 -1.0 -1.0 -1.0 -1.0 -1.0 -1.0 -1.0 -1.0 -1.0 -1.0 -1.0 -1.0 -1.0 -1.0 -1.0 -1.0 -1.0 -1.0)
       (n-samples 256)
       (samples 256 0.000000 0.003922 0.007843 0.011765 0.015686 0.019608 0.023529 0.027451 0.031373 0.035294 0.039216 0.043137 0.047059 0.050980 0.054902 0.058824 0.062745 0.066667 0.070588 0.074510 0.078431 0.082353 0.086275 0.090196 0.094118 0.098039 0.101961 0.105882 0.109804 0.113725 0.117647 0.121569 0.125490 0.129412 0.133333 0.137255 0.141176 0.145098 0.149020 0.152941 0.156863 0.160784 0.164706 0.168627 0.172549 0.176471 0.180392 0.184314 0.188235 0.192157 0.196078 0.200000 0.203922 0.207843 0.211765 0.215686 0.219608 0.223529 0.227451 0.231373 0.235294 0.239216 0.243137 0.247059 0.250980 0.254902 0.258824 0.262745 0.266667 0.270588 0.274510 0.278431 0.282353 0.286275 0.290196 0.294118 0.298039 0.301961 0.305882 0.309804 0.313725 0.317647 0.321569 0.325490 0.329412 0.333333 0.337255 0.341176 0.345098 0.349020 0.352941 0.356863 0.360784 0.364706 0.368627 0.372549 0.376471 0.380392 0.384314 0.388235 0.392157 0.396078 0.400000 0.403922 0.407843 0.411765 0.415686 0.419608 0.423529 0.427451 0.431373 0.435294 0.439216 0.443137 0.447059 0.450980 0.454902 0.458824 0.462745 0.466667 0.470588 0.474510 0.478431 0.482353 0.486275 0.490196 0.494118 0.498039 0.501961 0.505882 0.509804 0.513725 0.517647 0.521569 0.525490 0.529412 0.533333 0.537255 0.541176 0.545098 0.549020 0.552941 0.556863 0.560784 0.564706 0.568627 0.572549 0.576471 0.580392 0.584314 0.588235 0.592157 0.596078 0.600000 0.603922 0.607843 0.611765 0.615686 0.619608 0.623529 0.627451 0.631373 0.635294 0.639216 0.643137 0.647059 0.650980 0.654902 0.658824 0.662745 0.666667 0.670588 0.674510 0.678431 0.682353 0.686275 0.690196 0.694118 0.698039 0.701961 0.705882 0.709804 0.713725 0.717647 0.721569 0.725490 0.729412 0.733333 0.737255 0.741176 0.745098 0.749020 0.752941 0.756863 0.760784 0.764706 0.768627 0.772549 0.776471 0.780392 0.784314 0.788235 0.792157 0.796078 0.800000 0.803922 0.807843 0.811765 0.815686 0.819608 0.823529 0.827451 0.831373 0.835294 0.839216 0.843137 0.847059 0.850980 0.854902 0.858824 0.862745 0.866667 0.870588 0.874510 0.878431 0.882353 0.886275 0.890196 0.894118 0.898039 0.901961 0.905882 0.909804 0.913725 0.917647 0.921569 0.925490 0.929412 0.933333 0.937255 0.941176 0.945098 0.949020 0.952941 0.956863 0.960784 0.964706 0.968627 0.972549 0.976471 0.980392 0.984314 0.988235 0.992157 0.996078 1.000000))
# end of curves tool settings
