# GIMP curves tool settings

(time 0)
(channel value)
(curve
       (curve-type free)
       (n-points 17)
       (points 34 -1.0 -1.0 -1.0 -1.0 -1.0 -1.0 -1.0 -1.0 -1.0 -1.0 -1.0 -1.0 -1.0 -1.0 -1.0 -1.0 -1.0 -1.0 -1.0 -1.0 -1.0 -1.0 -1.0 -1.0 -1.0 -1.0 -1.0 -1.0 -1.0 -1.0 -1.0 -1.0 -1.0 -1.0)
       (n-samples 256)
       (samples 256 0.000000 0.003922 0.007843 0.011765 0.015686 0.019608 0.023529 0.027451 0.031373 0.035294 0.039216 0.043137 0.047059 0.050980 0.054902 0.058824 0.062745 0.066667 0.070588 0.074510 0.078431 0.082353 0.086275 0.090196 0.094118 0.098039 0.101961 0.105882 0.109804 0.113725 0.117647 0.121569 0.125490 0.129412 0.133333 0.137255 0.141176 0.145098 0.149020 0.152941 0.156863 0.160784 0.164706 0.168627 0.172549 0.176471 0.180392 0.184314 0.188235 0.192157 0.196078 0.200000 0.203922 0.207843 0.211765 0.215686 0.219608 0.223529 0.227451 0.231373 0.235294 0.239216 0.243137 0.247059 0.250980 0.254902 0.258824 0.262745 0.266667 0.270588 0.274510 0.278431 0.282353 0.286275 0.290196 0.294118 0.298039 0.301961 0.305882 0.309804 0.313725 0.317647 0.321569 0.325490 0.329412 0.333333 0.337255 0.341176 0.345098 0.349020 0.352941 0.356863 0.360784 0.364706 0.368627 0.372549 0.376471 0.380392 0.384314 0.388235 0.392157 0.396078 0.400000 0.403922 0.407843 0.411765 0.415686 0.419608 0.423529 0.427451 0.431373 0.435294 0.439216 0.443137 0.447059 0.450980 0.454902 0.458824 0.462745 0.466667 0.470588 0.474510 0.478431 0.482353 0.486275 0.490196 0.494118 0.498039 0.501961 0.505882 0.509804 0.513725 0.517647 0.521569 0.525490 0.529412 0.533333 0.537255 0.541176 0.545098 0.549020 0.552941 0.556863 0.560784 0.564706 0.568627 0.572549 0.576471 0.580392 0.584314 0.588235 0.592157 0.596078 0.600000 0.603922 0.607843 0.611765 0.615686 0.619608 0.623529 0.627451 0.631373 0.635294 0.639216 0.643137 0.647059 0.650980 0.654902 0.658824 0.662745 0.666667 0.670588 0.674510 0.678431 0.682353 0.686275 0.690196 0.694118 0.698039 0.701961 0.705882 0.709804 0.713725 0.717647 0.721569 0.725490 0.729412 0.733333 0.737255 0.741176 0.745098 0.749020 0.752941 0.756863 0.760784 0.764706 0.768627 0.772549 0.776471 0.780392 0.784314 0.788235 0.792157 0.796078 0.800000 0.803922 0.807843 0.811765 0.815686 0.819608 0.823529 0.827451 0.831373 0.835294 0.839216 0.843137 0.847059 0.850980 0.854902 0.858824 0.862745 0.866667 0.870588 0.874510 0.878431 0.882353 0.886275 0.890196 0.894118 0.898039 0.901961 0.905882 0.909804 0.913725 0.917647 0.921569 0.925490 0.929412 0.933333 0.937255 0.941176 0.945098 0.949020 0.952941 0.956863 0.960784 0.964706 0.968627 0.972549 0.976471 0.980392 0.984314 0.988235 0.992157 0.996078 1.000000))
(time 0)
(channel red)
(curve
       (curve-type free)
       (n-points 17)
       (points 34 -1.0 -1.0 -1.0 -1.0 -1.0 -1.0 -1.0 -1.0 -1.0 -1.0 -1.0 -1.0 -1.0 -1.0 -1.0 -1.0 -1.0 -1.0 -1.0 -1.0 -1.0 -1.0 -1.0 -1.0 -1.0 -1.0 -1.0 -1.0 -1.0 -1.0 -1.0 -1.0 -1.0 -1.0)
       (n-samples 256)
       (samples 256 0.019608 0.019608 0.019608 0.019608 0.019608 0.024314 0.032737 0.029692 0.031756 0.030918 0.034482 0.036958 0.041260 0.044514 0.047748 0.051515 0.054518 0.056526 0.058984 0.061404 0.064369 0.067153 0.069985 0.073370 0.076146 0.078973 0.081724 0.084412 0.087602 0.090444 0.093068 0.096958 0.099998 0.103428 0.106743 0.109151 0.112349 0.115583 0.118210 0.121438 0.123809 0.126987 0.129010 0.131504 0.134438 0.137610 0.141016 0.143774 0.146942 0.150216 0.153850 0.157434 0.161039 0.165192 0.167700 0.171247 0.174797 0.178761 0.182228 0.186271 0.189978 0.194195 0.197872 0.202061 0.206025 0.209888 0.213955 0.218372 0.222956 0.226548 0.230354 0.235421 0.239413 0.243355 0.248616 0.253428 0.258066 0.261943 0.265688 0.269537 0.274833 0.279416 0.283681 0.287208 0.292441 0.296078 0.300785 0.305264 0.308735 0.312611 0.317409 0.321040 0.325535 0.329253 0.333709 0.338285 0.340899 0.344683 0.348914 0.352564 0.357024 0.360556 0.363724 0.367918 0.371577 0.374779 0.378299 0.382940 0.388065 0.392205 0.395225 0.398235 0.402140 0.407101 0.410944 0.415876 0.419641 0.423468 0.427431 0.431801 0.435709 0.439449 0.443173 0.447536 0.451609 0.454076 0.458715 0.460955 0.464965 0.468284 0.471831 0.475597 0.479824 0.483002 0.487031 0.491683 0.494880 0.498625 0.503283 0.506392 0.510357 0.515185 0.519129 0.523647 0.526518 0.530943 0.535323 0.538549 0.542673 0.546515 0.550585 0.554499 0.559882 0.564288 0.567620 0.572542 0.575770 0.581222 0.585965 0.590331 0.594590 0.598466 0.601285 0.605111 0.609088 0.613413 0.616988 0.621580 0.625487 0.629745 0.632530 0.635704 0.640310 0.645084 0.650138 0.654689 0.659084 0.664523 0.669772 0.673334 0.677018 0.678290 0.682027 0.686879 0.690308 0.694975 0.699877 0.702837 0.706374 0.708859 0.713367 0.717680 0.723086 0.727151 0.734099 0.739020 0.745278 0.750254 0.754206 0.758955 0.762882 0.767220 0.770819 0.775371 0.780741 0.784896 0.788888 0.791882 0.795527 0.801768 0.805118 0.809646 0.812580 0.817679 0.821449 0.826585 0.831051 0.835774 0.840058 0.843577 0.849134 0.853641 0.856798 0.859946 0.863348 0.867345 0.870821 0.873561 0.878309 0.881500 0.885303 0.889562 0.891642 0.893693 0.897361 0.899929 0.903018 0.904859 0.909179 0.911857 0.914772 0.916999 0.921897 0.926795 0.932520 0.938362 0.942955 0.948341 0.954019 0.957120 0.959687 0.969747 0.969872 0.978353 0.982428 0.984843))
(time 0)
(channel green)
(curve
       (curve-type free)
       (n-points 17)
       (points 34 -1.0 -1.0 -1.0 -1.0 -1.0 -1.0 -1.0 -1.0 -1.0 -1.0 -1.0 -1.0 -1.0 -1.0 -1.0 -1.0 -1.0 -1.0 -1.0 -1.0 -1.0 -1.0 -1.0 -1.0 -1.0 -1.0 -1.0 -1.0 -1.0 -1.0 -1.0 -1.0 -1.0 -1.0)
       (n-samples 256)
       (samples 256 0.161692 0.163433 0.157558 0.150824 0.151094 0.136638 0.111035 0.099103 0.075006 0.064700 0.062463 0.060894 0.063281 0.065318 0.068039 0.073392 0.073093 0.080351 0.091627 0.102241 0.109384 0.112912 0.120783 0.124659 0.125496 0.128472 0.130322 0.133809 0.134036 0.134990 0.138562 0.139472 0.140519 0.144166 0.144471 0.149227 0.149379 0.150788 0.149713 0.152543 0.157087 0.157869 0.160581 0.164885 0.167463 0.170776 0.172810 0.175479 0.181488 0.183521 0.189062 0.191098 0.197003 0.197844 0.201908 0.205932 0.210446 0.214098 0.219726 0.221981 0.228820 0.233724 0.237177 0.242211 0.244337 0.248696 0.251133 0.255023 0.257485 0.260861 0.266538 0.271541 0.276514 0.280835 0.286121 0.289249 0.292307 0.296376 0.300844 0.304438 0.310396 0.314185 0.320029 0.324470 0.328983 0.334587 0.340386 0.344104 0.347719 0.352264 0.356563 0.360659 0.366539 0.371131 0.377104 0.381936 0.386698 0.392333 0.397096 0.402194 0.406590 0.411526 0.416467 0.420331 0.425463 0.430185 0.435514 0.440558 0.444292 0.449231 0.453211 0.457974 0.463016 0.467540 0.472772 0.477412 0.481337 0.486712 0.491622 0.495885 0.501048 0.504870 0.510128 0.515066 0.520396 0.524689 0.529263 0.533675 0.538379 0.542898 0.547104 0.551679 0.556433 0.561558 0.566256 0.570919 0.575421 0.580202 0.584983 0.589873 0.594808 0.599708 0.604216 0.609204 0.613621 0.618126 0.622746 0.627501 0.632079 0.636971 0.641486 0.646566 0.651226 0.656126 0.660479 0.665472 0.670325 0.675111 0.680186 0.684774 0.689429 0.694152 0.698672 0.702964 0.707999 0.712841 0.717232 0.722723 0.727080 0.731794 0.736429 0.740925 0.745335 0.749779 0.754568 0.758441 0.762596 0.766831 0.770883 0.775126 0.779018 0.782820 0.786976 0.790727 0.794712 0.798218 0.801752 0.805464 0.809755 0.813440 0.817174 0.820563 0.824215 0.828210 0.831625 0.835276 0.838745 0.842364 0.845787 0.849441 0.852957 0.856593 0.859651 0.862852 0.865864 0.869237 0.872508 0.875256 0.877917 0.880927 0.883764 0.886541 0.889195 0.892225 0.894952 0.897530 0.899978 0.902993 0.905757 0.908164 0.910799 0.912962 0.916341 0.918529 0.921606 0.923559 0.925823 0.927993 0.930248 0.933118 0.935648 0.937779 0.940025 0.942466 0.944702 0.946218 0.949085 0.950724 0.953262 0.955105 0.956994 0.958920 0.960969 0.963812 0.966725 0.969707 0.972232 0.975795 0.979183 0.982487 0.986574 0.988048 0.990376 0.992936 0.995247 0.998264))
(time 0)
(channel blue)
(curve
       (curve-type free)
       (n-points 17)
       (points 34 -1.0 -1.0 -1.0 -1.0 -1.0 -1.0 -1.0 -1.0 -1.0 -1.0 -1.0 -1.0 -1.0 -1.0 -1.0 -1.0 -1.0 -1.0 -1.0 -1.0 -1.0 -1.0 -1.0 -1.0 -1.0 -1.0 -1.0 -1.0 -1.0 -1.0 -1.0 -1.0 -1.0 -1.0)
       (n-samples 256)
       (samples 256 0.012687 0.015101 0.017768 0.017937 0.020568 0.024038 0.025892 0.028328 0.030015 0.032014 0.034872 0.037561 0.041747 0.046034 0.049849 0.054512 0.058500 0.061986 0.065137 0.065355 0.067525 0.070556 0.073238 0.076628 0.080029 0.083169 0.085575 0.089017 0.091897 0.095146 0.098491 0.101821 0.104706 0.108433 0.110707 0.113953 0.116597 0.121104 0.123853 0.127635 0.131101 0.134899 0.139157 0.143942 0.149423 0.154721 0.159437 0.165603 0.172041 0.175575 0.183526 0.187206 0.195133 0.202793 0.208599 0.215847 0.219988 0.225952 0.234167 0.237852 0.244898 0.256173 0.258316 0.264439 0.266972 0.275556 0.281207 0.291810 0.295145 0.307525 0.328236 0.333924 0.346181 0.354787 0.369297 0.382688 0.391590 0.397201 0.402841 0.407321 0.413063 0.417347 0.417328 0.422271 0.426668 0.429010 0.429478 0.431827 0.437339 0.437959 0.441960 0.439019 0.439463 0.439937 0.438959 0.440346 0.443008 0.444690 0.444697 0.449032 0.452501 0.455549 0.460477 0.465140 0.467479 0.473070 0.478657 0.484746 0.492983 0.497902 0.498957 0.500419 0.502995 0.506208 0.509006 0.512913 0.517168 0.521761 0.527222 0.532710 0.537795 0.541290 0.546110 0.550179 0.553902 0.557932 0.561974 0.567089 0.570949 0.575417 0.580549 0.585199 0.589978 0.594539 0.598250 0.602599 0.607008 0.611923 0.616705 0.620221 0.625110 0.630168 0.634358 0.638030 0.642064 0.646487 0.650794 0.654928 0.660619 0.665892 0.671722 0.677360 0.681582 0.685959 0.692218 0.698443 0.703087 0.709012 0.711100 0.716105 0.720468 0.725010 0.727653 0.732415 0.735467 0.739617 0.742493 0.746146 0.749770 0.753313 0.756885 0.759754 0.762350 0.765786 0.770402 0.774696 0.779632 0.783319 0.788453 0.792406 0.796275 0.800184 0.804002 0.806655 0.810015 0.813898 0.818089 0.822531 0.826152 0.828437 0.831030 0.833353 0.834751 0.836550 0.838705 0.841287 0.844944 0.847995 0.852193 0.854844 0.858240 0.860894 0.864354 0.867644 0.871050 0.874552 0.877993 0.879947 0.881573 0.883451 0.886056 0.888465 0.890135 0.893346 0.895002 0.896538 0.899501 0.901935 0.905323 0.907685 0.910267 0.912173 0.915410 0.917763 0.920355 0.922424 0.925645 0.928799 0.931701 0.934072 0.936296 0.938649 0.940630 0.942510 0.943563 0.943979 0.945853 0.947880 0.950762 0.953223 0.955477 0.957984 0.960519 0.965340 0.967818 0.970517 0.974238 0.974142 0.974778 0.976005 0.979766 0.983553 0.987289 0.991602 0.994255 0.997586))
(time 0)
(channel alpha)
(curve
       (curve-type free)
       (n-points 17)
       (points 34 -1.0 -1.0 -1.0 -1.0 -1.0 -1.0 -1.0 -1.0 -1.0 -1.0 -1.0 -1.0 -1.0 -1.0 -1.0 -1.0 -1.0 -1.0 -1.0 -1.0 -1.0 -1.0 -1.0 -1.0 -1.0 -1.0 -1.0 -1.0 -1.0 -1.0 -1.0 -1.0 -1.0 -1.0)
       (n-samples 256)
       (samples 256 0.000000 0.003922 0.007843 0.011765 0.015686 0.019608 0.023529 0.027451 0.031373 0.035294 0.039216 0.043137 0.047059 0.050980 0.054902 0.058824 0.062745 0.066667 0.070588 0.074510 0.078431 0.082353 0.086275 0.090196 0.094118 0.098039 0.101961 0.105882 0.109804 0.113725 0.117647 0.121569 0.125490 0.129412 0.133333 0.137255 0.141176 0.145098 0.149020 0.152941 0.156863 0.160784 0.164706 0.168627 0.172549 0.176471 0.180392 0.184314 0.188235 0.192157 0.196078 0.200000 0.203922 0.207843 0.211765 0.215686 0.219608 0.223529 0.227451 0.231373 0.235294 0.239216 0.243137 0.247059 0.250980 0.254902 0.258824 0.262745 0.266667 0.270588 0.274510 0.278431 0.282353 0.286275 0.290196 0.294118 0.298039 0.301961 0.305882 0.309804 0.313725 0.317647 0.321569 0.325490 0.329412 0.333333 0.337255 0.341176 0.345098 0.349020 0.352941 0.356863 0.360784 0.364706 0.368627 0.372549 0.376471 0.380392 0.384314 0.388235 0.392157 0.396078 0.400000 0.403922 0.407843 0.411765 0.415686 0.419608 0.423529 0.427451 0.431373 0.435294 0.439216 0.443137 0.447059 0.450980 0.454902 0.458824 0.462745 0.466667 0.470588 0.474510 0.478431 0.482353 0.486275 0.490196 0.494118 0.498039 0.501961 0.505882 0.509804 0.513725 0.517647 0.521569 0.525490 0.529412 0.533333 0.537255 0.541176 0.545098 0.549020 0.552941 0.556863 0.560784 0.564706 0.568627 0.572549 0.576471 0.580392 0.584314 0.588235 0.592157 0.596078 0.600000 0.603922 0.607843 0.611765 0.615686 0.619608 0.623529 0.627451 0.631373 0.635294 0.639216 0.643137 0.647059 0.650980 0.654902 0.658824 0.662745 0.666667 0.670588 0.674510 0.678431 0.682353 0.686275 0.690196 0.694118 0.698039 0.701961 0.705882 0.709804 0.713725 0.717647 0.721569 0.725490 0.729412 0.733333 0.737255 0.741176 0.745098 0.749020 0.752941 0.756863 0.760784 0.764706 0.768627 0.772549 0.776471 0.780392 0.784314 0.788235 0.792157 0.796078 0.800000 0.803922 0.807843 0.811765 0.815686 0.819608 0.823529 0.827451 0.831373 0.835294 0.839216 0.843137 0.847059 0.850980 0.854902 0.858824 0.862745 0.866667 0.870588 0.874510 0.878431 0.882353 0.886275 0.890196 0.894118 0.898039 0.901961 0.905882 0.909804 0.913725 0.917647 0.921569 0.925490 0.929412 0.933333 0.937255 0.941176 0.945098 0.949020 0.952941 0.956863 0.960784 0.964706 0.968627 0.972549 0.976471 0.980392 0.984314 0.988235 0.992157 0.996078 1.000000))
# end of curves tool settings
