# GIMP curves tool settings

(time 0)
(channel value)
(curve
       (curve-type free)
       (n-points 17)
       (points 34 -1.0 -1.0 -1.0 -1.0 -1.0 -1.0 -1.0 -1.0 -1.0 -1.0 -1.0 -1.0 -1.0 -1.0 -1.0 -1.0 -1.0 -1.0 -1.0 -1.0 -1.0 -1.0 -1.0 -1.0 -1.0 -1.0 -1.0 -1.0 -1.0 -1.0 -1.0 -1.0 -1.0 -1.0)
       (n-samples 256)
       (samples 256 0.000000 0.003922 0.007843 0.011765 0.015686 0.019608 0.023529 0.027451 0.031373 0.035294 0.039216 0.043137 0.047059 0.050980 0.054902 0.058824 0.062745 0.066667 0.070588 0.074510 0.078431 0.082353 0.086275 0.090196 0.094118 0.098039 0.101961 0.105882 0.109804 0.113725 0.117647 0.121569 0.125490 0.129412 0.133333 0.137255 0.141176 0.145098 0.149020 0.152941 0.156863 0.160784 0.164706 0.168627 0.172549 0.176471 0.180392 0.184314 0.188235 0.192157 0.196078 0.200000 0.203922 0.207843 0.211765 0.215686 0.219608 0.223529 0.227451 0.231373 0.235294 0.239216 0.243137 0.247059 0.250980 0.254902 0.258824 0.262745 0.266667 0.270588 0.274510 0.278431 0.282353 0.286275 0.290196 0.294118 0.298039 0.301961 0.305882 0.309804 0.313725 0.317647 0.321569 0.325490 0.329412 0.333333 0.337255 0.341176 0.345098 0.349020 0.352941 0.356863 0.360784 0.364706 0.368627 0.372549 0.376471 0.380392 0.384314 0.388235 0.392157 0.396078 0.400000 0.403922 0.407843 0.411765 0.415686 0.419608 0.423529 0.427451 0.431373 0.435294 0.439216 0.443137 0.447059 0.450980 0.454902 0.458824 0.462745 0.466667 0.470588 0.474510 0.478431 0.482353 0.486275 0.490196 0.494118 0.498039 0.501961 0.505882 0.509804 0.513725 0.517647 0.521569 0.525490 0.529412 0.533333 0.537255 0.541176 0.545098 0.549020 0.552941 0.556863 0.560784 0.564706 0.568627 0.572549 0.576471 0.580392 0.584314 0.588235 0.592157 0.596078 0.600000 0.603922 0.607843 0.611765 0.615686 0.619608 0.623529 0.627451 0.631373 0.635294 0.639216 0.643137 0.647059 0.650980 0.654902 0.658824 0.662745 0.666667 0.670588 0.674510 0.678431 0.682353 0.686275 0.690196 0.694118 0.698039 0.701961 0.705882 0.709804 0.713725 0.717647 0.721569 0.725490 0.729412 0.733333 0.737255 0.741176 0.745098 0.749020 0.752941 0.756863 0.760784 0.764706 0.768627 0.772549 0.776471 0.780392 0.784314 0.788235 0.792157 0.796078 0.800000 0.803922 0.807843 0.811765 0.815686 0.819608 0.823529 0.827451 0.831373 0.835294 0.839216 0.843137 0.847059 0.850980 0.854902 0.858824 0.862745 0.866667 0.870588 0.874510 0.878431 0.882353 0.886275 0.890196 0.894118 0.898039 0.901961 0.905882 0.909804 0.913725 0.917647 0.921569 0.925490 0.929412 0.933333 0.937255 0.941176 0.945098 0.949020 0.952941 0.956863 0.960784 0.964706 0.968627 0.972549 0.976471 0.980392 0.984314 0.988235 0.992157 0.996078 1.000000))
(time 0)
(channel red)
(curve
       (curve-type free)
       (n-points 17)
       (points 34 -1.0 -1.0 -1.0 -1.0 -1.0 -1.0 -1.0 -1.0 -1.0 -1.0 -1.0 -1.0 -1.0 -1.0 -1.0 -1.0 -1.0 -1.0 -1.0 -1.0 -1.0 -1.0 -1.0 -1.0 -1.0 -1.0 -1.0 -1.0 -1.0 -1.0 -1.0 -1.0 -1.0 -1.0)
       (n-samples 256)
       (samples 256 0.095457 0.063053 0.054896 0.047049 0.037568 0.033639 0.033130 0.030281 0.029536 0.030028 0.028991 0.030790 0.031427 0.033328 0.033928 0.036441 0.037602 0.039109 0.043141 0.042401 0.045592 0.047113 0.050892 0.052696 0.055325 0.058045 0.061181 0.063117 0.066217 0.069302 0.074631 0.075462 0.079594 0.081616 0.085191 0.088825 0.092654 0.096445 0.099615 0.103477 0.108503 0.110062 0.115484 0.118148 0.122478 0.127004 0.130066 0.134547 0.139040 0.143274 0.147075 0.151437 0.155532 0.160162 0.164948 0.169306 0.173853 0.178436 0.185453 0.189666 0.194833 0.200166 0.205293 0.211325 0.215710 0.222843 0.227688 0.233353 0.239208 0.244076 0.250125 0.256739 0.261928 0.267593 0.274022 0.280362 0.285685 0.292223 0.297619 0.304092 0.310436 0.316880 0.321760 0.329279 0.335432 0.342576 0.348143 0.354709 0.359766 0.367746 0.373688 0.380526 0.386730 0.393305 0.399852 0.406332 0.412043 0.418891 0.425721 0.430679 0.436246 0.441705 0.447819 0.452651 0.458561 0.463368 0.469899 0.474992 0.480662 0.486152 0.492809 0.497749 0.504243 0.508760 0.513890 0.519482 0.524336 0.528281 0.532250 0.537841 0.541650 0.545691 0.549640 0.553836 0.557095 0.560286 0.565525 0.569089 0.573926 0.577215 0.582228 0.586552 0.590494 0.594109 0.598072 0.602467 0.606657 0.609590 0.612096 0.616593 0.619393 0.622744 0.626002 0.629465 0.634034 0.638107 0.640430 0.644832 0.648542 0.651910 0.655096 0.659568 0.663300 0.667289 0.671511 0.675317 0.678247 0.682575 0.686155 0.689884 0.693153 0.697239 0.701530 0.704018 0.708955 0.712286 0.716542 0.718859 0.722920 0.727245 0.731229 0.733733 0.739020 0.740875 0.744059 0.745949 0.749161 0.752321 0.757489 0.760494 0.764582 0.767564 0.773330 0.775269 0.777970 0.781345 0.785911 0.789506 0.793184 0.795729 0.799819 0.802573 0.806165 0.809174 0.812717 0.816128 0.819112 0.822628 0.827303 0.831068 0.832176 0.833223 0.835701 0.837856 0.840833 0.842727 0.845367 0.848002 0.850447 0.852949 0.854736 0.857345 0.859230 0.862167 0.864639 0.867511 0.871417 0.875842 0.881596 0.886205 0.890543 0.894639 0.898313 0.901848 0.904780 0.907831 0.910159 0.912810 0.914357 0.917037 0.919948 0.924490 0.927228 0.928998 0.932079 0.937094 0.940305 0.941583 0.939979 0.943204 0.946318 0.948305 0.950384 0.950214 0.955278 0.956357 0.952322 0.958080 0.965795 0.960554 0.973420 0.968873 0.942157 0.985294 0.973856 0.976471))
(time 0)
(channel green)
(curve
       (curve-type free)
       (n-points 17)
       (points 34 -1.0 -1.0 -1.0 -1.0 -1.0 -1.0 -1.0 -1.0 -1.0 -1.0 -1.0 -1.0 -1.0 -1.0 -1.0 -1.0 -1.0 -1.0 -1.0 -1.0 -1.0 -1.0 -1.0 -1.0 -1.0 -1.0 -1.0 -1.0 -1.0 -1.0 -1.0 -1.0 -1.0 -1.0)
       (n-samples 256)
       (samples 256 0.010515 0.011317 0.015871 0.014216 0.016598 0.016880 0.019996 0.020308 0.021836 0.023420 0.025680 0.026949 0.030483 0.031434 0.033220 0.035921 0.036946 0.039963 0.041843 0.043299 0.045571 0.047759 0.050559 0.052215 0.054681 0.057124 0.059615 0.062382 0.064901 0.068219 0.070161 0.072985 0.075899 0.079424 0.081871 0.085084 0.087861 0.091568 0.095365 0.098309 0.101563 0.105608 0.109433 0.112887 0.116865 0.120191 0.124162 0.128201 0.132514 0.136212 0.140499 0.144209 0.148930 0.153044 0.157633 0.162413 0.167408 0.172585 0.177476 0.182876 0.187866 0.193651 0.199476 0.204996 0.211134 0.216756 0.222955 0.229169 0.235249 0.240387 0.247035 0.252941 0.258928 0.265786 0.271843 0.278048 0.284230 0.290572 0.297443 0.303464 0.310000 0.317285 0.323354 0.329521 0.335733 0.342233 0.348675 0.355281 0.360933 0.367307 0.373444 0.379333 0.384991 0.391383 0.396913 0.403144 0.408499 0.413913 0.420095 0.425355 0.431923 0.436727 0.442408 0.447922 0.453493 0.458066 0.463707 0.469503 0.475106 0.480490 0.485744 0.491048 0.496228 0.502181 0.507166 0.512210 0.516834 0.521996 0.526581 0.530990 0.536118 0.540584 0.545451 0.550145 0.554097 0.558022 0.563034 0.566796 0.571436 0.576208 0.580015 0.584755 0.587826 0.591837 0.595936 0.599482 0.603702 0.607422 0.610723 0.615689 0.619388 0.622372 0.625454 0.629870 0.634259 0.638195 0.641303 0.645766 0.648281 0.653159 0.656188 0.660389 0.663315 0.666982 0.671119 0.674788 0.678339 0.682242 0.685117 0.690196 0.693020 0.696931 0.700172 0.703960 0.707680 0.711196 0.714608 0.718373 0.721268 0.724368 0.727582 0.730833 0.734162 0.737857 0.740830 0.745021 0.748046 0.752308 0.756094 0.760321 0.764396 0.767748 0.771857 0.775425 0.778427 0.781159 0.784236 0.788066 0.791090 0.794814 0.798361 0.802134 0.805193 0.808608 0.811313 0.814061 0.816966 0.818849 0.822041 0.827203 0.831295 0.835353 0.839631 0.843373 0.847834 0.851144 0.855038 0.858023 0.861333 0.864137 0.867756 0.870937 0.873054 0.876057 0.877908 0.880183 0.883012 0.885557 0.887456 0.889599 0.891895 0.894229 0.897657 0.900838 0.902870 0.905519 0.909740 0.912245 0.914059 0.915942 0.916852 0.919834 0.922117 0.924537 0.926748 0.928435 0.930983 0.933670 0.937234 0.941257 0.945371 0.949174 0.953520 0.956106 0.957397 0.958626 0.958757 0.959459 0.962452 0.960603 0.967233 0.973957 0.963171 0.967647 0.976009 0.987364))
(time 0)
(channel blue)
(curve
       (curve-type free)
       (n-points 17)
       (points 34 -1.0 -1.0 -1.0 -1.0 -1.0 -1.0 -1.0 -1.0 -1.0 -1.0 -1.0 -1.0 -1.0 -1.0 -1.0 -1.0 -1.0 -1.0 -1.0 -1.0 -1.0 -1.0 -1.0 -1.0 -1.0 -1.0 -1.0 -1.0 -1.0 -1.0 -1.0 -1.0 -1.0 -1.0)
       (n-samples 256)
       (samples 256 0.006209 0.007320 0.007153 0.010030 0.009488 0.010817 0.010581 0.012558 0.012867 0.013642 0.015703 0.017392 0.018631 0.020357 0.022451 0.024063 0.025845 0.028999 0.031026 0.033146 0.035397 0.036824 0.039445 0.042515 0.044682 0.047482 0.050383 0.053284 0.056668 0.060712 0.063500 0.066598 0.069938 0.073744 0.077759 0.080618 0.084045 0.087854 0.091671 0.095878 0.099757 0.103026 0.107279 0.111191 0.114957 0.119555 0.122945 0.127520 0.131554 0.136414 0.140738 0.146446 0.151176 0.155981 0.162226 0.166316 0.172700 0.177132 0.184046 0.189244 0.195462 0.202348 0.207213 0.213806 0.220516 0.225718 0.233302 0.239670 0.245329 0.252646 0.259000 0.264326 0.271497 0.276368 0.285428 0.290928 0.297230 0.303994 0.307049 0.313216 0.317780 0.323023 0.328900 0.334032 0.339790 0.346745 0.350526 0.356391 0.361776 0.367251 0.373519 0.379295 0.384805 0.389756 0.395412 0.400622 0.406764 0.411253 0.416623 0.422538 0.426299 0.431447 0.435851 0.441420 0.446396 0.452101 0.455340 0.460557 0.465107 0.469926 0.473550 0.477587 0.482048 0.486547 0.491825 0.495784 0.500369 0.504869 0.508896 0.512932 0.516843 0.521701 0.526338 0.530942 0.534673 0.538415 0.542447 0.547541 0.550824 0.555464 0.558101 0.563341 0.566370 0.570170 0.573708 0.576538 0.580499 0.582494 0.586004 0.589046 0.592261 0.595034 0.598934 0.603161 0.605920 0.609644 0.613321 0.616944 0.620315 0.624074 0.628573 0.630876 0.634701 0.639160 0.643149 0.646840 0.649813 0.653419 0.656949 0.661321 0.664253 0.668422 0.671763 0.676687 0.679909 0.682600 0.685394 0.690005 0.693358 0.696453 0.699554 0.703109 0.707253 0.710126 0.712317 0.714425 0.718303 0.720044 0.722207 0.725845 0.728763 0.733618 0.736048 0.742136 0.745672 0.749185 0.754304 0.757537 0.759401 0.762742 0.766559 0.769797 0.774778 0.779009 0.782012 0.785103 0.788914 0.791969 0.795904 0.797928 0.800908 0.802502 0.806887 0.808634 0.810465 0.813710 0.816502 0.817946 0.820766 0.822976 0.825340 0.828579 0.832340 0.835389 0.838475 0.841643 0.845816 0.850295 0.854212 0.858986 0.863518 0.867555 0.870867 0.875494 0.878258 0.881385 0.886200 0.890178 0.893200 0.896913 0.899173 0.903208 0.906616 0.909211 0.912931 0.914934 0.917891 0.920451 0.923962 0.926217 0.928841 0.932104 0.936061 0.939606 0.943728 0.949850 0.954645 0.959654 0.964546 0.967015 0.961939 0.959477 0.964393 0.964583 0.964486 0.970217))
(time 0)
(channel alpha)
(curve
       (curve-type free)
       (n-points 17)
       (points 34 -1.0 -1.0 -1.0 -1.0 -1.0 -1.0 -1.0 -1.0 -1.0 -1.0 -1.0 -1.0 -1.0 -1.0 -1.0 -1.0 -1.0 -1.0 -1.0 -1.0 -1.0 -1.0 -1.0 -1.0 -1.0 -1.0 -1.0 -1.0 -1.0 -1.0 -1.0 -1.0 -1.0 -1.0)
       (n-samples 256)
       (samples 256 0.000000 0.003922 0.007843 0.011765 0.015686 0.019608 0.023529 0.027451 0.031373 0.035294 0.039216 0.043137 0.047059 0.050980 0.054902 0.058824 0.062745 0.066667 0.070588 0.074510 0.078431 0.082353 0.086275 0.090196 0.094118 0.098039 0.101961 0.105882 0.109804 0.113725 0.117647 0.121569 0.125490 0.129412 0.133333 0.137255 0.141176 0.145098 0.149020 0.152941 0.156863 0.160784 0.164706 0.168627 0.172549 0.176471 0.180392 0.184314 0.188235 0.192157 0.196078 0.200000 0.203922 0.207843 0.211765 0.215686 0.219608 0.223529 0.227451 0.231373 0.235294 0.239216 0.243137 0.247059 0.250980 0.254902 0.258824 0.262745 0.266667 0.270588 0.274510 0.278431 0.282353 0.286275 0.290196 0.294118 0.298039 0.301961 0.305882 0.309804 0.313725 0.317647 0.321569 0.325490 0.329412 0.333333 0.337255 0.341176 0.345098 0.349020 0.352941 0.356863 0.360784 0.364706 0.368627 0.372549 0.376471 0.380392 0.384314 0.388235 0.392157 0.396078 0.400000 0.403922 0.407843 0.411765 0.415686 0.419608 0.423529 0.427451 0.431373 0.435294 0.439216 0.443137 0.447059 0.450980 0.454902 0.458824 0.462745 0.466667 0.470588 0.474510 0.478431 0.482353 0.486275 0.490196 0.494118 0.498039 0.501961 0.505882 0.509804 0.513725 0.517647 0.521569 0.525490 0.529412 0.533333 0.537255 0.541176 0.545098 0.549020 0.552941 0.556863 0.560784 0.564706 0.568627 0.572549 0.576471 0.580392 0.584314 0.588235 0.592157 0.596078 0.600000 0.603922 0.607843 0.611765 0.615686 0.619608 0.623529 0.627451 0.631373 0.635294 0.639216 0.643137 0.647059 0.650980 0.654902 0.658824 0.662745 0.666667 0.670588 0.674510 0.678431 0.682353 0.686275 0.690196 0.694118 0.698039 0.701961 0.705882 0.709804 0.713725 0.717647 0.721569 0.725490 0.729412 0.733333 0.737255 0.741176 0.745098 0.749020 0.752941 0.756863 0.760784 0.764706 0.768627 0.772549 0.776471 0.780392 0.784314 0.788235 0.792157 0.796078 0.800000 0.803922 0.807843 0.811765 0.815686 0.819608 0.823529 0.827451 0.831373 0.835294 0.839216 0.843137 0.847059 0.850980 0.854902 0.858824 0.862745 0.866667 0.870588 0.874510 0.878431 0.882353 0.886275 0.890196 0.894118 0.898039 0.901961 0.905882 0.909804 0.913725 0.917647 0.921569 0.925490 0.929412 0.933333 0.937255 0.941176 0.945098 0.949020 0.952941 0.956863 0.960784 0.964706 0.968627 0.972549 0.976471 0.980392 0.984314 0.988235 0.992157 0.996078 1.000000))
# end of curves tool settings
