# GIMP curves tool settings

(time 0)
(channel value)
(curve
       (curve-type free)
       (n-points 17)
       (points 34 -1.0 -1.0 -1.0 -1.0 -1.0 -1.0 -1.0 -1.0 -1.0 -1.0 -1.0 -1.0 -1.0 -1.0 -1.0 -1.0 -1.0 -1.0 -1.0 -1.0 -1.0 -1.0 -1.0 -1.0 -1.0 -1.0 -1.0 -1.0 -1.0 -1.0 -1.0 -1.0 -1.0 -1.0)
       (n-samples 256)
       (samples 256 0.000000 0.003922 0.007843 0.011765 0.015686 0.019608 0.023529 0.027451 0.031373 0.035294 0.039216 0.043137 0.047059 0.050980 0.054902 0.058824 0.062745 0.066667 0.070588 0.074510 0.078431 0.082353 0.086275 0.090196 0.094118 0.098039 0.101961 0.105882 0.109804 0.113725 0.117647 0.121569 0.125490 0.129412 0.133333 0.137255 0.141176 0.145098 0.149020 0.152941 0.156863 0.160784 0.164706 0.168627 0.172549 0.176471 0.180392 0.184314 0.188235 0.192157 0.196078 0.200000 0.203922 0.207843 0.211765 0.215686 0.219608 0.223529 0.227451 0.231373 0.235294 0.239216 0.243137 0.247059 0.250980 0.254902 0.258824 0.262745 0.266667 0.270588 0.274510 0.278431 0.282353 0.286275 0.290196 0.294118 0.298039 0.301961 0.305882 0.309804 0.313725 0.317647 0.321569 0.325490 0.329412 0.333333 0.337255 0.341176 0.345098 0.349020 0.352941 0.356863 0.360784 0.364706 0.368627 0.372549 0.376471 0.380392 0.384314 0.388235 0.392157 0.396078 0.400000 0.403922 0.407843 0.411765 0.415686 0.419608 0.423529 0.427451 0.431373 0.435294 0.439216 0.443137 0.447059 0.450980 0.454902 0.458824 0.462745 0.466667 0.470588 0.474510 0.478431 0.482353 0.486275 0.490196 0.494118 0.498039 0.501961 0.505882 0.509804 0.513725 0.517647 0.521569 0.525490 0.529412 0.533333 0.537255 0.541176 0.545098 0.549020 0.552941 0.556863 0.560784 0.564706 0.568627 0.572549 0.576471 0.580392 0.584314 0.588235 0.592157 0.596078 0.600000 0.603922 0.607843 0.611765 0.615686 0.619608 0.623529 0.627451 0.631373 0.635294 0.639216 0.643137 0.647059 0.650980 0.654902 0.658824 0.662745 0.666667 0.670588 0.674510 0.678431 0.682353 0.686275 0.690196 0.694118 0.698039 0.701961 0.705882 0.709804 0.713725 0.717647 0.721569 0.725490 0.729412 0.733333 0.737255 0.741176 0.745098 0.749020 0.752941 0.756863 0.760784 0.764706 0.768627 0.772549 0.776471 0.780392 0.784314 0.788235 0.792157 0.796078 0.800000 0.803922 0.807843 0.811765 0.815686 0.819608 0.823529 0.827451 0.831373 0.835294 0.839216 0.843137 0.847059 0.850980 0.854902 0.858824 0.862745 0.866667 0.870588 0.874510 0.878431 0.882353 0.886275 0.890196 0.894118 0.898039 0.901961 0.905882 0.909804 0.913725 0.917647 0.921569 0.925490 0.929412 0.933333 0.937255 0.941176 0.945098 0.949020 0.952941 0.956863 0.960784 0.964706 0.968627 0.972549 0.976471 0.980392 0.984314 0.988235 0.992157 0.996078 1.000000))
(time 0)
(channel red)
(curve
       (curve-type free)
       (n-points 17)
       (points 34 -1.0 -1.0 -1.0 -1.0 -1.0 -1.0 -1.0 -1.0 -1.0 -1.0 -1.0 -1.0 -1.0 -1.0 -1.0 -1.0 -1.0 -1.0 -1.0 -1.0 -1.0 -1.0 -1.0 -1.0 -1.0 -1.0 -1.0 -1.0 -1.0 -1.0 -1.0 -1.0 -1.0 -1.0)
       (n-samples 256)
       (samples 256 0.052870 0.052794 0.048602 0.045658 0.043050 0.040850 0.039312 0.037858 0.036317 0.035599 0.036071 0.035800 0.036628 0.036887 0.036972 0.037116 0.037104 0.038080 0.038655 0.039737 0.039824 0.040713 0.042457 0.042800 0.043914 0.045577 0.045878 0.047129 0.048615 0.048965 0.050825 0.052324 0.053971 0.054561 0.055411 0.057672 0.060388 0.062373 0.064743 0.066790 0.069173 0.072567 0.075073 0.077309 0.080680 0.083637 0.088613 0.091201 0.094942 0.097135 0.101477 0.105676 0.108328 0.113294 0.115224 0.121206 0.123857 0.127663 0.131291 0.137630 0.140409 0.145074 0.151045 0.155488 0.159675 0.165574 0.170258 0.174874 0.178859 0.185556 0.190315 0.196047 0.201243 0.205315 0.211356 0.214978 0.220503 0.225688 0.229788 0.235869 0.241268 0.245621 0.251911 0.258331 0.263142 0.267698 0.271712 0.278510 0.285842 0.289836 0.294834 0.300421 0.306390 0.311942 0.316117 0.322412 0.327486 0.331341 0.337214 0.342227 0.348687 0.352991 0.358936 0.365899 0.370882 0.378393 0.386191 0.392980 0.400760 0.406811 0.413730 0.420893 0.427590 0.432700 0.439443 0.445886 0.451240 0.457642 0.465263 0.470355 0.476208 0.482149 0.486768 0.492262 0.499337 0.505072 0.511525 0.518805 0.525180 0.533202 0.540730 0.546755 0.553337 0.558708 0.565100 0.570348 0.577551 0.582625 0.587783 0.592706 0.598803 0.605281 0.610017 0.614470 0.620173 0.625193 0.629678 0.635454 0.639339 0.644321 0.649640 0.654646 0.660376 0.666929 0.670324 0.675046 0.680090 0.684752 0.689510 0.693335 0.696666 0.700982 0.704386 0.707548 0.710708 0.713882 0.717477 0.720393 0.723806 0.728113 0.730865 0.734546 0.738964 0.742017 0.745176 0.749774 0.753875 0.757923 0.761441 0.764556 0.767813 0.771440 0.775133 0.778946 0.783919 0.786969 0.790111 0.793622 0.797864 0.801486 0.804975 0.809108 0.812976 0.815816 0.819595 0.823433 0.826976 0.830159 0.832945 0.835470 0.838932 0.842061 0.844913 0.847710 0.850483 0.852816 0.855924 0.859503 0.861655 0.864982 0.867587 0.870403 0.874050 0.877687 0.882527 0.885424 0.887941 0.889474 0.891679 0.894524 0.897706 0.902374 0.902764 0.903554 0.906550 0.916293 0.920529 0.926465 0.932277 0.935942 0.939085 0.938721 0.940483 0.943061 0.945988 0.944449 0.945124 0.942521 0.944014 0.943798 0.952365 0.954730 0.957969 0.960559 0.960252 0.965731 0.968040 0.972312 0.974194 0.976496 0.974123 0.977633 0.982398 0.983569 0.975539 0.983147))
(time 0)
(channel green)
(curve
       (curve-type free)
       (n-points 17)
       (points 34 -1.0 -1.0 -1.0 -1.0 -1.0 -1.0 -1.0 -1.0 -1.0 -1.0 -1.0 -1.0 -1.0 -1.0 -1.0 -1.0 -1.0 -1.0 -1.0 -1.0 -1.0 -1.0 -1.0 -1.0 -1.0 -1.0 -1.0 -1.0 -1.0 -1.0 -1.0 -1.0 -1.0 -1.0)
       (n-samples 256)
       (samples 256 0.109559 0.104555 0.102710 0.102537 0.100495 0.101001 0.102066 0.102827 0.104555 0.105229 0.105594 0.105724 0.105549 0.105667 0.106370 0.106900 0.107128 0.107224 0.108348 0.108164 0.108521 0.109462 0.111221 0.111815 0.113044 0.115059 0.116816 0.118456 0.120205 0.121795 0.124134 0.126459 0.127961 0.130659 0.133340 0.135315 0.137801 0.140282 0.142486 0.146551 0.147794 0.151585 0.153674 0.155249 0.157377 0.159658 0.161769 0.164398 0.166576 0.168260 0.171711 0.173542 0.175813 0.179051 0.182694 0.184539 0.188766 0.191786 0.195483 0.199323 0.203608 0.207927 0.212423 0.216593 0.220805 0.225094 0.228260 0.233217 0.236941 0.240454 0.244968 0.249422 0.253594 0.258458 0.262426 0.266815 0.272135 0.276665 0.280735 0.285421 0.290316 0.295163 0.299953 0.304523 0.309378 0.313994 0.319631 0.325249 0.329800 0.336044 0.341228 0.346028 0.351424 0.357169 0.362540 0.368487 0.372888 0.378087 0.383268 0.389025 0.395004 0.400500 0.405877 0.412165 0.417294 0.422263 0.427696 0.432201 0.438747 0.444220 0.450509 0.456395 0.462406 0.468780 0.474257 0.479448 0.484509 0.490206 0.495676 0.501242 0.506991 0.511503 0.517519 0.523430 0.527933 0.533271 0.538306 0.543352 0.548288 0.552527 0.559227 0.562644 0.567377 0.571872 0.576983 0.582009 0.586668 0.590967 0.595598 0.600110 0.604626 0.609534 0.614867 0.619848 0.624636 0.630366 0.634665 0.639090 0.644572 0.650175 0.655329 0.659093 0.662981 0.665498 0.669888 0.674040 0.678334 0.681688 0.683620 0.688160 0.691693 0.695189 0.699545 0.704174 0.707495 0.711151 0.713267 0.716916 0.717428 0.719207 0.721791 0.725948 0.729264 0.732521 0.735487 0.738607 0.741550 0.744849 0.746658 0.749532 0.753022 0.755400 0.758938 0.760262 0.763224 0.766034 0.769200 0.771217 0.774375 0.775808 0.779931 0.784006 0.788296 0.790859 0.794008 0.797121 0.800023 0.804127 0.805949 0.810008 0.812579 0.815998 0.818071 0.820963 0.825463 0.828519 0.831909 0.835245 0.838658 0.842088 0.845576 0.849707 0.851086 0.855108 0.858946 0.863291 0.867774 0.870752 0.873732 0.876972 0.879248 0.881665 0.883382 0.885045 0.887150 0.888001 0.889851 0.892850 0.896450 0.899402 0.902270 0.905536 0.909107 0.913671 0.917278 0.920663 0.923590 0.926587 0.929856 0.932017 0.933628 0.938016 0.940606 0.942545 0.947518 0.950232 0.952481 0.954873 0.957175 0.955948 0.960662 0.958990 0.969439 0.969412 0.976471 0.959170))
(time 0)
(channel blue)
(curve
       (curve-type free)
       (n-points 17)
       (points 34 -1.0 -1.0 -1.0 -1.0 -1.0 -1.0 -1.0 -1.0 -1.0 -1.0 -1.0 -1.0 -1.0 -1.0 -1.0 -1.0 -1.0 -1.0 -1.0 -1.0 -1.0 -1.0 -1.0 -1.0 -1.0 -1.0 -1.0 -1.0 -1.0 -1.0 -1.0 -1.0 -1.0 -1.0)
       (n-samples 256)
       (samples 256 0.088235 0.096137 0.089771 0.087320 0.087239 0.086535 0.088069 0.090574 0.090085 0.091121 0.092907 0.093733 0.095742 0.097940 0.098697 0.099383 0.101411 0.102779 0.102937 0.104392 0.105966 0.107910 0.108839 0.110187 0.111964 0.112678 0.114339 0.115668 0.117207 0.118797 0.121564 0.123179 0.124882 0.126621 0.128812 0.130503 0.133196 0.134816 0.137652 0.138909 0.140709 0.142695 0.144340 0.146276 0.147992 0.149764 0.152200 0.154774 0.157605 0.159644 0.163167 0.165308 0.167834 0.170109 0.172997 0.175878 0.178992 0.182362 0.184746 0.188657 0.192081 0.195358 0.199214 0.202040 0.205298 0.208433 0.212129 0.216854 0.220780 0.225112 0.230396 0.235476 0.238579 0.242988 0.247009 0.250836 0.254836 0.260249 0.264238 0.268216 0.273358 0.278522 0.283873 0.287042 0.291408 0.295926 0.300359 0.304668 0.309980 0.315239 0.318507 0.324591 0.329785 0.334967 0.340866 0.346164 0.352324 0.358145 0.363776 0.370583 0.375234 0.382070 0.387622 0.393540 0.399969 0.406657 0.412035 0.417674 0.423806 0.428507 0.434784 0.440333 0.445686 0.452526 0.457541 0.463353 0.469844 0.476198 0.481999 0.486531 0.494066 0.496954 0.503950 0.508066 0.512228 0.518300 0.524636 0.529442 0.535052 0.540890 0.546054 0.550511 0.557180 0.561102 0.566021 0.572003 0.576088 0.582027 0.585966 0.591567 0.596484 0.600173 0.605694 0.610785 0.615321 0.619420 0.624414 0.628546 0.634280 0.638198 0.642878 0.647488 0.651435 0.656214 0.659671 0.664415 0.668466 0.673550 0.678315 0.682023 0.686872 0.691988 0.696324 0.701569 0.706030 0.710498 0.713590 0.717869 0.721270 0.723888 0.727277 0.730755 0.733472 0.736233 0.739530 0.742805 0.746128 0.750011 0.754317 0.757306 0.760682 0.764415 0.767253 0.771329 0.775734 0.777361 0.780007 0.785015 0.788673 0.793628 0.797752 0.801960 0.803150 0.806499 0.809492 0.813521 0.815464 0.819444 0.822396 0.825174 0.828638 0.831656 0.834618 0.839135 0.841135 0.844203 0.848424 0.852189 0.854511 0.857719 0.862202 0.865306 0.866758 0.870077 0.872430 0.874174 0.877988 0.881193 0.885266 0.888341 0.890225 0.891980 0.895274 0.898023 0.899727 0.901497 0.902286 0.904231 0.905953 0.908027 0.910018 0.912277 0.916006 0.917736 0.920115 0.923015 0.925417 0.928577 0.931785 0.934045 0.937069 0.939735 0.942370 0.945081 0.947324 0.950751 0.953534 0.955168 0.960211 0.962640 0.964795 0.966720 0.967533 0.967561 0.966557 0.971300))
(time 0)
(channel alpha)
(curve
       (curve-type free)
       (n-points 17)
       (points 34 -1.0 -1.0 -1.0 -1.0 -1.0 -1.0 -1.0 -1.0 -1.0 -1.0 -1.0 -1.0 -1.0 -1.0 -1.0 -1.0 -1.0 -1.0 -1.0 -1.0 -1.0 -1.0 -1.0 -1.0 -1.0 -1.0 -1.0 -1.0 -1.0 -1.0 -1.0 -1.0 -1.0 -1.0)
       (n-samples 256)
       (samples 256 0.000000 0.003922 0.007843 0.011765 0.015686 0.019608 0.023529 0.027451 0.031373 0.035294 0.039216 0.043137 0.047059 0.050980 0.054902 0.058824 0.062745 0.066667 0.070588 0.074510 0.078431 0.082353 0.086275 0.090196 0.094118 0.098039 0.101961 0.105882 0.109804 0.113725 0.117647 0.121569 0.125490 0.129412 0.133333 0.137255 0.141176 0.145098 0.149020 0.152941 0.156863 0.160784 0.164706 0.168627 0.172549 0.176471 0.180392 0.184314 0.188235 0.192157 0.196078 0.200000 0.203922 0.207843 0.211765 0.215686 0.219608 0.223529 0.227451 0.231373 0.235294 0.239216 0.243137 0.247059 0.250980 0.254902 0.258824 0.262745 0.266667 0.270588 0.274510 0.278431 0.282353 0.286275 0.290196 0.294118 0.298039 0.301961 0.305882 0.309804 0.313725 0.317647 0.321569 0.325490 0.329412 0.333333 0.337255 0.341176 0.345098 0.349020 0.352941 0.356863 0.360784 0.364706 0.368627 0.372549 0.376471 0.380392 0.384314 0.388235 0.392157 0.396078 0.400000 0.403922 0.407843 0.411765 0.415686 0.419608 0.423529 0.427451 0.431373 0.435294 0.439216 0.443137 0.447059 0.450980 0.454902 0.458824 0.462745 0.466667 0.470588 0.474510 0.478431 0.482353 0.486275 0.490196 0.494118 0.498039 0.501961 0.505882 0.509804 0.513725 0.517647 0.521569 0.525490 0.529412 0.533333 0.537255 0.541176 0.545098 0.549020 0.552941 0.556863 0.560784 0.564706 0.568627 0.572549 0.576471 0.580392 0.584314 0.588235 0.592157 0.596078 0.600000 0.603922 0.607843 0.611765 0.615686 0.619608 0.623529 0.627451 0.631373 0.635294 0.639216 0.643137 0.647059 0.650980 0.654902 0.658824 0.662745 0.666667 0.670588 0.674510 0.678431 0.682353 0.686275 0.690196 0.694118 0.698039 0.701961 0.705882 0.709804 0.713725 0.717647 0.721569 0.725490 0.729412 0.733333 0.737255 0.741176 0.745098 0.749020 0.752941 0.756863 0.760784 0.764706 0.768627 0.772549 0.776471 0.780392 0.784314 0.788235 0.792157 0.796078 0.800000 0.803922 0.807843 0.811765 0.815686 0.819608 0.823529 0.827451 0.831373 0.835294 0.839216 0.843137 0.847059 0.850980 0.854902 0.858824 0.862745 0.866667 0.870588 0.874510 0.878431 0.882353 0.886275 0.890196 0.894118 0.898039 0.901961 0.905882 0.909804 0.913725 0.917647 0.921569 0.925490 0.929412 0.933333 0.937255 0.941176 0.945098 0.949020 0.952941 0.956863 0.960784 0.964706 0.968627 0.972549 0.976471 0.980392 0.984314 0.988235 0.992157 0.996078 1.000000))
# end of curves tool settings
