# GIMP curves tool settings

(time 0)
(channel value)
(curve
       (curve-type free)
       (n-points 17)
       (points 34 -1.0 -1.0 -1.0 -1.0 -1.0 -1.0 -1.0 -1.0 -1.0 -1.0 -1.0 -1.0 -1.0 -1.0 -1.0 -1.0 -1.0 -1.0 -1.0 -1.0 -1.0 -1.0 -1.0 -1.0 -1.0 -1.0 -1.0 -1.0 -1.0 -1.0 -1.0 -1.0 -1.0 -1.0)
       (n-samples 256)
       (samples 256 0.000000 0.003922 0.007843 0.011765 0.015686 0.019608 0.023529 0.027451 0.031373 0.035294 0.039216 0.043137 0.047059 0.050980 0.054902 0.058824 0.062745 0.066667 0.070588 0.074510 0.078431 0.082353 0.086275 0.090196 0.094118 0.098039 0.101961 0.105882 0.109804 0.113725 0.117647 0.121569 0.125490 0.129412 0.133333 0.137255 0.141176 0.145098 0.149020 0.152941 0.156863 0.160784 0.164706 0.168627 0.172549 0.176471 0.180392 0.184314 0.188235 0.192157 0.196078 0.200000 0.203922 0.207843 0.211765 0.215686 0.219608 0.223529 0.227451 0.231373 0.235294 0.239216 0.243137 0.247059 0.250980 0.254902 0.258824 0.262745 0.266667 0.270588 0.274510 0.278431 0.282353 0.286275 0.290196 0.294118 0.298039 0.301961 0.305882 0.309804 0.313725 0.317647 0.321569 0.325490 0.329412 0.333333 0.337255 0.341176 0.345098 0.349020 0.352941 0.356863 0.360784 0.364706 0.368627 0.372549 0.376471 0.380392 0.384314 0.388235 0.392157 0.396078 0.400000 0.403922 0.407843 0.411765 0.415686 0.419608 0.423529 0.427451 0.431373 0.435294 0.439216 0.443137 0.447059 0.450980 0.454902 0.458824 0.462745 0.466667 0.470588 0.474510 0.478431 0.482353 0.486275 0.490196 0.494118 0.498039 0.501961 0.505882 0.509804 0.513725 0.517647 0.521569 0.525490 0.529412 0.533333 0.537255 0.541176 0.545098 0.549020 0.552941 0.556863 0.560784 0.564706 0.568627 0.572549 0.576471 0.580392 0.584314 0.588235 0.592157 0.596078 0.600000 0.603922 0.607843 0.611765 0.615686 0.619608 0.623529 0.627451 0.631373 0.635294 0.639216 0.643137 0.647059 0.650980 0.654902 0.658824 0.662745 0.666667 0.670588 0.674510 0.678431 0.682353 0.686275 0.690196 0.694118 0.698039 0.701961 0.705882 0.709804 0.713725 0.717647 0.721569 0.725490 0.729412 0.733333 0.737255 0.741176 0.745098 0.749020 0.752941 0.756863 0.760784 0.764706 0.768627 0.772549 0.776471 0.780392 0.784314 0.788235 0.792157 0.796078 0.800000 0.803922 0.807843 0.811765 0.815686 0.819608 0.823529 0.827451 0.831373 0.835294 0.839216 0.843137 0.847059 0.850980 0.854902 0.858824 0.862745 0.866667 0.870588 0.874510 0.878431 0.882353 0.886275 0.890196 0.894118 0.898039 0.901961 0.905882 0.909804 0.913725 0.917647 0.921569 0.925490 0.929412 0.933333 0.937255 0.941176 0.945098 0.949020 0.952941 0.956863 0.960784 0.964706 0.968627 0.972549 0.976471 0.980392 0.984314 0.988235 0.992157 0.996078 1.000000))
(time 0)
(channel red)
(curve
       (curve-type free)
       (n-points 17)
       (points 34 -1.0 -1.0 -1.0 -1.0 -1.0 -1.0 -1.0 -1.0 -1.0 -1.0 -1.0 -1.0 -1.0 -1.0 -1.0 -1.0 -1.0 -1.0 -1.0 -1.0 -1.0 -1.0 -1.0 -1.0 -1.0 -1.0 -1.0 -1.0 -1.0 -1.0 -1.0 -1.0 -1.0 -1.0)
       (n-samples 256)
       (samples 256 0.002482 0.003062 0.003187 0.003316 0.003104 0.003311 0.003611 0.003724 0.004207 0.004811 0.005608 0.006583 0.007639 0.008998 0.010156 0.011120 0.012568 0.013667 0.014661 0.016424 0.018418 0.020713 0.023411 0.025774 0.028518 0.031413 0.034302 0.037243 0.040001 0.043305 0.046674 0.049247 0.052367 0.055850 0.058717 0.062258 0.065177 0.068945 0.072856 0.075891 0.080027 0.083282 0.086862 0.090395 0.094104 0.098105 0.101412 0.105782 0.109244 0.113514 0.117971 0.121807 0.125764 0.129768 0.134160 0.138338 0.142090 0.146893 0.151066 0.155694 0.160260 0.164087 0.168819 0.173096 0.177783 0.182570 0.186980 0.191689 0.196453 0.201234 0.205763 0.210259 0.215572 0.220593 0.224877 0.229976 0.234875 0.239909 0.244759 0.249855 0.254981 0.259938 0.264440 0.269752 0.274813 0.280087 0.285083 0.290228 0.295173 0.300336 0.305406 0.310498 0.316318 0.321263 0.326790 0.331946 0.336867 0.342915 0.348035 0.353599 0.358836 0.364025 0.369309 0.374223 0.380128 0.385604 0.390880 0.396075 0.401500 0.406962 0.412441 0.417596 0.423019 0.428208 0.433138 0.438259 0.443719 0.448625 0.453939 0.458818 0.464077 0.468944 0.474170 0.479029 0.483503 0.488809 0.493426 0.498073 0.502694 0.507040 0.512366 0.517557 0.521344 0.525868 0.530975 0.535154 0.539646 0.543972 0.548993 0.553214 0.557546 0.562161 0.566422 0.570211 0.574970 0.579213 0.583805 0.587701 0.591965 0.596943 0.600844 0.604288 0.608930 0.612546 0.617440 0.621411 0.625424 0.628987 0.632700 0.636567 0.639920 0.644541 0.647559 0.651492 0.655502 0.658640 0.662821 0.665730 0.669403 0.672401 0.676259 0.680085 0.683242 0.685707 0.689788 0.693337 0.695516 0.699500 0.702498 0.706326 0.709204 0.711868 0.715643 0.718253 0.722036 0.724921 0.727401 0.730951 0.733224 0.735929 0.738529 0.742551 0.745783 0.748452 0.750715 0.754589 0.756675 0.760470 0.762837 0.766046 0.768489 0.771822 0.775578 0.777236 0.780432 0.782713 0.786213 0.788742 0.791406 0.793669 0.796630 0.800168 0.802386 0.805140 0.808078 0.811173 0.814724 0.815918 0.819491 0.822400 0.824809 0.827633 0.832261 0.834487 0.836106 0.840959 0.842884 0.845869 0.850234 0.852719 0.856540 0.859357 0.861696 0.866060 0.870312 0.872456 0.874849 0.879511 0.881938 0.882981 0.889068 0.885902 0.888507 0.888631 0.896431 0.894906 0.898142 0.897225 0.906507 0.907939 0.905717 0.912360 0.912026 0.913470 0.930174 0.936463))
(time 0)
(channel green)
(curve
       (curve-type free)
       (n-points 17)
       (points 34 -1.0 -1.0 -1.0 -1.0 -1.0 -1.0 -1.0 -1.0 -1.0 -1.0 -1.0 -1.0 -1.0 -1.0 -1.0 -1.0 -1.0 -1.0 -1.0 -1.0 -1.0 -1.0 -1.0 -1.0 -1.0 -1.0 -1.0 -1.0 -1.0 -1.0 -1.0 -1.0 -1.0 -1.0)
       (n-samples 256)
       (samples 256 0.047026 0.048028 0.049918 0.051981 0.053202 0.055612 0.057466 0.058786 0.060358 0.061992 0.063596 0.065311 0.067278 0.069156 0.071165 0.073214 0.074913 0.077080 0.079401 0.081262 0.083156 0.085546 0.087250 0.089470 0.091674 0.093775 0.095835 0.098155 0.100317 0.102407 0.104687 0.107083 0.109534 0.112106 0.114421 0.117367 0.119629 0.122153 0.124850 0.127683 0.130115 0.132972 0.135806 0.138823 0.141112 0.144084 0.147017 0.149926 0.152614 0.156083 0.158690 0.162053 0.164673 0.168420 0.171692 0.175368 0.178158 0.181744 0.185384 0.188224 0.192165 0.195383 0.198322 0.202425 0.205994 0.209636 0.213190 0.217164 0.220716 0.224438 0.228285 0.232554 0.236302 0.240227 0.244311 0.248140 0.252559 0.256575 0.260712 0.264768 0.269059 0.273709 0.277788 0.282329 0.286766 0.291042 0.295606 0.299975 0.304473 0.308957 0.313436 0.318003 0.322489 0.327276 0.331687 0.336450 0.340980 0.345686 0.350230 0.354811 0.359500 0.363935 0.367984 0.373007 0.377470 0.381641 0.386128 0.390829 0.395246 0.399813 0.404495 0.408731 0.414069 0.417898 0.422814 0.427300 0.432205 0.437170 0.441451 0.445560 0.450867 0.455382 0.459937 0.464706 0.469465 0.473994 0.478556 0.483233 0.487579 0.492772 0.497158 0.501454 0.507236 0.510684 0.516001 0.520272 0.525507 0.529775 0.534365 0.538585 0.543790 0.548189 0.552385 0.556456 0.562081 0.566289 0.570978 0.574148 0.579642 0.583347 0.588160 0.592579 0.596781 0.600679 0.604961 0.610194 0.614124 0.618353 0.622958 0.627185 0.631101 0.635442 0.639013 0.644090 0.647434 0.651523 0.655761 0.659042 0.663826 0.667017 0.671315 0.675521 0.679715 0.683367 0.686633 0.691308 0.694507 0.698339 0.701953 0.705894 0.710190 0.714699 0.718162 0.721050 0.725320 0.728451 0.732543 0.736259 0.740300 0.744057 0.747831 0.750389 0.754655 0.757200 0.761297 0.765009 0.767711 0.771814 0.774603 0.778692 0.782141 0.785313 0.788763 0.791890 0.794965 0.797512 0.800676 0.804470 0.807569 0.810865 0.813978 0.817235 0.819458 0.823249 0.825613 0.829220 0.833384 0.835869 0.838801 0.842475 0.845318 0.848902 0.851536 0.854656 0.857456 0.859885 0.862471 0.865772 0.868795 0.871899 0.875232 0.878001 0.880674 0.883517 0.886949 0.889370 0.891878 0.895021 0.897264 0.901214 0.904065 0.906586 0.909565 0.911798 0.912757 0.916609 0.927209 0.920471 0.928784 0.921357 0.916054 0.927582 0.934365 0.948485 0.948431 0.954248))
(time 0)
(channel blue)
(curve
       (curve-type free)
       (n-points 17)
       (points 34 -1.0 -1.0 -1.0 -1.0 -1.0 -1.0 -1.0 -1.0 -1.0 -1.0 -1.0 -1.0 -1.0 -1.0 -1.0 -1.0 -1.0 -1.0 -1.0 -1.0 -1.0 -1.0 -1.0 -1.0 -1.0 -1.0 -1.0 -1.0 -1.0 -1.0 -1.0 -1.0 -1.0 -1.0)
       (n-samples 256)
       (samples 256 0.044857 0.051328 0.051862 0.053784 0.054855 0.056857 0.058443 0.060465 0.062469 0.063870 0.065864 0.067640 0.069151 0.071798 0.073631 0.075558 0.077868 0.079703 0.082294 0.084575 0.086841 0.089331 0.091478 0.093865 0.096540 0.098773 0.101389 0.103678 0.106066 0.108982 0.111144 0.114161 0.116616 0.119298 0.122244 0.124869 0.127522 0.130486 0.133027 0.135980 0.139116 0.142203 0.145357 0.148123 0.151569 0.154789 0.157481 0.160765 0.164473 0.167439 0.170784 0.174380 0.178081 0.181628 0.185021 0.188625 0.192658 0.196211 0.200252 0.203862 0.207493 0.211531 0.215798 0.219645 0.223404 0.227698 0.231472 0.235609 0.239640 0.244045 0.248486 0.252355 0.256847 0.261151 0.265506 0.270132 0.274430 0.278914 0.283216 0.287999 0.292413 0.297413 0.301933 0.306056 0.310678 0.315355 0.320167 0.324430 0.329414 0.333915 0.338660 0.343323 0.348060 0.352706 0.356976 0.361458 0.366570 0.370835 0.375798 0.380313 0.384848 0.389358 0.393667 0.398502 0.402939 0.407752 0.412585 0.417343 0.421545 0.426359 0.430313 0.435496 0.439547 0.444527 0.449069 0.453805 0.458203 0.462877 0.466936 0.471960 0.476898 0.481132 0.485170 0.489784 0.493627 0.498718 0.502745 0.507173 0.511697 0.515806 0.520294 0.524587 0.528869 0.532349 0.537332 0.542318 0.545932 0.549516 0.553663 0.557950 0.563014 0.566587 0.570829 0.575692 0.579889 0.583935 0.588063 0.591794 0.595576 0.600158 0.603904 0.608850 0.611755 0.616385 0.621089 0.623866 0.627306 0.631645 0.636173 0.639120 0.642999 0.646127 0.650109 0.654556 0.657185 0.660868 0.664914 0.668686 0.672255 0.676604 0.679216 0.683078 0.685992 0.690629 0.693813 0.696576 0.699978 0.703160 0.705529 0.710056 0.712809 0.715988 0.719008 0.721264 0.724215 0.728390 0.730734 0.733319 0.735270 0.738733 0.741341 0.743896 0.746461 0.750341 0.752879 0.756019 0.759142 0.761578 0.764389 0.766219 0.769233 0.773710 0.776527 0.778850 0.781335 0.784632 0.787460 0.790479 0.792727 0.795740 0.797569 0.801242 0.803703 0.807298 0.810639 0.814216 0.815916 0.819282 0.820346 0.823340 0.826573 0.828043 0.832093 0.834206 0.836905 0.839581 0.842250 0.845822 0.847813 0.852076 0.855159 0.856894 0.860523 0.863409 0.866454 0.869386 0.873249 0.874804 0.878863 0.881785 0.885330 0.886968 0.890140 0.893690 0.897857 0.899304 0.904337 0.907651 0.911497 0.911373 0.921691 0.920677 0.921569 0.921569 0.936275 0.932960))
(time 0)
(channel alpha)
(curve
       (curve-type free)
       (n-points 17)
       (points 34 -1.0 -1.0 -1.0 -1.0 -1.0 -1.0 -1.0 -1.0 -1.0 -1.0 -1.0 -1.0 -1.0 -1.0 -1.0 -1.0 -1.0 -1.0 -1.0 -1.0 -1.0 -1.0 -1.0 -1.0 -1.0 -1.0 -1.0 -1.0 -1.0 -1.0 -1.0 -1.0 -1.0 -1.0)
       (n-samples 256)
       (samples 256 0.000000 0.003922 0.007843 0.011765 0.015686 0.019608 0.023529 0.027451 0.031373 0.035294 0.039216 0.043137 0.047059 0.050980 0.054902 0.058824 0.062745 0.066667 0.070588 0.074510 0.078431 0.082353 0.086275 0.090196 0.094118 0.098039 0.101961 0.105882 0.109804 0.113725 0.117647 0.121569 0.125490 0.129412 0.133333 0.137255 0.141176 0.145098 0.149020 0.152941 0.156863 0.160784 0.164706 0.168627 0.172549 0.176471 0.180392 0.184314 0.188235 0.192157 0.196078 0.200000 0.203922 0.207843 0.211765 0.215686 0.219608 0.223529 0.227451 0.231373 0.235294 0.239216 0.243137 0.247059 0.250980 0.254902 0.258824 0.262745 0.266667 0.270588 0.274510 0.278431 0.282353 0.286275 0.290196 0.294118 0.298039 0.301961 0.305882 0.309804 0.313725 0.317647 0.321569 0.325490 0.329412 0.333333 0.337255 0.341176 0.345098 0.349020 0.352941 0.356863 0.360784 0.364706 0.368627 0.372549 0.376471 0.380392 0.384314 0.388235 0.392157 0.396078 0.400000 0.403922 0.407843 0.411765 0.415686 0.419608 0.423529 0.427451 0.431373 0.435294 0.439216 0.443137 0.447059 0.450980 0.454902 0.458824 0.462745 0.466667 0.470588 0.474510 0.478431 0.482353 0.486275 0.490196 0.494118 0.498039 0.501961 0.505882 0.509804 0.513725 0.517647 0.521569 0.525490 0.529412 0.533333 0.537255 0.541176 0.545098 0.549020 0.552941 0.556863 0.560784 0.564706 0.568627 0.572549 0.576471 0.580392 0.584314 0.588235 0.592157 0.596078 0.600000 0.603922 0.607843 0.611765 0.615686 0.619608 0.623529 0.627451 0.631373 0.635294 0.639216 0.643137 0.647059 0.650980 0.654902 0.658824 0.662745 0.666667 0.670588 0.674510 0.678431 0.682353 0.686275 0.690196 0.694118 0.698039 0.701961 0.705882 0.709804 0.713725 0.717647 0.721569 0.725490 0.729412 0.733333 0.737255 0.741176 0.745098 0.749020 0.752941 0.756863 0.760784 0.764706 0.768627 0.772549 0.776471 0.780392 0.784314 0.788235 0.792157 0.796078 0.800000 0.803922 0.807843 0.811765 0.815686 0.819608 0.823529 0.827451 0.831373 0.835294 0.839216 0.843137 0.847059 0.850980 0.854902 0.858824 0.862745 0.866667 0.870588 0.874510 0.878431 0.882353 0.886275 0.890196 0.894118 0.898039 0.901961 0.905882 0.909804 0.913725 0.917647 0.921569 0.925490 0.929412 0.933333 0.937255 0.941176 0.945098 0.949020 0.952941 0.956863 0.960784 0.964706 0.968627 0.972549 0.976471 0.980392 0.984314 0.988235 0.992157 0.996078 1.000000))
# end of curves tool settings
