# GIMP curves tool settings

(time 0)
(channel value)
(curve
       (curve-type free)
       (n-points 17)
       (points 34 -1.0 -1.0 -1.0 -1.0 -1.0 -1.0 -1.0 -1.0 -1.0 -1.0 -1.0 -1.0 -1.0 -1.0 -1.0 -1.0 -1.0 -1.0 -1.0 -1.0 -1.0 -1.0 -1.0 -1.0 -1.0 -1.0 -1.0 -1.0 -1.0 -1.0 -1.0 -1.0 -1.0 -1.0)
       (n-samples 256)
       (samples 256 0.000000 0.003922 0.007843 0.011765 0.015686 0.019608 0.023529 0.027451 0.031373 0.035294 0.039216 0.043137 0.047059 0.050980 0.054902 0.058824 0.062745 0.066667 0.070588 0.074510 0.078431 0.082353 0.086275 0.090196 0.094118 0.098039 0.101961 0.105882 0.109804 0.113725 0.117647 0.121569 0.125490 0.129412 0.133333 0.137255 0.141176 0.145098 0.149020 0.152941 0.156863 0.160784 0.164706 0.168627 0.172549 0.176471 0.180392 0.184314 0.188235 0.192157 0.196078 0.200000 0.203922 0.207843 0.211765 0.215686 0.219608 0.223529 0.227451 0.231373 0.235294 0.239216 0.243137 0.247059 0.250980 0.254902 0.258824 0.262745 0.266667 0.270588 0.274510 0.278431 0.282353 0.286275 0.290196 0.294118 0.298039 0.301961 0.305882 0.309804 0.313725 0.317647 0.321569 0.325490 0.329412 0.333333 0.337255 0.341176 0.345098 0.349020 0.352941 0.356863 0.360784 0.364706 0.368627 0.372549 0.376471 0.380392 0.384314 0.388235 0.392157 0.396078 0.400000 0.403922 0.407843 0.411765 0.415686 0.419608 0.423529 0.427451 0.431373 0.435294 0.439216 0.443137 0.447059 0.450980 0.454902 0.458824 0.462745 0.466667 0.470588 0.474510 0.478431 0.482353 0.486275 0.490196 0.494118 0.498039 0.501961 0.505882 0.509804 0.513725 0.517647 0.521569 0.525490 0.529412 0.533333 0.537255 0.541176 0.545098 0.549020 0.552941 0.556863 0.560784 0.564706 0.568627 0.572549 0.576471 0.580392 0.584314 0.588235 0.592157 0.596078 0.600000 0.603922 0.607843 0.611765 0.615686 0.619608 0.623529 0.627451 0.631373 0.635294 0.639216 0.643137 0.647059 0.650980 0.654902 0.658824 0.662745 0.666667 0.670588 0.674510 0.678431 0.682353 0.686275 0.690196 0.694118 0.698039 0.701961 0.705882 0.709804 0.713725 0.717647 0.721569 0.725490 0.729412 0.733333 0.737255 0.741176 0.745098 0.749020 0.752941 0.756863 0.760784 0.764706 0.768627 0.772549 0.776471 0.780392 0.784314 0.788235 0.792157 0.796078 0.800000 0.803922 0.807843 0.811765 0.815686 0.819608 0.823529 0.827451 0.831373 0.835294 0.839216 0.843137 0.847059 0.850980 0.854902 0.858824 0.862745 0.866667 0.870588 0.874510 0.878431 0.882353 0.886275 0.890196 0.894118 0.898039 0.901961 0.905882 0.909804 0.913725 0.917647 0.921569 0.925490 0.929412 0.933333 0.937255 0.941176 0.945098 0.949020 0.952941 0.956863 0.960784 0.964706 0.968627 0.972549 0.976471 0.980392 0.984314 0.988235 0.992157 0.996078 1.000000))
(time 0)
(channel red)
(curve
       (curve-type free)
       (n-points 17)
       (points 34 -1.0 -1.0 -1.0 -1.0 -1.0 -1.0 -1.0 -1.0 -1.0 -1.0 -1.0 -1.0 -1.0 -1.0 -1.0 -1.0 -1.0 -1.0 -1.0 -1.0 -1.0 -1.0 -1.0 -1.0 -1.0 -1.0 -1.0 -1.0 -1.0 -1.0 -1.0 -1.0 -1.0 -1.0)
       (n-samples 256)
       (samples 256 0.002046 0.002321 0.002989 0.003959 0.004648 0.005119 0.005479 0.005701 0.006715 0.007183 0.007694 0.007130 0.007476 0.008021 0.008289 0.008938 0.008712 0.009466 0.010007 0.010283 0.010545 0.011121 0.011570 0.011172 0.011786 0.012969 0.013546 0.014045 0.015211 0.016190 0.016897 0.016881 0.016974 0.018285 0.020600 0.023145 0.025752 0.029276 0.031557 0.032920 0.034325 0.037565 0.039828 0.040080 0.042129 0.043333 0.044251 0.044892 0.043682 0.049349 0.051965 0.050759 0.058725 0.059408 0.064139 0.066413 0.060826 0.059524 0.068767 0.074111 0.085052 0.095333 0.104065 0.119529 0.127988 0.140401 0.143458 0.148015 0.153356 0.159164 0.163824 0.169758 0.176177 0.181502 0.187972 0.194715 0.201250 0.206763 0.213693 0.220487 0.225325 0.231679 0.237737 0.243115 0.249475 0.255383 0.261751 0.268748 0.274494 0.280526 0.286855 0.292211 0.298686 0.303711 0.309085 0.315885 0.319943 0.326391 0.332134 0.339313 0.346593 0.352051 0.359161 0.365148 0.371290 0.376909 0.380329 0.387561 0.391871 0.396167 0.404354 0.405284 0.415214 0.424635 0.428406 0.434856 0.438920 0.440252 0.439546 0.441174 0.451129 0.455554 0.459737 0.461958 0.469637 0.481235 0.489677 0.493671 0.494931 0.494776 0.498698 0.499273 0.498086 0.508344 0.513318 0.514489 0.517075 0.519934 0.524460 0.529686 0.532302 0.530282 0.534232 0.535000 0.542614 0.545928 0.545445 0.546517 0.546706 0.551276 0.556730 0.543761 0.544847 0.548683 0.550379 0.544474 0.549883 0.549903 0.561886 0.567955 0.572322 0.574140 0.579101 0.581979 0.584064 0.581416 0.588648 0.590761 0.597073 0.595947 0.600683 0.601329 0.607466 0.613568 0.622935 0.623304 0.621635 0.629474 0.629123 0.633262 0.639182 0.644536 0.646722 0.651289 0.653875 0.659738 0.660667 0.664067 0.670004 0.678524 0.683352 0.686603 0.692509 0.694878 0.699118 0.705785 0.714525 0.718023 0.723487 0.727976 0.732836 0.743249 0.746022 0.764345 0.771388 0.787146 0.802150 0.824039 0.827602 0.833097 0.836326 0.839507 0.844089 0.846548 0.849171 0.852311 0.855266 0.858312 0.862281 0.865099 0.868741 0.872511 0.876428 0.879518 0.882072 0.884843 0.887519 0.890610 0.894012 0.897454 0.900109 0.903689 0.906301 0.909764 0.913050 0.916439 0.919367 0.922416 0.925958 0.929070 0.932164 0.935417 0.939125 0.942855 0.946268 0.949110 0.951532 0.954048 0.956268 0.957307 0.958979 0.958467 0.960349 0.961765 0.961765 0.961765))
(time 0)
(channel green)
(curve
       (curve-type free)
       (n-points 17)
       (points 34 -1.0 -1.0 -1.0 -1.0 -1.0 -1.0 -1.0 -1.0 -1.0 -1.0 -1.0 -1.0 -1.0 -1.0 -1.0 -1.0 -1.0 -1.0 -1.0 -1.0 -1.0 -1.0 -1.0 -1.0 -1.0 -1.0 -1.0 -1.0 -1.0 -1.0 -1.0 -1.0 -1.0 -1.0)
       (n-samples 256)
       (samples 256 0.005732 0.005048 0.004492 0.005841 0.007820 0.008511 0.009000 0.010446 0.012158 0.014272 0.015907 0.018191 0.020211 0.023001 0.025650 0.028945 0.031874 0.035586 0.039233 0.043074 0.046331 0.049730 0.053290 0.056693 0.060954 0.064386 0.067957 0.071973 0.075208 0.079087 0.082426 0.086273 0.090430 0.094152 0.098144 0.101449 0.105592 0.109801 0.114365 0.118660 0.122147 0.126227 0.130092 0.134673 0.138448 0.142649 0.147116 0.151338 0.155445 0.159820 0.164112 0.168432 0.172505 0.176054 0.180143 0.184015 0.188779 0.192744 0.196412 0.200993 0.205735 0.210344 0.215819 0.221208 0.226427 0.231389 0.235704 0.240378 0.245384 0.250417 0.254397 0.258707 0.263177 0.267308 0.272104 0.276869 0.281869 0.286683 0.291708 0.296525 0.301223 0.306173 0.311713 0.317542 0.322629 0.327863 0.333068 0.337662 0.342477 0.347870 0.352945 0.358009 0.362649 0.368000 0.373032 0.378160 0.383651 0.388689 0.392937 0.398247 0.402984 0.408004 0.412747 0.417034 0.421790 0.426820 0.431739 0.436257 0.441211 0.445590 0.450039 0.455187 0.460178 0.463837 0.467845 0.472696 0.475914 0.478035 0.479615 0.483469 0.485276 0.486997 0.484728 0.489673 0.490625 0.489658 0.495193 0.506048 0.508980 0.513477 0.517922 0.520264 0.524147 0.528564 0.535388 0.541280 0.545004 0.551534 0.556106 0.558109 0.565780 0.569077 0.572960 0.576106 0.580363 0.585634 0.589093 0.591214 0.595291 0.600485 0.603337 0.607495 0.610834 0.615691 0.619131 0.620623 0.626419 0.632523 0.634005 0.637925 0.641513 0.645963 0.647124 0.651028 0.655050 0.659575 0.662265 0.666276 0.668281 0.672294 0.675729 0.678346 0.681144 0.687428 0.689755 0.693379 0.695914 0.700676 0.702775 0.705429 0.707967 0.711293 0.713261 0.715043 0.719947 0.722437 0.724620 0.728068 0.729385 0.730272 0.732002 0.732664 0.733027 0.738307 0.742137 0.749601 0.753935 0.756251 0.756180 0.759643 0.764753 0.769855 0.772924 0.775950 0.777419 0.778871 0.782334 0.784675 0.789840 0.791552 0.795149 0.799766 0.803810 0.805996 0.809621 0.811642 0.814620 0.818728 0.822728 0.825278 0.829423 0.831048 0.834801 0.838972 0.841960 0.843146 0.846563 0.851229 0.856261 0.865557 0.869801 0.876649 0.883305 0.899026 0.892052 0.886104 0.884477 0.880486 0.894902 0.878130 0.915406 0.884804 0.887843 0.935686 0.900392 0.890196 0.907190 0.964706 0.913725 0.913725 0.921569 0.921569 0.960784 0.960784 0.960784 0.960784))
(time 0)
(channel blue)
(curve
       (curve-type free)
       (n-points 17)
       (points 34 -1.0 -1.0 -1.0 -1.0 -1.0 -1.0 -1.0 -1.0 -1.0 -1.0 -1.0 -1.0 -1.0 -1.0 -1.0 -1.0 -1.0 -1.0 -1.0 -1.0 -1.0 -1.0 -1.0 -1.0 -1.0 -1.0 -1.0 -1.0 -1.0 -1.0 -1.0 -1.0 -1.0 -1.0)
       (n-samples 256)
       (samples 256 0.010250 0.005742 0.004829 0.006154 0.009165 0.009264 0.010823 0.012607 0.013375 0.016618 0.019396 0.022316 0.024931 0.028299 0.031026 0.034107 0.037469 0.040949 0.045028 0.048051 0.052286 0.055993 0.059954 0.063870 0.068447 0.072403 0.075776 0.080314 0.084448 0.088336 0.092277 0.096183 0.100145 0.103603 0.107409 0.111769 0.116007 0.119675 0.123975 0.128505 0.132710 0.136800 0.141917 0.145685 0.149403 0.153695 0.157727 0.162497 0.166764 0.172092 0.175989 0.179685 0.184906 0.189135 0.193393 0.198987 0.203468 0.208546 0.213233 0.217620 0.222423 0.227181 0.232997 0.238127 0.243729 0.247250 0.250826 0.256017 0.261474 0.267212 0.272306 0.279128 0.284667 0.288900 0.294110 0.300250 0.306620 0.310841 0.316453 0.322365 0.327026 0.333169 0.339026 0.344795 0.350126 0.355150 0.360974 0.366192 0.372720 0.378389 0.383885 0.389638 0.394347 0.399435 0.404299 0.409342 0.413996 0.419805 0.424655 0.429740 0.434616 0.440307 0.445769 0.451269 0.456097 0.461059 0.466715 0.471553 0.476987 0.482042 0.486896 0.491719 0.496496 0.500686 0.505327 0.510201 0.514377 0.519649 0.524274 0.528210 0.533159 0.537766 0.541180 0.545646 0.551372 0.554919 0.559694 0.563317 0.565791 0.569673 0.573000 0.575691 0.576261 0.578576 0.580545 0.583469 0.587539 0.590662 0.595245 0.596664 0.601082 0.604135 0.611313 0.613777 0.615716 0.618935 0.624999 0.627239 0.627409 0.628397 0.632012 0.634733 0.638936 0.644387 0.649001 0.652252 0.656266 0.659021 0.667784 0.674301 0.678036 0.677812 0.680017 0.685772 0.686892 0.691121 0.693728 0.697810 0.703908 0.705577 0.709035 0.713449 0.717578 0.722686 0.726066 0.729693 0.732587 0.734841 0.738971 0.743289 0.746490 0.750542 0.755355 0.758543 0.762675 0.766620 0.766913 0.769170 0.771774 0.774962 0.778179 0.782656 0.785815 0.790453 0.793012 0.795334 0.797385 0.799299 0.801006 0.803723 0.807191 0.811259 0.814179 0.817809 0.821485 0.825387 0.828376 0.832327 0.835521 0.838833 0.841524 0.844839 0.848619 0.851747 0.854873 0.857363 0.859722 0.862566 0.864844 0.867474 0.869994 0.872182 0.874540 0.876000 0.878092 0.880696 0.883835 0.885911 0.888416 0.891405 0.894890 0.898916 0.903164 0.906384 0.909082 0.911076 0.913531 0.916103 0.919214 0.921612 0.925285 0.928659 0.931832 0.933594 0.935736 0.937807 0.942103 0.944144 0.940351 0.952941 0.950028 0.961689 0.950830 0.946623 0.958606 0.976169))
(time 0)
(channel alpha)
(curve
       (curve-type free)
       (n-points 17)
       (points 34 -1.0 -1.0 -1.0 -1.0 -1.0 -1.0 -1.0 -1.0 -1.0 -1.0 -1.0 -1.0 -1.0 -1.0 -1.0 -1.0 -1.0 -1.0 -1.0 -1.0 -1.0 -1.0 -1.0 -1.0 -1.0 -1.0 -1.0 -1.0 -1.0 -1.0 -1.0 -1.0 -1.0 -1.0)
       (n-samples 256)
       (samples 256 0.000000 0.003922 0.007843 0.011765 0.015686 0.019608 0.023529 0.027451 0.031373 0.035294 0.039216 0.043137 0.047059 0.050980 0.054902 0.058824 0.062745 0.066667 0.070588 0.074510 0.078431 0.082353 0.086275 0.090196 0.094118 0.098039 0.101961 0.105882 0.109804 0.113725 0.117647 0.121569 0.125490 0.129412 0.133333 0.137255 0.141176 0.145098 0.149020 0.152941 0.156863 0.160784 0.164706 0.168627 0.172549 0.176471 0.180392 0.184314 0.188235 0.192157 0.196078 0.200000 0.203922 0.207843 0.211765 0.215686 0.219608 0.223529 0.227451 0.231373 0.235294 0.239216 0.243137 0.247059 0.250980 0.254902 0.258824 0.262745 0.266667 0.270588 0.274510 0.278431 0.282353 0.286275 0.290196 0.294118 0.298039 0.301961 0.305882 0.309804 0.313725 0.317647 0.321569 0.325490 0.329412 0.333333 0.337255 0.341176 0.345098 0.349020 0.352941 0.356863 0.360784 0.364706 0.368627 0.372549 0.376471 0.380392 0.384314 0.388235 0.392157 0.396078 0.400000 0.403922 0.407843 0.411765 0.415686 0.419608 0.423529 0.427451 0.431373 0.435294 0.439216 0.443137 0.447059 0.450980 0.454902 0.458824 0.462745 0.466667 0.470588 0.474510 0.478431 0.482353 0.486275 0.490196 0.494118 0.498039 0.501961 0.505882 0.509804 0.513725 0.517647 0.521569 0.525490 0.529412 0.533333 0.537255 0.541176 0.545098 0.549020 0.552941 0.556863 0.560784 0.564706 0.568627 0.572549 0.576471 0.580392 0.584314 0.588235 0.592157 0.596078 0.600000 0.603922 0.607843 0.611765 0.615686 0.619608 0.623529 0.627451 0.631373 0.635294 0.639216 0.643137 0.647059 0.650980 0.654902 0.658824 0.662745 0.666667 0.670588 0.674510 0.678431 0.682353 0.686275 0.690196 0.694118 0.698039 0.701961 0.705882 0.709804 0.713725 0.717647 0.721569 0.725490 0.729412 0.733333 0.737255 0.741176 0.745098 0.749020 0.752941 0.756863 0.760784 0.764706 0.768627 0.772549 0.776471 0.780392 0.784314 0.788235 0.792157 0.796078 0.800000 0.803922 0.807843 0.811765 0.815686 0.819608 0.823529 0.827451 0.831373 0.835294 0.839216 0.843137 0.847059 0.850980 0.854902 0.858824 0.862745 0.866667 0.870588 0.874510 0.878431 0.882353 0.886275 0.890196 0.894118 0.898039 0.901961 0.905882 0.909804 0.913725 0.917647 0.921569 0.925490 0.929412 0.933333 0.937255 0.941176 0.945098 0.949020 0.952941 0.956863 0.960784 0.964706 0.968627 0.972549 0.976471 0.980392 0.984314 0.988235 0.992157 0.996078 1.000000))
# end of curves tool settings
