# GIMP curves tool settings

(time 0)
(channel value)
(curve
       (curve-type free)
       (n-points 17)
       (points 34 -1.0 -1.0 -1.0 -1.0 -1.0 -1.0 -1.0 -1.0 -1.0 -1.0 -1.0 -1.0 -1.0 -1.0 -1.0 -1.0 -1.0 -1.0 -1.0 -1.0 -1.0 -1.0 -1.0 -1.0 -1.0 -1.0 -1.0 -1.0 -1.0 -1.0 -1.0 -1.0 -1.0 -1.0)
       (n-samples 256)
       (samples 256 0.000000 0.003922 0.007843 0.011765 0.015686 0.019608 0.023529 0.027451 0.031373 0.035294 0.039216 0.043137 0.047059 0.050980 0.054902 0.058824 0.062745 0.066667 0.070588 0.074510 0.078431 0.082353 0.086275 0.090196 0.094118 0.098039 0.101961 0.105882 0.109804 0.113725 0.117647 0.121569 0.125490 0.129412 0.133333 0.137255 0.141176 0.145098 0.149020 0.152941 0.156863 0.160784 0.164706 0.168627 0.172549 0.176471 0.180392 0.184314 0.188235 0.192157 0.196078 0.200000 0.203922 0.207843 0.211765 0.215686 0.219608 0.223529 0.227451 0.231373 0.235294 0.239216 0.243137 0.247059 0.250980 0.254902 0.258824 0.262745 0.266667 0.270588 0.274510 0.278431 0.282353 0.286275 0.290196 0.294118 0.298039 0.301961 0.305882 0.309804 0.313725 0.317647 0.321569 0.325490 0.329412 0.333333 0.337255 0.341176 0.345098 0.349020 0.352941 0.356863 0.360784 0.364706 0.368627 0.372549 0.376471 0.380392 0.384314 0.388235 0.392157 0.396078 0.400000 0.403922 0.407843 0.411765 0.415686 0.419608 0.423529 0.427451 0.431373 0.435294 0.439216 0.443137 0.447059 0.450980 0.454902 0.458824 0.462745 0.466667 0.470588 0.474510 0.478431 0.482353 0.486275 0.490196 0.494118 0.498039 0.501961 0.505882 0.509804 0.513725 0.517647 0.521569 0.525490 0.529412 0.533333 0.537255 0.541176 0.545098 0.549020 0.552941 0.556863 0.560784 0.564706 0.568627 0.572549 0.576471 0.580392 0.584314 0.588235 0.592157 0.596078 0.600000 0.603922 0.607843 0.611765 0.615686 0.619608 0.623529 0.627451 0.631373 0.635294 0.639216 0.643137 0.647059 0.650980 0.654902 0.658824 0.662745 0.666667 0.670588 0.674510 0.678431 0.682353 0.686275 0.690196 0.694118 0.698039 0.701961 0.705882 0.709804 0.713725 0.717647 0.721569 0.725490 0.729412 0.733333 0.737255 0.741176 0.745098 0.749020 0.752941 0.756863 0.760784 0.764706 0.768627 0.772549 0.776471 0.780392 0.784314 0.788235 0.792157 0.796078 0.800000 0.803922 0.807843 0.811765 0.815686 0.819608 0.823529 0.827451 0.831373 0.835294 0.839216 0.843137 0.847059 0.850980 0.854902 0.858824 0.862745 0.866667 0.870588 0.874510 0.878431 0.882353 0.886275 0.890196 0.894118 0.898039 0.901961 0.905882 0.909804 0.913725 0.917647 0.921569 0.925490 0.929412 0.933333 0.937255 0.941176 0.945098 0.949020 0.952941 0.956863 0.960784 0.964706 0.968627 0.972549 0.976471 0.980392 0.984314 0.988235 0.992157 0.996078 1.000000))
(time 0)
(channel red)
(curve
       (curve-type free)
       (n-points 17)
       (points 34 -1.0 -1.0 -1.0 -1.0 -1.0 -1.0 -1.0 -1.0 -1.0 -1.0 -1.0 -1.0 -1.0 -1.0 -1.0 -1.0 -1.0 -1.0 -1.0 -1.0 -1.0 -1.0 -1.0 -1.0 -1.0 -1.0 -1.0 -1.0 -1.0 -1.0 -1.0 -1.0 -1.0 -1.0)
       (n-samples 256)
       (samples 256 0.078719 0.119073 0.128771 0.136998 0.143040 0.149205 0.152516 0.158122 0.161356 0.160415 0.162564 0.160811 0.164005 0.156726 0.147728 0.142743 0.125589 0.111893 0.097689 0.081401 0.076341 0.067329 0.065799 0.063409 0.060956 0.059156 0.060823 0.062457 0.065334 0.065188 0.067770 0.070408 0.072844 0.076488 0.079285 0.082572 0.085786 0.087016 0.089981 0.094149 0.100212 0.105788 0.110871 0.115676 0.120715 0.125942 0.131230 0.136668 0.140876 0.146091 0.152385 0.158700 0.164869 0.170286 0.177182 0.184326 0.190598 0.197435 0.202787 0.210108 0.217820 0.226765 0.235116 0.242285 0.251456 0.258558 0.266626 0.273156 0.281079 0.290395 0.297971 0.306753 0.311140 0.318580 0.323606 0.328624 0.336685 0.344935 0.350830 0.360640 0.365004 0.373577 0.380704 0.386435 0.395965 0.403387 0.409134 0.416470 0.423117 0.429924 0.436066 0.445544 0.449336 0.455661 0.463909 0.469703 0.475082 0.481716 0.487965 0.494502 0.500344 0.505203 0.510853 0.516908 0.521801 0.528724 0.533876 0.539061 0.544371 0.549171 0.554190 0.560289 0.565488 0.570094 0.574598 0.579510 0.583452 0.589220 0.593007 0.597660 0.601765 0.606508 0.611119 0.614476 0.618743 0.623377 0.627531 0.630960 0.635275 0.639295 0.644197 0.646929 0.650689 0.654278 0.658199 0.661891 0.665648 0.668817 0.672497 0.675914 0.679828 0.683310 0.686618 0.689847 0.692674 0.697054 0.700397 0.703631 0.706231 0.710320 0.713357 0.716491 0.719949 0.722650 0.725846 0.729426 0.732548 0.735378 0.739439 0.741853 0.745017 0.747917 0.751374 0.754124 0.755238 0.758853 0.761816 0.764265 0.767883 0.772193 0.775667 0.779351 0.781866 0.785614 0.788985 0.791569 0.794878 0.796125 0.800254 0.804288 0.806911 0.810045 0.813072 0.817115 0.820676 0.822168 0.825717 0.828259 0.831796 0.835333 0.836800 0.840945 0.843947 0.847246 0.850111 0.851778 0.855175 0.857973 0.861999 0.864646 0.865630 0.868287 0.870884 0.873531 0.876548 0.880001 0.885722 0.889509 0.892351 0.895238 0.897623 0.900231 0.902625 0.905211 0.907785 0.910180 0.912582 0.914885 0.917449 0.919738 0.922059 0.924271 0.926754 0.928979 0.931379 0.933757 0.936047 0.938440 0.940675 0.942939 0.945226 0.947453 0.949728 0.951758 0.954253 0.956435 0.958938 0.961191 0.963814 0.966072 0.968411 0.970688 0.973032 0.975332 0.977647 0.980025 0.981958 0.983970 0.986103 0.988083 0.989555 0.991624 0.992502 0.992972 0.993044 0.995869))
(time 0)
(channel green)
(curve
       (curve-type free)
       (n-points 17)
       (points 34 -1.0 -1.0 -1.0 -1.0 -1.0 -1.0 -1.0 -1.0 -1.0 -1.0 -1.0 -1.0 -1.0 -1.0 -1.0 -1.0 -1.0 -1.0 -1.0 -1.0 -1.0 -1.0 -1.0 -1.0 -1.0 -1.0 -1.0 -1.0 -1.0 -1.0 -1.0 -1.0 -1.0 -1.0)
       (n-samples 256)
       (samples 256 0.012586 0.012918 0.015920 0.016561 0.018195 0.019273 0.021021 0.021948 0.023746 0.024976 0.026921 0.028851 0.031219 0.033247 0.035792 0.038216 0.040754 0.042901 0.045486 0.047826 0.050514 0.053738 0.056273 0.059177 0.062374 0.065790 0.068745 0.072402 0.075851 0.079210 0.083179 0.086714 0.090449 0.094380 0.098440 0.102545 0.107143 0.111292 0.116423 0.120681 0.125216 0.130702 0.135371 0.141200 0.146024 0.151856 0.156954 0.162766 0.167698 0.173203 0.179406 0.184867 0.192249 0.197972 0.204087 0.210955 0.217582 0.224306 0.229988 0.236825 0.243953 0.251087 0.258226 0.264385 0.271254 0.278144 0.285349 0.294395 0.300703 0.308673 0.316991 0.323811 0.334105 0.342254 0.350524 0.356072 0.363734 0.373300 0.378839 0.386456 0.394601 0.412281 0.423319 0.432148 0.439241 0.446404 0.452726 0.459643 0.465370 0.471626 0.477754 0.483739 0.489955 0.495745 0.502048 0.508098 0.513524 0.518457 0.524843 0.529969 0.535570 0.541683 0.546241 0.551151 0.556068 0.560647 0.565038 0.570253 0.575269 0.579932 0.584316 0.589210 0.594073 0.598441 0.602623 0.607311 0.611494 0.616005 0.620349 0.625425 0.630260 0.635472 0.641018 0.646293 0.651754 0.657163 0.662278 0.667389 0.671804 0.677210 0.681820 0.686423 0.690076 0.694616 0.698514 0.702267 0.705618 0.707933 0.711544 0.714495 0.717409 0.720232 0.722965 0.725454 0.728005 0.731457 0.733162 0.735285 0.738234 0.740571 0.742880 0.744800 0.746714 0.748562 0.750760 0.752890 0.756019 0.757801 0.759926 0.762677 0.764325 0.764881 0.768112 0.771392 0.775004 0.777954 0.780086 0.782271 0.784383 0.788105 0.790917 0.793028 0.795339 0.796908 0.799298 0.801826 0.804103 0.805853 0.807160 0.810364 0.812438 0.814172 0.814977 0.818518 0.822331 0.823414 0.824762 0.826126 0.829648 0.833687 0.834298 0.836593 0.837085 0.840407 0.843991 0.844599 0.845400 0.845060 0.848967 0.853397 0.853217 0.855215 0.858667 0.861961 0.867717 0.869916 0.871466 0.872985 0.874646 0.876753 0.878130 0.879971 0.882190 0.884688 0.887410 0.889226 0.891655 0.893880 0.897081 0.899841 0.903027 0.905524 0.910426 0.913405 0.914808 0.915705 0.917971 0.920445 0.922795 0.924201 0.924855 0.928745 0.929800 0.928749 0.933333 0.933839 0.938588 0.937412 0.942068 0.945951 0.947386 0.945811 0.959216 0.962353 0.954902 0.972549 0.964706 0.963025 0.958824 0.964706 0.963399 0.963399 0.963399 0.962745 0.960784 0.991176))
(time 0)
(channel blue)
(curve
       (curve-type free)
       (n-points 17)
       (points 34 -1.0 -1.0 -1.0 -1.0 -1.0 -1.0 -1.0 -1.0 -1.0 -1.0 -1.0 -1.0 -1.0 -1.0 -1.0 -1.0 -1.0 -1.0 -1.0 -1.0 -1.0 -1.0 -1.0 -1.0 -1.0 -1.0 -1.0 -1.0 -1.0 -1.0 -1.0 -1.0 -1.0 -1.0)
       (n-samples 256)
       (samples 256 0.008194 0.010530 0.010906 0.012536 0.012021 0.013702 0.015175 0.016187 0.017026 0.018703 0.019252 0.020772 0.021684 0.023405 0.025137 0.027498 0.029443 0.031382 0.034015 0.036526 0.038516 0.041563 0.043325 0.046118 0.049393 0.051912 0.054385 0.057367 0.060963 0.063973 0.067460 0.070532 0.074333 0.077745 0.080778 0.084816 0.088782 0.092392 0.096646 0.100444 0.105252 0.109713 0.113896 0.119126 0.123244 0.127897 0.133159 0.137987 0.143135 0.148272 0.154092 0.160008 0.164967 0.169915 0.176109 0.181615 0.187818 0.194151 0.200692 0.207607 0.214388 0.220573 0.227556 0.234891 0.241500 0.248797 0.254878 0.262589 0.269319 0.274743 0.282139 0.287682 0.295794 0.302649 0.310608 0.317447 0.323322 0.331422 0.337379 0.345726 0.352983 0.361858 0.369113 0.375374 0.384310 0.390683 0.399070 0.404226 0.409684 0.415597 0.421846 0.428146 0.434717 0.441231 0.447459 0.452961 0.459883 0.466128 0.472754 0.478330 0.483861 0.489267 0.495440 0.500990 0.506762 0.511353 0.515883 0.521975 0.527648 0.531991 0.536816 0.541526 0.547114 0.550747 0.555583 0.560501 0.564212 0.568962 0.572587 0.577043 0.581282 0.584813 0.589245 0.592339 0.597048 0.600070 0.603961 0.608478 0.611902 0.614464 0.619169 0.622018 0.625546 0.629772 0.633038 0.636747 0.641101 0.644665 0.647813 0.651378 0.655149 0.658229 0.661311 0.664302 0.667481 0.670675 0.673617 0.676631 0.679836 0.683929 0.687265 0.689917 0.693137 0.696780 0.701125 0.703793 0.706644 0.710153 0.712959 0.716085 0.719244 0.721489 0.724826 0.727500 0.730369 0.733667 0.736280 0.740363 0.743021 0.746165 0.749300 0.752176 0.756184 0.759298 0.762677 0.765658 0.768635 0.772887 0.775632 0.778609 0.781436 0.785168 0.788524 0.791615 0.795250 0.798822 0.803022 0.805961 0.809134 0.812523 0.815138 0.818360 0.821553 0.824497 0.827511 0.831168 0.834198 0.837699 0.840891 0.844073 0.847013 0.850658 0.854034 0.856895 0.860009 0.863634 0.866790 0.870115 0.872945 0.875722 0.878622 0.880714 0.883231 0.885655 0.888191 0.890716 0.893276 0.895734 0.897988 0.900433 0.903001 0.905274 0.907789 0.910167 0.912303 0.914668 0.916885 0.919282 0.921461 0.923757 0.925849 0.928018 0.930359 0.932601 0.934795 0.936987 0.939069 0.941550 0.943546 0.946045 0.948494 0.951276 0.953374 0.955478 0.956960 0.958538 0.960139 0.961055 0.962356 0.964389 0.962304 0.968265 0.967671 0.972655 0.968627 0.977754))
(time 0)
(channel alpha)
(curve
       (curve-type free)
       (n-points 17)
       (points 34 -1.0 -1.0 -1.0 -1.0 -1.0 -1.0 -1.0 -1.0 -1.0 -1.0 -1.0 -1.0 -1.0 -1.0 -1.0 -1.0 -1.0 -1.0 -1.0 -1.0 -1.0 -1.0 -1.0 -1.0 -1.0 -1.0 -1.0 -1.0 -1.0 -1.0 -1.0 -1.0 -1.0 -1.0)
       (n-samples 256)
       (samples 256 0.000000 0.003922 0.007843 0.011765 0.015686 0.019608 0.023529 0.027451 0.031373 0.035294 0.039216 0.043137 0.047059 0.050980 0.054902 0.058824 0.062745 0.066667 0.070588 0.074510 0.078431 0.082353 0.086275 0.090196 0.094118 0.098039 0.101961 0.105882 0.109804 0.113725 0.117647 0.121569 0.125490 0.129412 0.133333 0.137255 0.141176 0.145098 0.149020 0.152941 0.156863 0.160784 0.164706 0.168627 0.172549 0.176471 0.180392 0.184314 0.188235 0.192157 0.196078 0.200000 0.203922 0.207843 0.211765 0.215686 0.219608 0.223529 0.227451 0.231373 0.235294 0.239216 0.243137 0.247059 0.250980 0.254902 0.258824 0.262745 0.266667 0.270588 0.274510 0.278431 0.282353 0.286275 0.290196 0.294118 0.298039 0.301961 0.305882 0.309804 0.313725 0.317647 0.321569 0.325490 0.329412 0.333333 0.337255 0.341176 0.345098 0.349020 0.352941 0.356863 0.360784 0.364706 0.368627 0.372549 0.376471 0.380392 0.384314 0.388235 0.392157 0.396078 0.400000 0.403922 0.407843 0.411765 0.415686 0.419608 0.423529 0.427451 0.431373 0.435294 0.439216 0.443137 0.447059 0.450980 0.454902 0.458824 0.462745 0.466667 0.470588 0.474510 0.478431 0.482353 0.486275 0.490196 0.494118 0.498039 0.501961 0.505882 0.509804 0.513725 0.517647 0.521569 0.525490 0.529412 0.533333 0.537255 0.541176 0.545098 0.549020 0.552941 0.556863 0.560784 0.564706 0.568627 0.572549 0.576471 0.580392 0.584314 0.588235 0.592157 0.596078 0.600000 0.603922 0.607843 0.611765 0.615686 0.619608 0.623529 0.627451 0.631373 0.635294 0.639216 0.643137 0.647059 0.650980 0.654902 0.658824 0.662745 0.666667 0.670588 0.674510 0.678431 0.682353 0.686275 0.690196 0.694118 0.698039 0.701961 0.705882 0.709804 0.713725 0.717647 0.721569 0.725490 0.729412 0.733333 0.737255 0.741176 0.745098 0.749020 0.752941 0.756863 0.760784 0.764706 0.768627 0.772549 0.776471 0.780392 0.784314 0.788235 0.792157 0.796078 0.800000 0.803922 0.807843 0.811765 0.815686 0.819608 0.823529 0.827451 0.831373 0.835294 0.839216 0.843137 0.847059 0.850980 0.854902 0.858824 0.862745 0.866667 0.870588 0.874510 0.878431 0.882353 0.886275 0.890196 0.894118 0.898039 0.901961 0.905882 0.909804 0.913725 0.917647 0.921569 0.925490 0.929412 0.933333 0.937255 0.941176 0.945098 0.949020 0.952941 0.956863 0.960784 0.964706 0.968627 0.972549 0.976471 0.980392 0.984314 0.988235 0.992157 0.996078 1.000000))
# end of curves tool settings
