# GIMP curves tool settings

(time 0)
(channel value)
(curve
       (curve-type free)
       (n-points 17)
       (points 34 -1.0 -1.0 -1.0 -1.0 -1.0 -1.0 -1.0 -1.0 -1.0 -1.0 -1.0 -1.0 -1.0 -1.0 -1.0 -1.0 -1.0 -1.0 -1.0 -1.0 -1.0 -1.0 -1.0 -1.0 -1.0 -1.0 -1.0 -1.0 -1.0 -1.0 -1.0 -1.0 -1.0 -1.0)
       (n-samples 256)
       (samples 256 0.000000 0.003922 0.007843 0.011765 0.015686 0.019608 0.023529 0.027451 0.031373 0.035294 0.039216 0.043137 0.047059 0.050980 0.054902 0.058824 0.062745 0.066667 0.070588 0.074510 0.078431 0.082353 0.086275 0.090196 0.094118 0.098039 0.101961 0.105882 0.109804 0.113725 0.117647 0.121569 0.125490 0.129412 0.133333 0.137255 0.141176 0.145098 0.149020 0.152941 0.156863 0.160784 0.164706 0.168627 0.172549 0.176471 0.180392 0.184314 0.188235 0.192157 0.196078 0.200000 0.203922 0.207843 0.211765 0.215686 0.219608 0.223529 0.227451 0.231373 0.235294 0.239216 0.243137 0.247059 0.250980 0.254902 0.258824 0.262745 0.266667 0.270588 0.274510 0.278431 0.282353 0.286275 0.290196 0.294118 0.298039 0.301961 0.305882 0.309804 0.313725 0.317647 0.321569 0.325490 0.329412 0.333333 0.337255 0.341176 0.345098 0.349020 0.352941 0.356863 0.360784 0.364706 0.368627 0.372549 0.376471 0.380392 0.384314 0.388235 0.392157 0.396078 0.400000 0.403922 0.407843 0.411765 0.415686 0.419608 0.423529 0.427451 0.431373 0.435294 0.439216 0.443137 0.447059 0.450980 0.454902 0.458824 0.462745 0.466667 0.470588 0.474510 0.478431 0.482353 0.486275 0.490196 0.494118 0.498039 0.501961 0.505882 0.509804 0.513725 0.517647 0.521569 0.525490 0.529412 0.533333 0.537255 0.541176 0.545098 0.549020 0.552941 0.556863 0.560784 0.564706 0.568627 0.572549 0.576471 0.580392 0.584314 0.588235 0.592157 0.596078 0.600000 0.603922 0.607843 0.611765 0.615686 0.619608 0.623529 0.627451 0.631373 0.635294 0.639216 0.643137 0.647059 0.650980 0.654902 0.658824 0.662745 0.666667 0.670588 0.674510 0.678431 0.682353 0.686275 0.690196 0.694118 0.698039 0.701961 0.705882 0.709804 0.713725 0.717647 0.721569 0.725490 0.729412 0.733333 0.737255 0.741176 0.745098 0.749020 0.752941 0.756863 0.760784 0.764706 0.768627 0.772549 0.776471 0.780392 0.784314 0.788235 0.792157 0.796078 0.800000 0.803922 0.807843 0.811765 0.815686 0.819608 0.823529 0.827451 0.831373 0.835294 0.839216 0.843137 0.847059 0.850980 0.854902 0.858824 0.862745 0.866667 0.870588 0.874510 0.878431 0.882353 0.886275 0.890196 0.894118 0.898039 0.901961 0.905882 0.909804 0.913725 0.917647 0.921569 0.925490 0.929412 0.933333 0.937255 0.941176 0.945098 0.949020 0.952941 0.956863 0.960784 0.964706 0.968627 0.972549 0.976471 0.980392 0.984314 0.988235 0.992157 0.996078 1.000000))
(time 0)
(channel red)
(curve
       (curve-type free)
       (n-points 17)
       (points 34 -1.0 -1.0 -1.0 -1.0 -1.0 -1.0 -1.0 -1.0 -1.0 -1.0 -1.0 -1.0 -1.0 -1.0 -1.0 -1.0 -1.0 -1.0 -1.0 -1.0 -1.0 -1.0 -1.0 -1.0 -1.0 -1.0 -1.0 -1.0 -1.0 -1.0 -1.0 -1.0 -1.0 -1.0)
       (n-samples 256)
       (samples 256 0.005019 0.007558 0.012843 0.015031 0.016865 0.018746 0.020732 0.023305 0.025761 0.028635 0.031018 0.033685 0.036339 0.039270 0.041761 0.044781 0.047209 0.049920 0.052561 0.055265 0.057761 0.060474 0.063537 0.066492 0.069198 0.072423 0.075325 0.078220 0.081080 0.084004 0.087337 0.090078 0.093492 0.096083 0.099698 0.102483 0.105763 0.108858 0.112480 0.115506 0.118781 0.122398 0.125697 0.129068 0.132780 0.135478 0.139043 0.142846 0.145915 0.150344 0.153655 0.157794 0.160998 0.165605 0.169679 0.172766 0.176904 0.180802 0.183881 0.188285 0.192989 0.197648 0.201156 0.205877 0.210641 0.215464 0.220073 0.225148 0.229223 0.233971 0.237112 0.239864 0.244523 0.249354 0.254085 0.259777 0.265817 0.271387 0.276709 0.280239 0.285390 0.290583 0.295156 0.299504 0.304646 0.309029 0.313535 0.317784 0.323996 0.329274 0.335518 0.341085 0.346365 0.352015 0.358679 0.363822 0.369399 0.373257 0.378177 0.382956 0.386747 0.388272 0.391799 0.395569 0.397850 0.403773 0.410975 0.416028 0.421937 0.426157 0.431610 0.436459 0.441862 0.446478 0.450634 0.455984 0.461570 0.466426 0.472286 0.476070 0.481654 0.488018 0.492395 0.496298 0.501717 0.506233 0.511764 0.515775 0.520987 0.525137 0.532420 0.537481 0.543487 0.550036 0.556257 0.561775 0.566767 0.571457 0.574678 0.580501 0.583980 0.589209 0.593967 0.599736 0.605078 0.609426 0.613548 0.617471 0.622565 0.627267 0.631925 0.636849 0.641478 0.645545 0.650430 0.653955 0.658028 0.662273 0.665960 0.670160 0.673426 0.676562 0.679900 0.682915 0.685711 0.688673 0.692280 0.695806 0.699020 0.702925 0.706800 0.710575 0.714053 0.718153 0.721833 0.725849 0.729628 0.733757 0.738153 0.742876 0.746570 0.750927 0.754862 0.759516 0.763334 0.767851 0.772315 0.777118 0.779983 0.783376 0.786928 0.789894 0.793936 0.797633 0.800918 0.805051 0.809276 0.812460 0.816087 0.819404 0.822795 0.826126 0.829987 0.833034 0.836342 0.839928 0.843674 0.846717 0.850173 0.853874 0.857915 0.860737 0.864618 0.867749 0.871509 0.875125 0.878953 0.883080 0.887342 0.890671 0.894122 0.899308 0.903876 0.908551 0.913444 0.918296 0.922795 0.926320 0.929396 0.934171 0.938229 0.940930 0.946302 0.948525 0.953044 0.955492 0.958498 0.961547 0.962643 0.966000 0.967075 0.971063 0.973642 0.976973 0.978098 0.981513 0.979190 0.980358 0.984229 0.982190 0.983831 0.983769 0.986044 0.990850 0.989340 0.991441))
(time 0)
(channel green)
(curve
       (curve-type free)
       (n-points 17)
       (points 34 -1.0 -1.0 -1.0 -1.0 -1.0 -1.0 -1.0 -1.0 -1.0 -1.0 -1.0 -1.0 -1.0 -1.0 -1.0 -1.0 -1.0 -1.0 -1.0 -1.0 -1.0 -1.0 -1.0 -1.0 -1.0 -1.0 -1.0 -1.0 -1.0 -1.0 -1.0 -1.0 -1.0 -1.0)
       (n-samples 256)
       (samples 256 0.006954 0.007688 0.008732 0.009709 0.010507 0.011485 0.012093 0.013090 0.013948 0.014422 0.015651 0.016954 0.018403 0.019486 0.020598 0.022269 0.024074 0.026117 0.028576 0.031264 0.034685 0.037162 0.039141 0.041573 0.043703 0.045623 0.047947 0.049211 0.051664 0.053523 0.054734 0.056111 0.058054 0.061944 0.065370 0.069468 0.074292 0.078197 0.082126 0.086587 0.088696 0.094308 0.098453 0.100678 0.103923 0.109931 0.112600 0.117020 0.119967 0.124357 0.128632 0.132710 0.137144 0.144164 0.148596 0.153425 0.158893 0.162538 0.168324 0.172504 0.176223 0.181441 0.185844 0.190971 0.194944 0.200154 0.205219 0.210858 0.215838 0.220642 0.225134 0.229733 0.235118 0.239173 0.244168 0.249704 0.254468 0.259874 0.265352 0.270702 0.276369 0.281676 0.287150 0.292315 0.297273 0.301861 0.307194 0.311460 0.317359 0.320579 0.325269 0.329439 0.334228 0.339251 0.342625 0.347681 0.352274 0.356115 0.361663 0.364350 0.369795 0.373525 0.377250 0.381552 0.385652 0.389524 0.394904 0.398350 0.402750 0.408538 0.413003 0.418331 0.423934 0.428733 0.433557 0.438407 0.443400 0.448765 0.452619 0.457438 0.462114 0.466127 0.471019 0.474614 0.479378 0.484200 0.488652 0.493529 0.498702 0.502956 0.507580 0.511470 0.516499 0.520577 0.524231 0.529055 0.534055 0.537965 0.542153 0.547065 0.551940 0.556352 0.560585 0.564569 0.568767 0.572014 0.576747 0.581705 0.584885 0.589591 0.595074 0.599918 0.604638 0.610027 0.614592 0.619786 0.623395 0.627878 0.632750 0.637985 0.642015 0.645193 0.648277 0.652843 0.655196 0.660574 0.664390 0.668268 0.672305 0.676786 0.680905 0.684386 0.689248 0.693581 0.697591 0.700822 0.704870 0.709151 0.712619 0.717254 0.721127 0.725737 0.729538 0.733153 0.736758 0.740810 0.744223 0.747996 0.751392 0.755373 0.759081 0.762913 0.766713 0.770082 0.774062 0.777382 0.781079 0.784854 0.788283 0.792302 0.795821 0.799684 0.803209 0.806675 0.810354 0.813815 0.817493 0.820729 0.824022 0.827928 0.831109 0.835240 0.839266 0.843435 0.847500 0.851978 0.854057 0.859420 0.863689 0.866550 0.871564 0.874119 0.878155 0.879956 0.882845 0.885985 0.888995 0.891288 0.895568 0.899602 0.902328 0.902424 0.903821 0.908771 0.913136 0.908029 0.917190 0.922136 0.925728 0.930356 0.923996 0.932680 0.928218 0.930237 0.937255 0.933690 0.949020 0.926797 0.947059 0.946405 0.932026 0.932026 0.984314 0.962745 0.962745 0.972549))
(time 0)
(channel blue)
(curve
       (curve-type free)
       (n-points 17)
       (points 34 -1.0 -1.0 -1.0 -1.0 -1.0 -1.0 -1.0 -1.0 -1.0 -1.0 -1.0 -1.0 -1.0 -1.0 -1.0 -1.0 -1.0 -1.0 -1.0 -1.0 -1.0 -1.0 -1.0 -1.0 -1.0 -1.0 -1.0 -1.0 -1.0 -1.0 -1.0 -1.0 -1.0 -1.0)
       (n-samples 256)
       (samples 256 0.011765 0.015615 0.017339 0.018254 0.020025 0.020764 0.021627 0.023541 0.026126 0.029488 0.032245 0.034832 0.037177 0.039147 0.041219 0.043498 0.045470 0.046635 0.048292 0.049747 0.052450 0.055570 0.057879 0.060678 0.063575 0.066447 0.069228 0.070724 0.071605 0.073532 0.075731 0.078557 0.081173 0.084303 0.087202 0.091118 0.093978 0.096327 0.099092 0.103250 0.106743 0.111201 0.114624 0.119307 0.121283 0.123418 0.126500 0.128892 0.130762 0.133993 0.137647 0.140960 0.145268 0.150878 0.153904 0.159450 0.164687 0.169683 0.173779 0.177926 0.182224 0.186909 0.191759 0.195526 0.199344 0.203460 0.208094 0.212507 0.216783 0.219710 0.222821 0.229054 0.232530 0.234476 0.239092 0.244027 0.248975 0.255468 0.260278 0.266221 0.272414 0.275178 0.281641 0.285343 0.290647 0.294941 0.299735 0.304140 0.308026 0.312310 0.317170 0.323322 0.328367 0.334363 0.339798 0.344765 0.349701 0.354410 0.359894 0.364160 0.367734 0.371848 0.375779 0.379638 0.382834 0.386084 0.390413 0.394595 0.398257 0.402786 0.406486 0.411817 0.416786 0.420092 0.424202 0.430099 0.434759 0.438556 0.441618 0.448023 0.453689 0.461324 0.465931 0.470070 0.475817 0.478032 0.483455 0.487477 0.493140 0.496911 0.501962 0.505599 0.511376 0.516238 0.520942 0.524625 0.528578 0.534197 0.536458 0.542395 0.545247 0.550417 0.554509 0.558943 0.563011 0.568980 0.572075 0.576401 0.581561 0.586336 0.589531 0.595182 0.599357 0.605362 0.609687 0.614474 0.618947 0.622931 0.627006 0.630756 0.635348 0.639990 0.643291 0.647257 0.651759 0.656514 0.662024 0.666558 0.671043 0.675600 0.680128 0.684407 0.688518 0.692455 0.696006 0.699677 0.703018 0.706138 0.709198 0.712870 0.714960 0.718189 0.720936 0.724714 0.728553 0.732785 0.736624 0.740729 0.745015 0.748920 0.753101 0.757167 0.760633 0.764176 0.767138 0.770399 0.773558 0.776884 0.779968 0.783140 0.786442 0.789353 0.792587 0.795897 0.799283 0.802437 0.805778 0.809015 0.812512 0.816335 0.820439 0.824744 0.829561 0.834743 0.839454 0.843933 0.848785 0.851843 0.855307 0.858679 0.862007 0.864977 0.868217 0.871500 0.875074 0.878276 0.881283 0.885357 0.889618 0.892809 0.896288 0.899848 0.903402 0.906064 0.908772 0.911497 0.914935 0.915652 0.919159 0.920575 0.925120 0.926739 0.928127 0.930268 0.934058 0.938257 0.938654 0.936356 0.939572 0.941737 0.945569 0.947685 0.938906 0.953802 0.953922 0.958123))
(time 0)
(channel alpha)
(curve
       (curve-type free)
       (n-points 17)
       (points 34 -1.0 -1.0 -1.0 -1.0 -1.0 -1.0 -1.0 -1.0 -1.0 -1.0 -1.0 -1.0 -1.0 -1.0 -1.0 -1.0 -1.0 -1.0 -1.0 -1.0 -1.0 -1.0 -1.0 -1.0 -1.0 -1.0 -1.0 -1.0 -1.0 -1.0 -1.0 -1.0 -1.0 -1.0)
       (n-samples 256)
       (samples 256 0.000000 0.003922 0.007843 0.011765 0.015686 0.019608 0.023529 0.027451 0.031373 0.035294 0.039216 0.043137 0.047059 0.050980 0.054902 0.058824 0.062745 0.066667 0.070588 0.074510 0.078431 0.082353 0.086275 0.090196 0.094118 0.098039 0.101961 0.105882 0.109804 0.113725 0.117647 0.121569 0.125490 0.129412 0.133333 0.137255 0.141176 0.145098 0.149020 0.152941 0.156863 0.160784 0.164706 0.168627 0.172549 0.176471 0.180392 0.184314 0.188235 0.192157 0.196078 0.200000 0.203922 0.207843 0.211765 0.215686 0.219608 0.223529 0.227451 0.231373 0.235294 0.239216 0.243137 0.247059 0.250980 0.254902 0.258824 0.262745 0.266667 0.270588 0.274510 0.278431 0.282353 0.286275 0.290196 0.294118 0.298039 0.301961 0.305882 0.309804 0.313725 0.317647 0.321569 0.325490 0.329412 0.333333 0.337255 0.341176 0.345098 0.349020 0.352941 0.356863 0.360784 0.364706 0.368627 0.372549 0.376471 0.380392 0.384314 0.388235 0.392157 0.396078 0.400000 0.403922 0.407843 0.411765 0.415686 0.419608 0.423529 0.427451 0.431373 0.435294 0.439216 0.443137 0.447059 0.450980 0.454902 0.458824 0.462745 0.466667 0.470588 0.474510 0.478431 0.482353 0.486275 0.490196 0.494118 0.498039 0.501961 0.505882 0.509804 0.513725 0.517647 0.521569 0.525490 0.529412 0.533333 0.537255 0.541176 0.545098 0.549020 0.552941 0.556863 0.560784 0.564706 0.568627 0.572549 0.576471 0.580392 0.584314 0.588235 0.592157 0.596078 0.600000 0.603922 0.607843 0.611765 0.615686 0.619608 0.623529 0.627451 0.631373 0.635294 0.639216 0.643137 0.647059 0.650980 0.654902 0.658824 0.662745 0.666667 0.670588 0.674510 0.678431 0.682353 0.686275 0.690196 0.694118 0.698039 0.701961 0.705882 0.709804 0.713725 0.717647 0.721569 0.725490 0.729412 0.733333 0.737255 0.741176 0.745098 0.749020 0.752941 0.756863 0.760784 0.764706 0.768627 0.772549 0.776471 0.780392 0.784314 0.788235 0.792157 0.796078 0.800000 0.803922 0.807843 0.811765 0.815686 0.819608 0.823529 0.827451 0.831373 0.835294 0.839216 0.843137 0.847059 0.850980 0.854902 0.858824 0.862745 0.866667 0.870588 0.874510 0.878431 0.882353 0.886275 0.890196 0.894118 0.898039 0.901961 0.905882 0.909804 0.913725 0.917647 0.921569 0.925490 0.929412 0.933333 0.937255 0.941176 0.945098 0.949020 0.952941 0.956863 0.960784 0.964706 0.968627 0.972549 0.976471 0.980392 0.984314 0.988235 0.992157 0.996078 1.000000))
# end of curves tool settings
