# GIMP curves tool settings

(time 0)
(channel value)
(curve
       (curve-type free)
       (n-points 17)
       (points 34 -1.0 -1.0 -1.0 -1.0 -1.0 -1.0 -1.0 -1.0 -1.0 -1.0 -1.0 -1.0 -1.0 -1.0 -1.0 -1.0 -1.0 -1.0 -1.0 -1.0 -1.0 -1.0 -1.0 -1.0 -1.0 -1.0 -1.0 -1.0 -1.0 -1.0 -1.0 -1.0 -1.0 -1.0)
       (n-samples 256)
       (samples 256 0.000000 0.003922 0.007843 0.011765 0.015686 0.019608 0.023529 0.027451 0.031373 0.035294 0.039216 0.043137 0.047059 0.050980 0.054902 0.058824 0.062745 0.066667 0.070588 0.074510 0.078431 0.082353 0.086275 0.090196 0.094118 0.098039 0.101961 0.105882 0.109804 0.113725 0.117647 0.121569 0.125490 0.129412 0.133333 0.137255 0.141176 0.145098 0.149020 0.152941 0.156863 0.160784 0.164706 0.168627 0.172549 0.176471 0.180392 0.184314 0.188235 0.192157 0.196078 0.200000 0.203922 0.207843 0.211765 0.215686 0.219608 0.223529 0.227451 0.231373 0.235294 0.239216 0.243137 0.247059 0.250980 0.254902 0.258824 0.262745 0.266667 0.270588 0.274510 0.278431 0.282353 0.286275 0.290196 0.294118 0.298039 0.301961 0.305882 0.309804 0.313725 0.317647 0.321569 0.325490 0.329412 0.333333 0.337255 0.341176 0.345098 0.349020 0.352941 0.356863 0.360784 0.364706 0.368627 0.372549 0.376471 0.380392 0.384314 0.388235 0.392157 0.396078 0.400000 0.403922 0.407843 0.411765 0.415686 0.419608 0.423529 0.427451 0.431373 0.435294 0.439216 0.443137 0.447059 0.450980 0.454902 0.458824 0.462745 0.466667 0.470588 0.474510 0.478431 0.482353 0.486275 0.490196 0.494118 0.498039 0.501961 0.505882 0.509804 0.513725 0.517647 0.521569 0.525490 0.529412 0.533333 0.537255 0.541176 0.545098 0.549020 0.552941 0.556863 0.560784 0.564706 0.568627 0.572549 0.576471 0.580392 0.584314 0.588235 0.592157 0.596078 0.600000 0.603922 0.607843 0.611765 0.615686 0.619608 0.623529 0.627451 0.631373 0.635294 0.639216 0.643137 0.647059 0.650980 0.654902 0.658824 0.662745 0.666667 0.670588 0.674510 0.678431 0.682353 0.686275 0.690196 0.694118 0.698039 0.701961 0.705882 0.709804 0.713725 0.717647 0.721569 0.725490 0.729412 0.733333 0.737255 0.741176 0.745098 0.749020 0.752941 0.756863 0.760784 0.764706 0.768627 0.772549 0.776471 0.780392 0.784314 0.788235 0.792157 0.796078 0.800000 0.803922 0.807843 0.811765 0.815686 0.819608 0.823529 0.827451 0.831373 0.835294 0.839216 0.843137 0.847059 0.850980 0.854902 0.858824 0.862745 0.866667 0.870588 0.874510 0.878431 0.882353 0.886275 0.890196 0.894118 0.898039 0.901961 0.905882 0.909804 0.913725 0.917647 0.921569 0.925490 0.929412 0.933333 0.937255 0.941176 0.945098 0.949020 0.952941 0.956863 0.960784 0.964706 0.968627 0.972549 0.976471 0.980392 0.984314 0.988235 0.992157 0.996078 1.000000))
(time 0)
(channel red)
(curve
       (curve-type free)
       (n-points 17)
       (points 34 -1.0 -1.0 -1.0 -1.0 -1.0 -1.0 -1.0 -1.0 -1.0 -1.0 -1.0 -1.0 -1.0 -1.0 -1.0 -1.0 -1.0 -1.0 -1.0 -1.0 -1.0 -1.0 -1.0 -1.0 -1.0 -1.0 -1.0 -1.0 -1.0 -1.0 -1.0 -1.0 -1.0 -1.0)
       (n-samples 256)
       (samples 256 0.012552 0.019449 0.021482 0.023235 0.023985 0.025098 0.026556 0.028326 0.030838 0.033506 0.036641 0.039224 0.041869 0.044543 0.047452 0.049717 0.052265 0.054818 0.057544 0.060090 0.062664 0.065374 0.068146 0.070846 0.073715 0.076374 0.079197 0.081961 0.084520 0.086995 0.089494 0.092042 0.094566 0.097287 0.099707 0.102331 0.105650 0.108725 0.111285 0.114214 0.117207 0.120225 0.123297 0.126336 0.130145 0.134060 0.137715 0.141550 0.145490 0.149329 0.153078 0.157309 0.161187 0.165455 0.170225 0.174924 0.179417 0.183909 0.188700 0.193455 0.198491 0.203331 0.208264 0.213308 0.218216 0.223729 0.228597 0.234652 0.240053 0.246082 0.252574 0.259028 0.264934 0.270890 0.277237 0.283241 0.290235 0.295219 0.302423 0.308125 0.316270 0.322373 0.329263 0.335748 0.341409 0.347720 0.353334 0.360043 0.366793 0.372865 0.378525 0.384265 0.391600 0.397669 0.404188 0.409646 0.415449 0.421090 0.427437 0.432915 0.439276 0.445823 0.451095 0.457522 0.463370 0.469986 0.475152 0.480726 0.486212 0.492950 0.497380 0.502670 0.508622 0.513687 0.518534 0.523194 0.528782 0.533708 0.538394 0.543462 0.548626 0.553565 0.558183 0.563048 0.567519 0.572244 0.576817 0.581468 0.585689 0.590030 0.594938 0.599101 0.603883 0.607314 0.611044 0.615550 0.619067 0.623377 0.627639 0.630688 0.634940 0.638789 0.642502 0.646880 0.649819 0.653898 0.658218 0.660370 0.664223 0.667736 0.671680 0.675482 0.678663 0.682575 0.685783 0.689044 0.692847 0.695776 0.699081 0.702436 0.706553 0.709847 0.712863 0.716255 0.719772 0.722655 0.726271 0.729139 0.732695 0.736025 0.738350 0.741703 0.745163 0.747989 0.751570 0.754645 0.758105 0.761220 0.764936 0.767653 0.770881 0.773584 0.776525 0.779526 0.782476 0.785574 0.788096 0.791613 0.795484 0.797961 0.801006 0.804153 0.807262 0.810835 0.812922 0.816147 0.818742 0.822570 0.825631 0.828974 0.831957 0.835018 0.837571 0.841028 0.843839 0.846626 0.849542 0.852441 0.855076 0.858086 0.861079 0.863179 0.865932 0.867630 0.870626 0.872122 0.874010 0.876106 0.879581 0.882958 0.886041 0.891814 0.889679 0.895140 0.896658 0.898425 0.902706 0.901508 0.906345 0.907571 0.911701 0.913222 0.919523 0.915581 0.925886 0.930084 0.932549 0.933902 0.941597 0.937255 0.947872 0.949120 0.956443 0.959129 0.960017 0.959746 0.975216 0.973897 0.988553 0.982579 0.978214 0.985154 0.992784 0.981415 0.988065 0.997059))
(time 0)
(channel green)
(curve
       (curve-type free)
       (n-points 17)
       (points 34 -1.0 -1.0 -1.0 -1.0 -1.0 -1.0 -1.0 -1.0 -1.0 -1.0 -1.0 -1.0 -1.0 -1.0 -1.0 -1.0 -1.0 -1.0 -1.0 -1.0 -1.0 -1.0 -1.0 -1.0 -1.0 -1.0 -1.0 -1.0 -1.0 -1.0 -1.0 -1.0 -1.0 -1.0)
       (n-samples 256)
       (samples 256 0.022838 0.024700 0.026337 0.028108 0.030592 0.033741 0.036592 0.039687 0.042588 0.045725 0.048543 0.051108 0.053646 0.056529 0.059216 0.062185 0.065053 0.067850 0.070677 0.073480 0.076318 0.079129 0.082102 0.085090 0.088001 0.090896 0.093840 0.096828 0.099736 0.102654 0.105522 0.108657 0.112041 0.115347 0.118711 0.122186 0.125767 0.129485 0.133721 0.137435 0.141318 0.145300 0.149608 0.153644 0.157740 0.162114 0.166614 0.170783 0.175519 0.179780 0.184309 0.189116 0.194065 0.198845 0.204603 0.209510 0.214552 0.219791 0.225679 0.230820 0.236182 0.241769 0.247029 0.252377 0.257776 0.263596 0.268411 0.274581 0.279726 0.285180 0.290852 0.296347 0.301854 0.307300 0.312539 0.317567 0.322473 0.327480 0.333026 0.338310 0.343070 0.348959 0.354479 0.359505 0.365020 0.370384 0.376373 0.380624 0.387051 0.391707 0.397344 0.401993 0.407718 0.413070 0.417713 0.422936 0.428707 0.433673 0.438290 0.443742 0.448386 0.452779 0.457156 0.461736 0.466901 0.471479 0.476252 0.480935 0.485570 0.489844 0.494582 0.498274 0.503134 0.507333 0.511604 0.515440 0.519984 0.524366 0.528465 0.533385 0.536916 0.541640 0.544146 0.549045 0.552405 0.557541 0.561048 0.565135 0.569205 0.573238 0.576563 0.580938 0.584671 0.588807 0.592024 0.596354 0.600790 0.603173 0.606850 0.611259 0.614199 0.617238 0.621551 0.625105 0.628342 0.632007 0.634927 0.638164 0.641562 0.644770 0.647531 0.651879 0.654200 0.657874 0.660822 0.663930 0.667379 0.671158 0.673509 0.675682 0.678264 0.681164 0.684572 0.687768 0.690132 0.693146 0.696533 0.698436 0.700924 0.703672 0.707093 0.710555 0.712949 0.715360 0.718525 0.721732 0.723881 0.726353 0.729462 0.732191 0.734822 0.738023 0.740875 0.744251 0.746177 0.749239 0.751534 0.754514 0.757568 0.760164 0.762967 0.766787 0.768944 0.772164 0.774854 0.777463 0.780843 0.783552 0.787274 0.789935 0.792651 0.795828 0.798353 0.801721 0.805074 0.807885 0.811070 0.813754 0.816814 0.819586 0.823135 0.825797 0.829623 0.832256 0.835807 0.838399 0.841163 0.844312 0.848285 0.851336 0.854126 0.857489 0.860943 0.864034 0.867539 0.870534 0.873685 0.877243 0.879527 0.881842 0.884046 0.886832 0.888914 0.891934 0.894882 0.900936 0.901442 0.904131 0.915659 0.914325 0.914626 0.923636 0.932858 0.924728 0.935710 0.948874 0.942857 0.943791 0.944281 0.964444 0.971873 0.969608 0.980019 0.981996 0.970926 0.988894))
(time 0)
(channel blue)
(curve
       (curve-type free)
       (n-points 17)
       (points 34 -1.0 -1.0 -1.0 -1.0 -1.0 -1.0 -1.0 -1.0 -1.0 -1.0 -1.0 -1.0 -1.0 -1.0 -1.0 -1.0 -1.0 -1.0 -1.0 -1.0 -1.0 -1.0 -1.0 -1.0 -1.0 -1.0 -1.0 -1.0 -1.0 -1.0 -1.0 -1.0 -1.0 -1.0)
       (n-samples 256)
       (samples 256 0.013008 0.015160 0.016168 0.017412 0.019044 0.020976 0.023050 0.024944 0.026973 0.029149 0.031097 0.033258 0.035417 0.037637 0.039448 0.041714 0.043937 0.045800 0.047836 0.049859 0.051491 0.053113 0.054556 0.056047 0.057730 0.059681 0.061664 0.063981 0.065989 0.068445 0.070946 0.073871 0.076970 0.080147 0.083696 0.086279 0.089577 0.092398 0.094469 0.097063 0.099161 0.102118 0.104307 0.106348 0.108519 0.110864 0.114239 0.116960 0.120526 0.124311 0.129321 0.132434 0.138032 0.142648 0.148398 0.153482 0.160285 0.164133 0.171655 0.178474 0.184441 0.190968 0.198385 0.204082 0.211473 0.218832 0.225051 0.230727 0.238965 0.245529 0.252635 0.259652 0.267018 0.274895 0.281887 0.290191 0.296336 0.304726 0.311883 0.318033 0.325650 0.331685 0.338531 0.344808 0.349295 0.357342 0.362704 0.367390 0.373231 0.378329 0.383973 0.390798 0.394228 0.398778 0.404782 0.411006 0.414128 0.419865 0.423104 0.429193 0.434038 0.437790 0.443302 0.447392 0.452026 0.456179 0.460079 0.465780 0.469058 0.474652 0.478144 0.483869 0.486529 0.492392 0.496302 0.500202 0.505966 0.509028 0.513220 0.517582 0.522730 0.525140 0.530071 0.534234 0.538584 0.541606 0.546862 0.549537 0.553720 0.557466 0.561646 0.565814 0.568872 0.572891 0.578296 0.581331 0.584557 0.588549 0.591800 0.595144 0.598914 0.601413 0.605984 0.609555 0.612799 0.616224 0.619967 0.622885 0.627476 0.629578 0.634142 0.637690 0.639451 0.644358 0.646612 0.650952 0.654866 0.656519 0.660769 0.662645 0.667724 0.670372 0.673479 0.677073 0.677332 0.680821 0.685509 0.688388 0.691679 0.695294 0.698431 0.701736 0.703499 0.707169 0.708865 0.712005 0.714486 0.717263 0.720543 0.724028 0.725912 0.729893 0.731384 0.733745 0.736125 0.739458 0.743885 0.747572 0.749619 0.753265 0.757183 0.759748 0.762587 0.764997 0.767349 0.768872 0.772407 0.775362 0.777810 0.779775 0.782709 0.785426 0.789149 0.792782 0.794426 0.797670 0.801120 0.803057 0.806958 0.808404 0.811679 0.813840 0.816826 0.820132 0.823069 0.825495 0.828209 0.831147 0.833685 0.835849 0.839007 0.841486 0.845078 0.847788 0.850952 0.853695 0.856755 0.859141 0.862832 0.865736 0.868597 0.871902 0.875196 0.878408 0.881084 0.884769 0.887758 0.890780 0.893630 0.896821 0.900221 0.904136 0.907891 0.911288 0.913972 0.916820 0.919444 0.923369 0.924582 0.928024 0.930662 0.930369 0.933874 0.937835 0.941230 0.958428))
(time 0)
(channel alpha)
(curve
       (curve-type free)
       (n-points 17)
       (points 34 -1.0 -1.0 -1.0 -1.0 -1.0 -1.0 -1.0 -1.0 -1.0 -1.0 -1.0 -1.0 -1.0 -1.0 -1.0 -1.0 -1.0 -1.0 -1.0 -1.0 -1.0 -1.0 -1.0 -1.0 -1.0 -1.0 -1.0 -1.0 -1.0 -1.0 -1.0 -1.0 -1.0 -1.0)
       (n-samples 256)
       (samples 256 0.000000 0.003922 0.007843 0.011765 0.015686 0.019608 0.023529 0.027451 0.031373 0.035294 0.039216 0.043137 0.047059 0.050980 0.054902 0.058824 0.062745 0.066667 0.070588 0.074510 0.078431 0.082353 0.086275 0.090196 0.094118 0.098039 0.101961 0.105882 0.109804 0.113725 0.117647 0.121569 0.125490 0.129412 0.133333 0.137255 0.141176 0.145098 0.149020 0.152941 0.156863 0.160784 0.164706 0.168627 0.172549 0.176471 0.180392 0.184314 0.188235 0.192157 0.196078 0.200000 0.203922 0.207843 0.211765 0.215686 0.219608 0.223529 0.227451 0.231373 0.235294 0.239216 0.243137 0.247059 0.250980 0.254902 0.258824 0.262745 0.266667 0.270588 0.274510 0.278431 0.282353 0.286275 0.290196 0.294118 0.298039 0.301961 0.305882 0.309804 0.313725 0.317647 0.321569 0.325490 0.329412 0.333333 0.337255 0.341176 0.345098 0.349020 0.352941 0.356863 0.360784 0.364706 0.368627 0.372549 0.376471 0.380392 0.384314 0.388235 0.392157 0.396078 0.400000 0.403922 0.407843 0.411765 0.415686 0.419608 0.423529 0.427451 0.431373 0.435294 0.439216 0.443137 0.447059 0.450980 0.454902 0.458824 0.462745 0.466667 0.470588 0.474510 0.478431 0.482353 0.486275 0.490196 0.494118 0.498039 0.501961 0.505882 0.509804 0.513725 0.517647 0.521569 0.525490 0.529412 0.533333 0.537255 0.541176 0.545098 0.549020 0.552941 0.556863 0.560784 0.564706 0.568627 0.572549 0.576471 0.580392 0.584314 0.588235 0.592157 0.596078 0.600000 0.603922 0.607843 0.611765 0.615686 0.619608 0.623529 0.627451 0.631373 0.635294 0.639216 0.643137 0.647059 0.650980 0.654902 0.658824 0.662745 0.666667 0.670588 0.674510 0.678431 0.682353 0.686275 0.690196 0.694118 0.698039 0.701961 0.705882 0.709804 0.713725 0.717647 0.721569 0.725490 0.729412 0.733333 0.737255 0.741176 0.745098 0.749020 0.752941 0.756863 0.760784 0.764706 0.768627 0.772549 0.776471 0.780392 0.784314 0.788235 0.792157 0.796078 0.800000 0.803922 0.807843 0.811765 0.815686 0.819608 0.823529 0.827451 0.831373 0.835294 0.839216 0.843137 0.847059 0.850980 0.854902 0.858824 0.862745 0.866667 0.870588 0.874510 0.878431 0.882353 0.886275 0.890196 0.894118 0.898039 0.901961 0.905882 0.909804 0.913725 0.917647 0.921569 0.925490 0.929412 0.933333 0.937255 0.941176 0.945098 0.949020 0.952941 0.956863 0.960784 0.964706 0.968627 0.972549 0.976471 0.980392 0.984314 0.988235 0.992157 0.996078 1.000000))
# end of curves tool settings
