# GIMP curves tool settings

(time 0)
(channel value)
(curve
       (curve-type free)
       (n-points 17)
       (points 34 -1.0 -1.0 -1.0 -1.0 -1.0 -1.0 -1.0 -1.0 -1.0 -1.0 -1.0 -1.0 -1.0 -1.0 -1.0 -1.0 -1.0 -1.0 -1.0 -1.0 -1.0 -1.0 -1.0 -1.0 -1.0 -1.0 -1.0 -1.0 -1.0 -1.0 -1.0 -1.0 -1.0 -1.0)
       (n-samples 256)
       (samples 256 0.000000 0.003922 0.007843 0.011765 0.015686 0.019608 0.023529 0.027451 0.031373 0.035294 0.039216 0.043137 0.047059 0.050980 0.054902 0.058824 0.062745 0.066667 0.070588 0.074510 0.078431 0.082353 0.086275 0.090196 0.094118 0.098039 0.101961 0.105882 0.109804 0.113725 0.117647 0.121569 0.125490 0.129412 0.133333 0.137255 0.141176 0.145098 0.149020 0.152941 0.156863 0.160784 0.164706 0.168627 0.172549 0.176471 0.180392 0.184314 0.188235 0.192157 0.196078 0.200000 0.203922 0.207843 0.211765 0.215686 0.219608 0.223529 0.227451 0.231373 0.235294 0.239216 0.243137 0.247059 0.250980 0.254902 0.258824 0.262745 0.266667 0.270588 0.274510 0.278431 0.282353 0.286275 0.290196 0.294118 0.298039 0.301961 0.305882 0.309804 0.313725 0.317647 0.321569 0.325490 0.329412 0.333333 0.337255 0.341176 0.345098 0.349020 0.352941 0.356863 0.360784 0.364706 0.368627 0.372549 0.376471 0.380392 0.384314 0.388235 0.392157 0.396078 0.400000 0.403922 0.407843 0.411765 0.415686 0.419608 0.423529 0.427451 0.431373 0.435294 0.439216 0.443137 0.447059 0.450980 0.454902 0.458824 0.462745 0.466667 0.470588 0.474510 0.478431 0.482353 0.486275 0.490196 0.494118 0.498039 0.501961 0.505882 0.509804 0.513725 0.517647 0.521569 0.525490 0.529412 0.533333 0.537255 0.541176 0.545098 0.549020 0.552941 0.556863 0.560784 0.564706 0.568627 0.572549 0.576471 0.580392 0.584314 0.588235 0.592157 0.596078 0.600000 0.603922 0.607843 0.611765 0.615686 0.619608 0.623529 0.627451 0.631373 0.635294 0.639216 0.643137 0.647059 0.650980 0.654902 0.658824 0.662745 0.666667 0.670588 0.674510 0.678431 0.682353 0.686275 0.690196 0.694118 0.698039 0.701961 0.705882 0.709804 0.713725 0.717647 0.721569 0.725490 0.729412 0.733333 0.737255 0.741176 0.745098 0.749020 0.752941 0.756863 0.760784 0.764706 0.768627 0.772549 0.776471 0.780392 0.784314 0.788235 0.792157 0.796078 0.800000 0.803922 0.807843 0.811765 0.815686 0.819608 0.823529 0.827451 0.831373 0.835294 0.839216 0.843137 0.847059 0.850980 0.854902 0.858824 0.862745 0.866667 0.870588 0.874510 0.878431 0.882353 0.886275 0.890196 0.894118 0.898039 0.901961 0.905882 0.909804 0.913725 0.917647 0.921569 0.925490 0.929412 0.933333 0.937255 0.941176 0.945098 0.949020 0.952941 0.956863 0.960784 0.964706 0.968627 0.972549 0.976471 0.980392 0.984314 0.988235 0.992157 0.996078 1.000000))
(time 0)
(channel red)
(curve
       (curve-type free)
       (n-points 17)
       (points 34 -1.0 -1.0 -1.0 -1.0 -1.0 -1.0 -1.0 -1.0 -1.0 -1.0 -1.0 -1.0 -1.0 -1.0 -1.0 -1.0 -1.0 -1.0 -1.0 -1.0 -1.0 -1.0 -1.0 -1.0 -1.0 -1.0 -1.0 -1.0 -1.0 -1.0 -1.0 -1.0 -1.0 -1.0)
       (n-samples 256)
       (samples 256 0.024639 0.027419 0.029359 0.030554 0.032282 0.034083 0.035810 0.037367 0.038930 0.040822 0.042387 0.044333 0.046132 0.047699 0.049417 0.051650 0.053143 0.056156 0.058217 0.060192 0.062578 0.065146 0.067649 0.069969 0.073450 0.075767 0.077992 0.080972 0.084248 0.087519 0.090445 0.093903 0.097755 0.101434 0.104555 0.109090 0.112599 0.116561 0.119773 0.124160 0.128821 0.132399 0.137213 0.141930 0.146565 0.150729 0.155248 0.160370 0.165294 0.170233 0.176151 0.181526 0.188454 0.192049 0.198021 0.205204 0.211078 0.217006 0.223675 0.229845 0.238025 0.244765 0.249276 0.257508 0.262187 0.268163 0.275586 0.280246 0.285311 0.292993 0.299217 0.307183 0.310610 0.317939 0.324744 0.329483 0.337247 0.341906 0.347477 0.354746 0.361353 0.366632 0.374421 0.379666 0.384922 0.393773 0.399917 0.405284 0.412400 0.416771 0.425217 0.430018 0.436577 0.439908 0.446314 0.451893 0.457496 0.462632 0.470217 0.473246 0.479628 0.485614 0.490662 0.495908 0.502682 0.508421 0.514135 0.517135 0.523325 0.529593 0.532659 0.536883 0.544199 0.548253 0.552391 0.556998 0.560460 0.564134 0.570864 0.574992 0.581017 0.586768 0.590792 0.596191 0.601038 0.604576 0.608895 0.613557 0.617551 0.622702 0.627513 0.631837 0.637425 0.641522 0.646424 0.650845 0.655429 0.659348 0.663924 0.667804 0.672443 0.676221 0.680526 0.684939 0.689275 0.693394 0.697053 0.701469 0.706169 0.710790 0.714719 0.718322 0.722111 0.726331 0.730376 0.734499 0.738552 0.742429 0.746151 0.750375 0.753608 0.757970 0.761547 0.764998 0.768319 0.771634 0.775199 0.778531 0.781977 0.785279 0.788762 0.792060 0.795260 0.798677 0.801752 0.804816 0.807494 0.811296 0.814555 0.817734 0.820592 0.823910 0.826244 0.829709 0.832705 0.835347 0.838027 0.840708 0.843773 0.845698 0.848706 0.851515 0.853041 0.856089 0.858442 0.861690 0.864332 0.866500 0.868430 0.871338 0.873625 0.875843 0.878268 0.880575 0.883402 0.885746 0.888048 0.890032 0.892160 0.894357 0.897156 0.899045 0.901359 0.903625 0.906415 0.908387 0.911139 0.913697 0.916370 0.918963 0.921234 0.923305 0.925537 0.926114 0.926647 0.928349 0.930118 0.932400 0.934802 0.936008 0.935980 0.936983 0.938980 0.940954 0.943076 0.944244 0.945553 0.947731 0.951571 0.954967 0.957556 0.958715 0.963011 0.967343 0.968606 0.974414 0.974790 0.973195 0.978191 0.985040 0.986159 0.986057 0.985359 0.990196 0.990534 0.993952))
(time 0)
(channel green)
(curve
       (curve-type free)
       (n-points 17)
       (points 34 -1.0 -1.0 -1.0 -1.0 -1.0 -1.0 -1.0 -1.0 -1.0 -1.0 -1.0 -1.0 -1.0 -1.0 -1.0 -1.0 -1.0 -1.0 -1.0 -1.0 -1.0 -1.0 -1.0 -1.0 -1.0 -1.0 -1.0 -1.0 -1.0 -1.0 -1.0 -1.0 -1.0 -1.0)
       (n-samples 256)
       (samples 256 0.027606 0.029082 0.030597 0.032432 0.033608 0.035127 0.036702 0.038797 0.040659 0.042291 0.044110 0.046198 0.048165 0.050436 0.052575 0.054800 0.056947 0.059718 0.062136 0.064693 0.067088 0.070490 0.073051 0.076083 0.078707 0.082032 0.085390 0.088222 0.091675 0.095291 0.098998 0.102114 0.105172 0.109792 0.113966 0.117228 0.121424 0.125247 0.128613 0.134154 0.137840 0.141763 0.144945 0.149873 0.154887 0.159393 0.163688 0.168562 0.172901 0.178461 0.182721 0.188591 0.191321 0.197007 0.202110 0.206546 0.212910 0.216790 0.223414 0.227883 0.232560 0.239830 0.243910 0.249081 0.254479 0.259695 0.264600 0.271000 0.275024 0.281739 0.285948 0.293356 0.298554 0.305216 0.308951 0.315856 0.320488 0.326708 0.332488 0.338975 0.343577 0.350519 0.357436 0.361778 0.366653 0.373820 0.379134 0.385259 0.391196 0.396438 0.402050 0.409711 0.416684 0.421002 0.427706 0.432586 0.439093 0.444668 0.450637 0.455310 0.460715 0.466935 0.471660 0.478230 0.482773 0.488889 0.494095 0.498397 0.504469 0.508825 0.514209 0.520061 0.524920 0.530514 0.536193 0.540212 0.544761 0.550026 0.555629 0.561592 0.565425 0.570891 0.576533 0.580374 0.585790 0.590084 0.594724 0.599308 0.604158 0.608966 0.612647 0.616399 0.621102 0.626217 0.630875 0.635515 0.639235 0.643562 0.647248 0.651336 0.655314 0.659344 0.663107 0.666417 0.670567 0.674299 0.678329 0.682400 0.686498 0.690508 0.694363 0.698367 0.702335 0.706287 0.709785 0.713654 0.717254 0.720704 0.724556 0.728287 0.732401 0.735774 0.739365 0.743189 0.746420 0.750276 0.754180 0.757229 0.760603 0.764355 0.767634 0.771315 0.774987 0.778324 0.782216 0.785256 0.788679 0.791588 0.794527 0.797802 0.800482 0.803723 0.806755 0.809534 0.812545 0.815634 0.818015 0.821502 0.824045 0.826861 0.829544 0.832609 0.834947 0.837589 0.840722 0.843057 0.846100 0.848491 0.850719 0.852964 0.855826 0.857890 0.860281 0.862491 0.865332 0.868406 0.871125 0.874128 0.876392 0.879010 0.881405 0.882836 0.884840 0.887894 0.890831 0.893143 0.895945 0.898138 0.900447 0.901794 0.903699 0.905692 0.908704 0.911374 0.914494 0.915870 0.916886 0.917880 0.919793 0.921700 0.924115 0.926389 0.928620 0.930228 0.932346 0.934568 0.936868 0.939197 0.941495 0.943694 0.945241 0.947738 0.950888 0.953855 0.954677 0.959409 0.959718 0.957647 0.964065 0.969268 0.975070 0.974571 0.976545 0.977067 0.980915 0.986906))
(time 0)
(channel blue)
(curve
       (curve-type free)
       (n-points 17)
       (points 34 -1.0 -1.0 -1.0 -1.0 -1.0 -1.0 -1.0 -1.0 -1.0 -1.0 -1.0 -1.0 -1.0 -1.0 -1.0 -1.0 -1.0 -1.0 -1.0 -1.0 -1.0 -1.0 -1.0 -1.0 -1.0 -1.0 -1.0 -1.0 -1.0 -1.0 -1.0 -1.0 -1.0 -1.0)
       (n-samples 256)
       (samples 256 0.043684 0.041251 0.042256 0.044234 0.046672 0.048625 0.051557 0.052911 0.055565 0.057844 0.060377 0.063456 0.066005 0.069029 0.072322 0.074986 0.078306 0.081707 0.083850 0.088818 0.090249 0.094631 0.097598 0.101008 0.105169 0.108209 0.113920 0.116411 0.119750 0.125186 0.129407 0.134114 0.135829 0.141673 0.142691 0.148567 0.154750 0.157480 0.160208 0.163980 0.166443 0.170053 0.173682 0.176406 0.181199 0.183426 0.188936 0.194147 0.198502 0.202827 0.207964 0.211725 0.215994 0.221444 0.223621 0.229427 0.233611 0.238355 0.242563 0.245303 0.251227 0.256482 0.258827 0.266506 0.271510 0.273012 0.281099 0.287471 0.290138 0.296217 0.302010 0.308102 0.311640 0.315940 0.321212 0.327782 0.332408 0.338881 0.339666 0.346983 0.354904 0.356538 0.363886 0.367764 0.372393 0.377865 0.384363 0.388699 0.395359 0.401573 0.409610 0.412816 0.419753 0.424858 0.431435 0.437298 0.444192 0.450552 0.456907 0.462113 0.468810 0.473690 0.478754 0.484549 0.490439 0.494085 0.498949 0.502060 0.508518 0.514499 0.517576 0.522428 0.529233 0.533848 0.538999 0.543278 0.547480 0.551360 0.556429 0.560778 0.564789 0.570012 0.574767 0.579359 0.585472 0.589938 0.594466 0.598742 0.603760 0.606911 0.610831 0.614715 0.620069 0.623365 0.627180 0.631565 0.635668 0.639111 0.643593 0.648046 0.652186 0.656204 0.659905 0.663457 0.666944 0.670120 0.673395 0.677290 0.680647 0.684929 0.688195 0.692106 0.695375 0.698922 0.701771 0.705184 0.708529 0.711987 0.715522 0.718621 0.721851 0.725008 0.728714 0.731497 0.734897 0.737680 0.741386 0.744475 0.748037 0.751301 0.753668 0.756485 0.760455 0.763178 0.766531 0.769449 0.772490 0.775134 0.778785 0.782022 0.784909 0.788098 0.790932 0.794106 0.796371 0.799194 0.802510 0.805578 0.808838 0.811755 0.814540 0.817338 0.819767 0.822664 0.824613 0.826980 0.829412 0.831734 0.833988 0.836525 0.838803 0.841969 0.844490 0.847427 0.850617 0.854068 0.856809 0.859644 0.862660 0.865337 0.868312 0.870664 0.872915 0.875675 0.878250 0.880652 0.883165 0.885806 0.889122 0.891997 0.894672 0.897716 0.899785 0.902049 0.904711 0.906693 0.908615 0.911240 0.914049 0.916649 0.918800 0.920404 0.922460 0.924592 0.926976 0.929684 0.932327 0.934837 0.937145 0.939283 0.941000 0.943043 0.945425 0.948162 0.951348 0.953601 0.955314 0.957165 0.957814 0.959643 0.961615 0.964023 0.966053 0.969592 0.967947 0.976069))
(time 0)
(channel alpha)
(curve
       (curve-type free)
       (n-points 17)
       (points 34 -1.0 -1.0 -1.0 -1.0 -1.0 -1.0 -1.0 -1.0 -1.0 -1.0 -1.0 -1.0 -1.0 -1.0 -1.0 -1.0 -1.0 -1.0 -1.0 -1.0 -1.0 -1.0 -1.0 -1.0 -1.0 -1.0 -1.0 -1.0 -1.0 -1.0 -1.0 -1.0 -1.0 -1.0)
       (n-samples 256)
       (samples 256 0.000000 0.003922 0.007843 0.011765 0.015686 0.019608 0.023529 0.027451 0.031373 0.035294 0.039216 0.043137 0.047059 0.050980 0.054902 0.058824 0.062745 0.066667 0.070588 0.074510 0.078431 0.082353 0.086275 0.090196 0.094118 0.098039 0.101961 0.105882 0.109804 0.113725 0.117647 0.121569 0.125490 0.129412 0.133333 0.137255 0.141176 0.145098 0.149020 0.152941 0.156863 0.160784 0.164706 0.168627 0.172549 0.176471 0.180392 0.184314 0.188235 0.192157 0.196078 0.200000 0.203922 0.207843 0.211765 0.215686 0.219608 0.223529 0.227451 0.231373 0.235294 0.239216 0.243137 0.247059 0.250980 0.254902 0.258824 0.262745 0.266667 0.270588 0.274510 0.278431 0.282353 0.286275 0.290196 0.294118 0.298039 0.301961 0.305882 0.309804 0.313725 0.317647 0.321569 0.325490 0.329412 0.333333 0.337255 0.341176 0.345098 0.349020 0.352941 0.356863 0.360784 0.364706 0.368627 0.372549 0.376471 0.380392 0.384314 0.388235 0.392157 0.396078 0.400000 0.403922 0.407843 0.411765 0.415686 0.419608 0.423529 0.427451 0.431373 0.435294 0.439216 0.443137 0.447059 0.450980 0.454902 0.458824 0.462745 0.466667 0.470588 0.474510 0.478431 0.482353 0.486275 0.490196 0.494118 0.498039 0.501961 0.505882 0.509804 0.513725 0.517647 0.521569 0.525490 0.529412 0.533333 0.537255 0.541176 0.545098 0.549020 0.552941 0.556863 0.560784 0.564706 0.568627 0.572549 0.576471 0.580392 0.584314 0.588235 0.592157 0.596078 0.600000 0.603922 0.607843 0.611765 0.615686 0.619608 0.623529 0.627451 0.631373 0.635294 0.639216 0.643137 0.647059 0.650980 0.654902 0.658824 0.662745 0.666667 0.670588 0.674510 0.678431 0.682353 0.686275 0.690196 0.694118 0.698039 0.701961 0.705882 0.709804 0.713725 0.717647 0.721569 0.725490 0.729412 0.733333 0.737255 0.741176 0.745098 0.749020 0.752941 0.756863 0.760784 0.764706 0.768627 0.772549 0.776471 0.780392 0.784314 0.788235 0.792157 0.796078 0.800000 0.803922 0.807843 0.811765 0.815686 0.819608 0.823529 0.827451 0.831373 0.835294 0.839216 0.843137 0.847059 0.850980 0.854902 0.858824 0.862745 0.866667 0.870588 0.874510 0.878431 0.882353 0.886275 0.890196 0.894118 0.898039 0.901961 0.905882 0.909804 0.913725 0.917647 0.921569 0.925490 0.929412 0.933333 0.937255 0.941176 0.945098 0.949020 0.952941 0.956863 0.960784 0.964706 0.968627 0.972549 0.976471 0.980392 0.984314 0.988235 0.992157 0.996078 1.000000))
# end of curves tool settings
