# GIMP curves tool settings

(time 0)
(channel value)
(curve
       (curve-type free)
       (n-points 17)
       (points 34 -1.0 -1.0 -1.0 -1.0 -1.0 -1.0 -1.0 -1.0 -1.0 -1.0 -1.0 -1.0 -1.0 -1.0 -1.0 -1.0 -1.0 -1.0 -1.0 -1.0 -1.0 -1.0 -1.0 -1.0 -1.0 -1.0 -1.0 -1.0 -1.0 -1.0 -1.0 -1.0 -1.0 -1.0)
       (n-samples 256)
       (samples 256 0.000000 0.003922 0.007843 0.011765 0.015686 0.019608 0.023529 0.027451 0.031373 0.035294 0.039216 0.043137 0.047059 0.050980 0.054902 0.058824 0.062745 0.066667 0.070588 0.074510 0.078431 0.082353 0.086275 0.090196 0.094118 0.098039 0.101961 0.105882 0.109804 0.113725 0.117647 0.121569 0.125490 0.129412 0.133333 0.137255 0.141176 0.145098 0.149020 0.152941 0.156863 0.160784 0.164706 0.168627 0.172549 0.176471 0.180392 0.184314 0.188235 0.192157 0.196078 0.200000 0.203922 0.207843 0.211765 0.215686 0.219608 0.223529 0.227451 0.231373 0.235294 0.239216 0.243137 0.247059 0.250980 0.254902 0.258824 0.262745 0.266667 0.270588 0.274510 0.278431 0.282353 0.286275 0.290196 0.294118 0.298039 0.301961 0.305882 0.309804 0.313725 0.317647 0.321569 0.325490 0.329412 0.333333 0.337255 0.341176 0.345098 0.349020 0.352941 0.356863 0.360784 0.364706 0.368627 0.372549 0.376471 0.380392 0.384314 0.388235 0.392157 0.396078 0.400000 0.403922 0.407843 0.411765 0.415686 0.419608 0.423529 0.427451 0.431373 0.435294 0.439216 0.443137 0.447059 0.450980 0.454902 0.458824 0.462745 0.466667 0.470588 0.474510 0.478431 0.482353 0.486275 0.490196 0.494118 0.498039 0.501961 0.505882 0.509804 0.513725 0.517647 0.521569 0.525490 0.529412 0.533333 0.537255 0.541176 0.545098 0.549020 0.552941 0.556863 0.560784 0.564706 0.568627 0.572549 0.576471 0.580392 0.584314 0.588235 0.592157 0.596078 0.600000 0.603922 0.607843 0.611765 0.615686 0.619608 0.623529 0.627451 0.631373 0.635294 0.639216 0.643137 0.647059 0.650980 0.654902 0.658824 0.662745 0.666667 0.670588 0.674510 0.678431 0.682353 0.686275 0.690196 0.694118 0.698039 0.701961 0.705882 0.709804 0.713725 0.717647 0.721569 0.725490 0.729412 0.733333 0.737255 0.741176 0.745098 0.749020 0.752941 0.756863 0.760784 0.764706 0.768627 0.772549 0.776471 0.780392 0.784314 0.788235 0.792157 0.796078 0.800000 0.803922 0.807843 0.811765 0.815686 0.819608 0.823529 0.827451 0.831373 0.835294 0.839216 0.843137 0.847059 0.850980 0.854902 0.858824 0.862745 0.866667 0.870588 0.874510 0.878431 0.882353 0.886275 0.890196 0.894118 0.898039 0.901961 0.905882 0.909804 0.913725 0.917647 0.921569 0.925490 0.929412 0.933333 0.937255 0.941176 0.945098 0.949020 0.952941 0.956863 0.960784 0.964706 0.968627 0.972549 0.976471 0.980392 0.984314 0.988235 0.992157 0.996078 1.000000))
(time 0)
(channel red)
(curve
       (curve-type free)
       (n-points 17)
       (points 34 -1.0 -1.0 -1.0 -1.0 -1.0 -1.0 -1.0 -1.0 -1.0 -1.0 -1.0 -1.0 -1.0 -1.0 -1.0 -1.0 -1.0 -1.0 -1.0 -1.0 -1.0 -1.0 -1.0 -1.0 -1.0 -1.0 -1.0 -1.0 -1.0 -1.0 -1.0 -1.0 -1.0 -1.0)
       (n-samples 256)
       (samples 256 0.027705 0.053653 0.035621 0.045425 0.014379 0.019441 0.026294 0.028738 0.036887 0.038417 0.040056 0.040424 0.040222 0.042256 0.043274 0.045286 0.046266 0.046685 0.049119 0.050002 0.051853 0.052679 0.054091 0.056672 0.057329 0.058839 0.060060 0.061034 0.062937 0.064822 0.065799 0.068669 0.070408 0.071708 0.073851 0.075084 0.076115 0.078528 0.080652 0.082871 0.085084 0.087305 0.089630 0.091863 0.094572 0.096865 0.099610 0.102505 0.105004 0.108228 0.111663 0.115183 0.118571 0.122553 0.126135 0.129395 0.133342 0.137786 0.141784 0.146681 0.151091 0.155706 0.159792 0.163900 0.168370 0.174014 0.179033 0.183116 0.187935 0.192767 0.198084 0.203589 0.208930 0.214077 0.219590 0.225803 0.231511 0.237973 0.244435 0.250677 0.256718 0.262285 0.269044 0.274273 0.280225 0.286330 0.292273 0.299263 0.305143 0.311501 0.318316 0.324826 0.331034 0.337589 0.343208 0.350047 0.357248 0.364008 0.371869 0.378415 0.385539 0.393626 0.401648 0.408446 0.416078 0.422685 0.430526 0.437244 0.443877 0.449316 0.454382 0.459486 0.467466 0.475146 0.482134 0.488288 0.495553 0.502568 0.509841 0.515713 0.521498 0.528337 0.534516 0.539154 0.545177 0.552466 0.559705 0.566660 0.572154 0.578572 0.584407 0.590660 0.597150 0.603193 0.608205 0.614836 0.619551 0.625630 0.630058 0.635161 0.639848 0.645180 0.649808 0.654815 0.658828 0.662901 0.667685 0.670342 0.674995 0.678279 0.683160 0.686928 0.691034 0.695577 0.699132 0.703414 0.707831 0.711564 0.715303 0.719678 0.723338 0.726779 0.730207 0.733588 0.737792 0.741455 0.743954 0.748025 0.751197 0.754726 0.757593 0.760198 0.763617 0.766619 0.769665 0.772733 0.775198 0.777102 0.780044 0.782928 0.784758 0.787010 0.789269 0.789753 0.793871 0.794362 0.799984 0.801984 0.803624 0.807128 0.808115 0.811978 0.814353 0.817508 0.821706 0.824337 0.827159 0.829266 0.830645 0.831736 0.832265 0.831741 0.832276 0.834317 0.836806 0.836386 0.839961 0.842567 0.844426 0.848625 0.848112 0.851036 0.852249 0.851898 0.858510 0.859254 0.861483 0.861675 0.867767 0.872370 0.873598 0.877156 0.878966 0.883578 0.889202 0.890979 0.894330 0.896261 0.897480 0.899304 0.900604 0.902402 0.904830 0.909671 0.916669 0.915340 0.930269 0.936138 0.937924 0.940304 0.941996 0.942170 0.941410 0.940056 0.935686 0.925490 0.925490 0.929412 0.929412 0.917647 0.917647 0.917647 0.917647 0.917647 0.917647 0.917647))
(time 0)
(channel green)
(curve
       (curve-type free)
       (n-points 17)
       (points 34 -1.0 -1.0 -1.0 -1.0 -1.0 -1.0 -1.0 -1.0 -1.0 -1.0 -1.0 -1.0 -1.0 -1.0 -1.0 -1.0 -1.0 -1.0 -1.0 -1.0 -1.0 -1.0 -1.0 -1.0 -1.0 -1.0 -1.0 -1.0 -1.0 -1.0 -1.0 -1.0 -1.0 -1.0)
       (n-samples 256)
       (samples 256 0.049755 0.050980 0.056863 0.064884 0.055338 0.054454 0.056978 0.055473 0.056214 0.057280 0.057618 0.059753 0.061334 0.062376 0.063869 0.065419 0.068177 0.069606 0.070785 0.072112 0.074287 0.076127 0.077904 0.079229 0.080662 0.082410 0.084751 0.087069 0.089132 0.092039 0.093875 0.096175 0.098758 0.101659 0.104793 0.107037 0.109262 0.112050 0.114778 0.117966 0.121222 0.123945 0.127234 0.130538 0.133458 0.137287 0.140612 0.144148 0.148020 0.152051 0.155885 0.159510 0.163349 0.167301 0.171512 0.176090 0.180303 0.184805 0.188678 0.193156 0.197981 0.202862 0.208134 0.213589 0.219097 0.224345 0.229948 0.235297 0.241351 0.247019 0.252915 0.258247 0.263772 0.269106 0.274848 0.280964 0.286873 0.292940 0.298899 0.305453 0.311372 0.317331 0.324077 0.330593 0.336530 0.342769 0.348847 0.355675 0.361778 0.367884 0.374013 0.380282 0.386770 0.393057 0.399347 0.406103 0.412858 0.418376 0.424915 0.429673 0.435954 0.440916 0.446535 0.452384 0.456922 0.462648 0.467788 0.472805 0.479088 0.485043 0.489691 0.494179 0.500081 0.505566 0.511290 0.515558 0.521138 0.525605 0.530335 0.536182 0.540624 0.545757 0.551000 0.555592 0.560574 0.564985 0.569616 0.573700 0.578004 0.582922 0.586952 0.591520 0.596030 0.600305 0.604298 0.608187 0.612548 0.616404 0.620752 0.624851 0.628920 0.632808 0.636535 0.640596 0.644104 0.648609 0.652640 0.656227 0.660338 0.663961 0.667838 0.671585 0.675082 0.678874 0.682608 0.686430 0.690934 0.694165 0.697671 0.701739 0.705253 0.708863 0.712415 0.715974 0.720057 0.722773 0.726566 0.729712 0.733195 0.736034 0.739466 0.742655 0.745736 0.749178 0.752062 0.754421 0.757602 0.761095 0.764074 0.766551 0.769234 0.771400 0.774542 0.778097 0.780935 0.783582 0.786252 0.786585 0.788134 0.791801 0.793456 0.796204 0.799779 0.804539 0.807126 0.810637 0.813735 0.816673 0.819043 0.821566 0.824359 0.826616 0.828772 0.830215 0.833044 0.834441 0.836573 0.838078 0.840073 0.842770 0.844734 0.847683 0.848946 0.853030 0.856765 0.858195 0.860586 0.862364 0.864502 0.865855 0.866194 0.867570 0.869512 0.873632 0.876323 0.877893 0.881322 0.883713 0.886905 0.889821 0.892358 0.895311 0.899138 0.903119 0.906130 0.910759 0.913119 0.917385 0.920575 0.923145 0.925756 0.924786 0.896078 0.896078 0.896078 0.938235 0.923529 0.935294 0.935294 0.935294 0.935294 0.935294 0.935294 0.945098 0.945098 0.945098))
(time 0)
(channel blue)
(curve
       (curve-type free)
       (n-points 17)
       (points 34 -1.0 -1.0 -1.0 -1.0 -1.0 -1.0 -1.0 -1.0 -1.0 -1.0 -1.0 -1.0 -1.0 -1.0 -1.0 -1.0 -1.0 -1.0 -1.0 -1.0 -1.0 -1.0 -1.0 -1.0 -1.0 -1.0 -1.0 -1.0 -1.0 -1.0 -1.0 -1.0 -1.0 -1.0)
       (n-samples 256)
       (samples 256 0.052912 0.057703 0.049123 0.060475 0.065720 0.060624 0.060058 0.060185 0.060466 0.060353 0.061749 0.062415 0.064374 0.066341 0.067915 0.070160 0.071470 0.072919 0.074388 0.076079 0.078513 0.080347 0.082814 0.084528 0.086211 0.088075 0.090093 0.092261 0.094409 0.096536 0.099487 0.101831 0.104303 0.107051 0.109528 0.112806 0.115259 0.117934 0.120894 0.123704 0.126590 0.129475 0.132426 0.135335 0.138272 0.141651 0.145056 0.148571 0.152294 0.155649 0.159064 0.162169 0.165595 0.169458 0.173936 0.178500 0.183061 0.187289 0.191053 0.195940 0.200336 0.205483 0.210447 0.215126 0.220342 0.224823 0.229384 0.233359 0.238038 0.243497 0.248935 0.254470 0.260550 0.266933 0.272002 0.277223 0.282105 0.287984 0.294277 0.300343 0.307016 0.312841 0.318255 0.324284 0.329584 0.335309 0.341575 0.346730 0.353190 0.359017 0.364755 0.370457 0.376683 0.382674 0.388871 0.395051 0.400545 0.407124 0.413610 0.419341 0.425146 0.431387 0.437658 0.443543 0.448183 0.453233 0.458969 0.464533 0.470202 0.475467 0.481224 0.486224 0.492803 0.497524 0.502607 0.507799 0.513328 0.518255 0.522961 0.527796 0.533075 0.538162 0.543267 0.547051 0.551698 0.556420 0.560125 0.566242 0.571482 0.575213 0.580504 0.584289 0.589275 0.593081 0.598415 0.602432 0.607231 0.611021 0.615103 0.619164 0.622872 0.627475 0.631250 0.635057 0.639441 0.642578 0.646684 0.650959 0.654937 0.659135 0.662657 0.665918 0.669976 0.673455 0.676430 0.680775 0.684866 0.689886 0.695300 0.699160 0.702864 0.706847 0.709708 0.713133 0.717007 0.720456 0.724286 0.726773 0.730128 0.733797 0.736868 0.740826 0.743793 0.747768 0.751182 0.754901 0.758146 0.761529 0.764736 0.767732 0.770854 0.773669 0.777229 0.780399 0.782807 0.786112 0.788870 0.792357 0.794600 0.797428 0.800429 0.802531 0.804966 0.807202 0.810017 0.811845 0.814862 0.817869 0.820122 0.822172 0.825385 0.827627 0.829751 0.831935 0.835032 0.837293 0.840348 0.843043 0.845088 0.847534 0.849585 0.851777 0.854092 0.855868 0.857864 0.859540 0.861619 0.864200 0.866031 0.868385 0.870319 0.873137 0.875235 0.877786 0.880723 0.882716 0.886193 0.887819 0.889129 0.891147 0.893149 0.894789 0.897760 0.900136 0.903055 0.906781 0.909016 0.911500 0.914088 0.916719 0.919118 0.922599 0.924221 0.927833 0.930967 0.933663 0.936826 0.936433 0.935294 0.949020 0.942484 0.901961 0.960784 0.967320 0.941176 0.957298))
(time 0)
(channel alpha)
(curve
       (curve-type free)
       (n-points 17)
       (points 34 -1.0 -1.0 -1.0 -1.0 -1.0 -1.0 -1.0 -1.0 -1.0 -1.0 -1.0 -1.0 -1.0 -1.0 -1.0 -1.0 -1.0 -1.0 -1.0 -1.0 -1.0 -1.0 -1.0 -1.0 -1.0 -1.0 -1.0 -1.0 -1.0 -1.0 -1.0 -1.0 -1.0 -1.0)
       (n-samples 256)
       (samples 256 0.000000 0.003922 0.007843 0.011765 0.015686 0.019608 0.023529 0.027451 0.031373 0.035294 0.039216 0.043137 0.047059 0.050980 0.054902 0.058824 0.062745 0.066667 0.070588 0.074510 0.078431 0.082353 0.086275 0.090196 0.094118 0.098039 0.101961 0.105882 0.109804 0.113725 0.117647 0.121569 0.125490 0.129412 0.133333 0.137255 0.141176 0.145098 0.149020 0.152941 0.156863 0.160784 0.164706 0.168627 0.172549 0.176471 0.180392 0.184314 0.188235 0.192157 0.196078 0.200000 0.203922 0.207843 0.211765 0.215686 0.219608 0.223529 0.227451 0.231373 0.235294 0.239216 0.243137 0.247059 0.250980 0.254902 0.258824 0.262745 0.266667 0.270588 0.274510 0.278431 0.282353 0.286275 0.290196 0.294118 0.298039 0.301961 0.305882 0.309804 0.313725 0.317647 0.321569 0.325490 0.329412 0.333333 0.337255 0.341176 0.345098 0.349020 0.352941 0.356863 0.360784 0.364706 0.368627 0.372549 0.376471 0.380392 0.384314 0.388235 0.392157 0.396078 0.400000 0.403922 0.407843 0.411765 0.415686 0.419608 0.423529 0.427451 0.431373 0.435294 0.439216 0.443137 0.447059 0.450980 0.454902 0.458824 0.462745 0.466667 0.470588 0.474510 0.478431 0.482353 0.486275 0.490196 0.494118 0.498039 0.501961 0.505882 0.509804 0.513725 0.517647 0.521569 0.525490 0.529412 0.533333 0.537255 0.541176 0.545098 0.549020 0.552941 0.556863 0.560784 0.564706 0.568627 0.572549 0.576471 0.580392 0.584314 0.588235 0.592157 0.596078 0.600000 0.603922 0.607843 0.611765 0.615686 0.619608 0.623529 0.627451 0.631373 0.635294 0.639216 0.643137 0.647059 0.650980 0.654902 0.658824 0.662745 0.666667 0.670588 0.674510 0.678431 0.682353 0.686275 0.690196 0.694118 0.698039 0.701961 0.705882 0.709804 0.713725 0.717647 0.721569 0.725490 0.729412 0.733333 0.737255 0.741176 0.745098 0.749020 0.752941 0.756863 0.760784 0.764706 0.768627 0.772549 0.776471 0.780392 0.784314 0.788235 0.792157 0.796078 0.800000 0.803922 0.807843 0.811765 0.815686 0.819608 0.823529 0.827451 0.831373 0.835294 0.839216 0.843137 0.847059 0.850980 0.854902 0.858824 0.862745 0.866667 0.870588 0.874510 0.878431 0.882353 0.886275 0.890196 0.894118 0.898039 0.901961 0.905882 0.909804 0.913725 0.917647 0.921569 0.925490 0.929412 0.933333 0.937255 0.941176 0.945098 0.949020 0.952941 0.956863 0.960784 0.964706 0.968627 0.972549 0.976471 0.980392 0.984314 0.988235 0.992157 0.996078 1.000000))
# end of curves tool settings
