# GIMP curves tool settings

(time 0)
(channel value)
(curve
       (curve-type free)
       (n-points 17)
       (points 34 -1.0 -1.0 -1.0 -1.0 -1.0 -1.0 -1.0 -1.0 -1.0 -1.0 -1.0 -1.0 -1.0 -1.0 -1.0 -1.0 -1.0 -1.0 -1.0 -1.0 -1.0 -1.0 -1.0 -1.0 -1.0 -1.0 -1.0 -1.0 -1.0 -1.0 -1.0 -1.0 -1.0 -1.0)
       (n-samples 256)
       (samples 256 0.000000 0.003922 0.007843 0.011765 0.015686 0.019608 0.023529 0.027451 0.031373 0.035294 0.039216 0.043137 0.047059 0.050980 0.054902 0.058824 0.062745 0.066667 0.070588 0.074510 0.078431 0.082353 0.086275 0.090196 0.094118 0.098039 0.101961 0.105882 0.109804 0.113725 0.117647 0.121569 0.125490 0.129412 0.133333 0.137255 0.141176 0.145098 0.149020 0.152941 0.156863 0.160784 0.164706 0.168627 0.172549 0.176471 0.180392 0.184314 0.188235 0.192157 0.196078 0.200000 0.203922 0.207843 0.211765 0.215686 0.219608 0.223529 0.227451 0.231373 0.235294 0.239216 0.243137 0.247059 0.250980 0.254902 0.258824 0.262745 0.266667 0.270588 0.274510 0.278431 0.282353 0.286275 0.290196 0.294118 0.298039 0.301961 0.305882 0.309804 0.313725 0.317647 0.321569 0.325490 0.329412 0.333333 0.337255 0.341176 0.345098 0.349020 0.352941 0.356863 0.360784 0.364706 0.368627 0.372549 0.376471 0.380392 0.384314 0.388235 0.392157 0.396078 0.400000 0.403922 0.407843 0.411765 0.415686 0.419608 0.423529 0.427451 0.431373 0.435294 0.439216 0.443137 0.447059 0.450980 0.454902 0.458824 0.462745 0.466667 0.470588 0.474510 0.478431 0.482353 0.486275 0.490196 0.494118 0.498039 0.501961 0.505882 0.509804 0.513725 0.517647 0.521569 0.525490 0.529412 0.533333 0.537255 0.541176 0.545098 0.549020 0.552941 0.556863 0.560784 0.564706 0.568627 0.572549 0.576471 0.580392 0.584314 0.588235 0.592157 0.596078 0.600000 0.603922 0.607843 0.611765 0.615686 0.619608 0.623529 0.627451 0.631373 0.635294 0.639216 0.643137 0.647059 0.650980 0.654902 0.658824 0.662745 0.666667 0.670588 0.674510 0.678431 0.682353 0.686275 0.690196 0.694118 0.698039 0.701961 0.705882 0.709804 0.713725 0.717647 0.721569 0.725490 0.729412 0.733333 0.737255 0.741176 0.745098 0.749020 0.752941 0.756863 0.760784 0.764706 0.768627 0.772549 0.776471 0.780392 0.784314 0.788235 0.792157 0.796078 0.800000 0.803922 0.807843 0.811765 0.815686 0.819608 0.823529 0.827451 0.831373 0.835294 0.839216 0.843137 0.847059 0.850980 0.854902 0.858824 0.862745 0.866667 0.870588 0.874510 0.878431 0.882353 0.886275 0.890196 0.894118 0.898039 0.901961 0.905882 0.909804 0.913725 0.917647 0.921569 0.925490 0.929412 0.933333 0.937255 0.941176 0.945098 0.949020 0.952941 0.956863 0.960784 0.964706 0.968627 0.972549 0.976471 0.980392 0.984314 0.988235 0.992157 0.996078 1.000000))
(time 0)
(channel red)
(curve
       (curve-type free)
       (n-points 17)
       (points 34 -1.0 -1.0 -1.0 -1.0 -1.0 -1.0 -1.0 -1.0 -1.0 -1.0 -1.0 -1.0 -1.0 -1.0 -1.0 -1.0 -1.0 -1.0 -1.0 -1.0 -1.0 -1.0 -1.0 -1.0 -1.0 -1.0 -1.0 -1.0 -1.0 -1.0 -1.0 -1.0 -1.0 -1.0)
       (n-samples 256)
       (samples 256 0.003922 0.006536 0.000000 0.017195 0.026625 0.029953 0.030658 0.031827 0.032663 0.033291 0.035177 0.036755 0.039069 0.041858 0.043224 0.044732 0.046344 0.048748 0.051014 0.053105 0.054155 0.056364 0.058334 0.060322 0.062675 0.064691 0.067560 0.070334 0.072595 0.075579 0.078853 0.082726 0.085795 0.088474 0.092138 0.095268 0.098608 0.102377 0.106101 0.109183 0.113270 0.117073 0.120858 0.124914 0.128753 0.132521 0.136411 0.140645 0.144595 0.149092 0.153675 0.158678 0.163602 0.169430 0.175038 0.179419 0.184378 0.188938 0.194255 0.199613 0.205129 0.210170 0.215745 0.221265 0.227607 0.233325 0.239360 0.245867 0.251969 0.257574 0.262906 0.270084 0.275797 0.282828 0.290389 0.297108 0.303958 0.310945 0.318571 0.324700 0.332544 0.338950 0.346536 0.353171 0.360593 0.366290 0.373462 0.380519 0.386486 0.393470 0.399610 0.408015 0.415825 0.424089 0.432706 0.441474 0.450912 0.457912 0.465354 0.474367 0.480186 0.487217 0.491800 0.497102 0.503628 0.510027 0.516527 0.522220 0.529116 0.536370 0.543457 0.550522 0.558306 0.565510 0.571917 0.576492 0.581217 0.586225 0.591848 0.596699 0.602655 0.608568 0.613007 0.617065 0.623197 0.626821 0.631134 0.634809 0.640136 0.643654 0.647912 0.653625 0.657115 0.660771 0.665987 0.669208 0.673412 0.677314 0.679999 0.684468 0.688426 0.692815 0.696140 0.701675 0.704866 0.707605 0.712085 0.715662 0.719089 0.723849 0.726658 0.729967 0.734569 0.737191 0.740471 0.742741 0.746276 0.748268 0.749958 0.753146 0.755263 0.758831 0.762781 0.764501 0.767707 0.770576 0.773937 0.774562 0.779108 0.781746 0.783126 0.785046 0.786633 0.790680 0.792806 0.795198 0.798855 0.802170 0.805636 0.807315 0.811005 0.812619 0.816639 0.818659 0.820419 0.823436 0.826704 0.829251 0.832660 0.835281 0.836901 0.840063 0.842853 0.846089 0.847872 0.850988 0.854218 0.856203 0.858772 0.861435 0.863821 0.865967 0.868786 0.870025 0.873503 0.875580 0.877935 0.880563 0.882263 0.884399 0.886450 0.889016 0.891146 0.893722 0.895987 0.897806 0.900061 0.901657 0.904264 0.905845 0.908041 0.909887 0.912179 0.914199 0.916364 0.918519 0.920774 0.922941 0.925459 0.927997 0.930073 0.932503 0.934735 0.937049 0.939294 0.941455 0.943767 0.945764 0.948001 0.950099 0.952125 0.954608 0.956698 0.958632 0.960761 0.963025 0.965631 0.967788 0.970301 0.973846 0.976479 0.979245 0.982100 0.984504 0.988431 0.989806))
(time 0)
(channel green)
(curve
       (curve-type free)
       (n-points 17)
       (points 34 -1.0 -1.0 -1.0 -1.0 -1.0 -1.0 -1.0 -1.0 -1.0 -1.0 -1.0 -1.0 -1.0 -1.0 -1.0 -1.0 -1.0 -1.0 -1.0 -1.0 -1.0 -1.0 -1.0 -1.0 -1.0 -1.0 -1.0 -1.0 -1.0 -1.0 -1.0 -1.0 -1.0 -1.0)
       (n-samples 256)
       (samples 256 0.031373 0.018627 0.036120 0.038048 0.038835 0.041067 0.043351 0.045662 0.047683 0.050073 0.052152 0.054635 0.057127 0.059560 0.061656 0.064168 0.066977 0.069642 0.073275 0.076556 0.079560 0.082822 0.086021 0.089240 0.092048 0.095307 0.098610 0.102812 0.106363 0.109311 0.112252 0.115614 0.118947 0.122753 0.126360 0.130387 0.134610 0.138178 0.141812 0.144948 0.148802 0.152005 0.155885 0.159447 0.164303 0.168131 0.171939 0.175803 0.179318 0.183544 0.187477 0.192271 0.197003 0.201948 0.206249 0.210692 0.215663 0.220670 0.225728 0.231013 0.235103 0.240435 0.245672 0.250626 0.255571 0.260703 0.265751 0.270399 0.276170 0.281891 0.287572 0.294167 0.299910 0.306123 0.311412 0.318240 0.324268 0.331948 0.337761 0.344203 0.349995 0.356604 0.361344 0.367877 0.374023 0.380157 0.387508 0.393181 0.399723 0.405633 0.413218 0.420963 0.428485 0.433656 0.440212 0.445337 0.450174 0.457093 0.461624 0.466081 0.470221 0.473981 0.480086 0.485814 0.489534 0.495302 0.498723 0.505986 0.510298 0.515255 0.519710 0.527029 0.532994 0.536416 0.541935 0.547026 0.551036 0.556134 0.560268 0.565423 0.569316 0.575782 0.579311 0.583325 0.588306 0.593894 0.596393 0.600696 0.604420 0.608410 0.612563 0.616296 0.619859 0.623999 0.628969 0.633472 0.637034 0.640393 0.645110 0.648726 0.652927 0.656456 0.661396 0.663554 0.667481 0.672017 0.674969 0.680445 0.683061 0.687905 0.692885 0.695499 0.699481 0.703498 0.706565 0.710203 0.713852 0.716429 0.719908 0.723023 0.725768 0.728531 0.731289 0.733250 0.736965 0.739091 0.741464 0.744332 0.747052 0.750760 0.751726 0.755795 0.758205 0.761042 0.764659 0.767763 0.770833 0.772184 0.775457 0.777636 0.780508 0.783496 0.786687 0.790301 0.792570 0.795688 0.800237 0.802345 0.806128 0.808661 0.812330 0.814124 0.816857 0.819948 0.822882 0.826784 0.828327 0.831673 0.833765 0.836763 0.839099 0.842230 0.844827 0.847310 0.849933 0.852345 0.854793 0.857169 0.859535 0.862544 0.866149 0.867984 0.871017 0.873344 0.875893 0.878540 0.881527 0.882968 0.885558 0.888015 0.890660 0.892505 0.895073 0.897167 0.899733 0.902051 0.904407 0.907321 0.909736 0.912785 0.915343 0.917646 0.920201 0.922891 0.925136 0.927656 0.929964 0.932678 0.935071 0.937521 0.939864 0.942186 0.944502 0.946820 0.949011 0.951455 0.953744 0.955952 0.958336 0.961040 0.964254 0.967380 0.971571 0.973837 0.976883 0.979218))
(time 0)
(channel blue)
(curve
       (curve-type free)
       (n-points 17)
       (points 34 -1.0 -1.0 -1.0 -1.0 -1.0 -1.0 -1.0 -1.0 -1.0 -1.0 -1.0 -1.0 -1.0 -1.0 -1.0 -1.0 -1.0 -1.0 -1.0 -1.0 -1.0 -1.0 -1.0 -1.0 -1.0 -1.0 -1.0 -1.0 -1.0 -1.0 -1.0 -1.0 -1.0 -1.0)
       (n-samples 256)
       (samples 256 0.031662 0.033229 0.036750 0.037946 0.039040 0.040852 0.043493 0.044827 0.046527 0.048589 0.050932 0.053565 0.055236 0.057020 0.059260 0.061905 0.064906 0.067947 0.070895 0.073765 0.076762 0.080404 0.083471 0.086859 0.090290 0.093783 0.096717 0.100027 0.102740 0.105414 0.107806 0.110632 0.113215 0.115706 0.118285 0.121503 0.124339 0.127025 0.129951 0.133193 0.136209 0.138793 0.142070 0.145440 0.148338 0.151270 0.154880 0.158160 0.162198 0.166211 0.169728 0.173146 0.177855 0.182050 0.187030 0.191739 0.196095 0.200048 0.204293 0.208740 0.213014 0.216010 0.219771 0.225523 0.229647 0.234811 0.240255 0.245039 0.251195 0.259432 0.266761 0.272805 0.279024 0.286912 0.294133 0.301699 0.308354 0.313710 0.321678 0.328774 0.337309 0.343456 0.349672 0.355982 0.361118 0.368125 0.374962 0.380877 0.387845 0.394677 0.400791 0.403633 0.413070 0.419045 0.425430 0.431551 0.435947 0.440579 0.444153 0.450135 0.453281 0.456932 0.461313 0.467713 0.471239 0.476563 0.482317 0.487060 0.493578 0.496699 0.501304 0.505269 0.510085 0.515261 0.519337 0.525301 0.530858 0.536214 0.541367 0.547998 0.551835 0.555290 0.558431 0.563966 0.567826 0.574915 0.577623 0.582473 0.588810 0.592134 0.594134 0.598870 0.604808 0.608123 0.609899 0.614140 0.618764 0.623941 0.627805 0.632182 0.633628 0.639316 0.643388 0.650111 0.654661 0.656899 0.661704 0.666447 0.670518 0.674683 0.679287 0.682125 0.685416 0.689975 0.691639 0.695847 0.697688 0.701757 0.704545 0.707615 0.709897 0.712813 0.715667 0.717589 0.720553 0.723671 0.727077 0.730128 0.730104 0.733351 0.736633 0.738123 0.741083 0.743739 0.746836 0.750519 0.749619 0.754504 0.757051 0.759216 0.760678 0.765588 0.767951 0.771693 0.774141 0.777383 0.779684 0.784067 0.786406 0.788437 0.793571 0.796053 0.799131 0.803674 0.805268 0.808155 0.810885 0.814118 0.817720 0.820871 0.822601 0.825920 0.828506 0.831789 0.834345 0.836174 0.839232 0.841574 0.845108 0.846622 0.850223 0.851905 0.854633 0.857179 0.859354 0.862114 0.864799 0.866947 0.869689 0.871759 0.874697 0.876415 0.879157 0.881486 0.883424 0.886069 0.888493 0.890289 0.892418 0.894795 0.896885 0.899188 0.901728 0.903589 0.905953 0.907757 0.910001 0.912362 0.914551 0.916776 0.918715 0.920808 0.922946 0.925168 0.927160 0.929417 0.931573 0.933955 0.936444 0.939067 0.941857 0.945376 0.948645 0.952786 0.957036 0.958565))
(time 0)
(channel alpha)
(curve
       (curve-type free)
       (n-points 17)
       (points 34 -1.0 -1.0 -1.0 -1.0 -1.0 -1.0 -1.0 -1.0 -1.0 -1.0 -1.0 -1.0 -1.0 -1.0 -1.0 -1.0 -1.0 -1.0 -1.0 -1.0 -1.0 -1.0 -1.0 -1.0 -1.0 -1.0 -1.0 -1.0 -1.0 -1.0 -1.0 -1.0 -1.0 -1.0)
       (n-samples 256)
       (samples 256 0.000000 0.003922 0.007843 0.011765 0.015686 0.019608 0.023529 0.027451 0.031373 0.035294 0.039216 0.043137 0.047059 0.050980 0.054902 0.058824 0.062745 0.066667 0.070588 0.074510 0.078431 0.082353 0.086275 0.090196 0.094118 0.098039 0.101961 0.105882 0.109804 0.113725 0.117647 0.121569 0.125490 0.129412 0.133333 0.137255 0.141176 0.145098 0.149020 0.152941 0.156863 0.160784 0.164706 0.168627 0.172549 0.176471 0.180392 0.184314 0.188235 0.192157 0.196078 0.200000 0.203922 0.207843 0.211765 0.215686 0.219608 0.223529 0.227451 0.231373 0.235294 0.239216 0.243137 0.247059 0.250980 0.254902 0.258824 0.262745 0.266667 0.270588 0.274510 0.278431 0.282353 0.286275 0.290196 0.294118 0.298039 0.301961 0.305882 0.309804 0.313725 0.317647 0.321569 0.325490 0.329412 0.333333 0.337255 0.341176 0.345098 0.349020 0.352941 0.356863 0.360784 0.364706 0.368627 0.372549 0.376471 0.380392 0.384314 0.388235 0.392157 0.396078 0.400000 0.403922 0.407843 0.411765 0.415686 0.419608 0.423529 0.427451 0.431373 0.435294 0.439216 0.443137 0.447059 0.450980 0.454902 0.458824 0.462745 0.466667 0.470588 0.474510 0.478431 0.482353 0.486275 0.490196 0.494118 0.498039 0.501961 0.505882 0.509804 0.513725 0.517647 0.521569 0.525490 0.529412 0.533333 0.537255 0.541176 0.545098 0.549020 0.552941 0.556863 0.560784 0.564706 0.568627 0.572549 0.576471 0.580392 0.584314 0.588235 0.592157 0.596078 0.600000 0.603922 0.607843 0.611765 0.615686 0.619608 0.623529 0.627451 0.631373 0.635294 0.639216 0.643137 0.647059 0.650980 0.654902 0.658824 0.662745 0.666667 0.670588 0.674510 0.678431 0.682353 0.686275 0.690196 0.694118 0.698039 0.701961 0.705882 0.709804 0.713725 0.717647 0.721569 0.725490 0.729412 0.733333 0.737255 0.741176 0.745098 0.749020 0.752941 0.756863 0.760784 0.764706 0.768627 0.772549 0.776471 0.780392 0.784314 0.788235 0.792157 0.796078 0.800000 0.803922 0.807843 0.811765 0.815686 0.819608 0.823529 0.827451 0.831373 0.835294 0.839216 0.843137 0.847059 0.850980 0.854902 0.858824 0.862745 0.866667 0.870588 0.874510 0.878431 0.882353 0.886275 0.890196 0.894118 0.898039 0.901961 0.905882 0.909804 0.913725 0.917647 0.921569 0.925490 0.929412 0.933333 0.937255 0.941176 0.945098 0.949020 0.952941 0.956863 0.960784 0.964706 0.968627 0.972549 0.976471 0.980392 0.984314 0.988235 0.992157 0.996078 1.000000))
# end of curves tool settings
