# GIMP curves tool settings

(time 0)
(channel value)
(curve
       (curve-type free)
       (n-points 17)
       (points 34 -1.0 -1.0 -1.0 -1.0 -1.0 -1.0 -1.0 -1.0 -1.0 -1.0 -1.0 -1.0 -1.0 -1.0 -1.0 -1.0 -1.0 -1.0 -1.0 -1.0 -1.0 -1.0 -1.0 -1.0 -1.0 -1.0 -1.0 -1.0 -1.0 -1.0 -1.0 -1.0 -1.0 -1.0)
       (n-samples 256)
       (samples 256 0.000000 0.003922 0.007843 0.011765 0.015686 0.019608 0.023529 0.027451 0.031373 0.035294 0.039216 0.043137 0.047059 0.050980 0.054902 0.058824 0.062745 0.066667 0.070588 0.074510 0.078431 0.082353 0.086275 0.090196 0.094118 0.098039 0.101961 0.105882 0.109804 0.113725 0.117647 0.121569 0.125490 0.129412 0.133333 0.137255 0.141176 0.145098 0.149020 0.152941 0.156863 0.160784 0.164706 0.168627 0.172549 0.176471 0.180392 0.184314 0.188235 0.192157 0.196078 0.200000 0.203922 0.207843 0.211765 0.215686 0.219608 0.223529 0.227451 0.231373 0.235294 0.239216 0.243137 0.247059 0.250980 0.254902 0.258824 0.262745 0.266667 0.270588 0.274510 0.278431 0.282353 0.286275 0.290196 0.294118 0.298039 0.301961 0.305882 0.309804 0.313725 0.317647 0.321569 0.325490 0.329412 0.333333 0.337255 0.341176 0.345098 0.349020 0.352941 0.356863 0.360784 0.364706 0.368627 0.372549 0.376471 0.380392 0.384314 0.388235 0.392157 0.396078 0.400000 0.403922 0.407843 0.411765 0.415686 0.419608 0.423529 0.427451 0.431373 0.435294 0.439216 0.443137 0.447059 0.450980 0.454902 0.458824 0.462745 0.466667 0.470588 0.474510 0.478431 0.482353 0.486275 0.490196 0.494118 0.498039 0.501961 0.505882 0.509804 0.513725 0.517647 0.521569 0.525490 0.529412 0.533333 0.537255 0.541176 0.545098 0.549020 0.552941 0.556863 0.560784 0.564706 0.568627 0.572549 0.576471 0.580392 0.584314 0.588235 0.592157 0.596078 0.600000 0.603922 0.607843 0.611765 0.615686 0.619608 0.623529 0.627451 0.631373 0.635294 0.639216 0.643137 0.647059 0.650980 0.654902 0.658824 0.662745 0.666667 0.670588 0.674510 0.678431 0.682353 0.686275 0.690196 0.694118 0.698039 0.701961 0.705882 0.709804 0.713725 0.717647 0.721569 0.725490 0.729412 0.733333 0.737255 0.741176 0.745098 0.749020 0.752941 0.756863 0.760784 0.764706 0.768627 0.772549 0.776471 0.780392 0.784314 0.788235 0.792157 0.796078 0.800000 0.803922 0.807843 0.811765 0.815686 0.819608 0.823529 0.827451 0.831373 0.835294 0.839216 0.843137 0.847059 0.850980 0.854902 0.858824 0.862745 0.866667 0.870588 0.874510 0.878431 0.882353 0.886275 0.890196 0.894118 0.898039 0.901961 0.905882 0.909804 0.913725 0.917647 0.921569 0.925490 0.929412 0.933333 0.937255 0.941176 0.945098 0.949020 0.952941 0.956863 0.960784 0.964706 0.968627 0.972549 0.976471 0.980392 0.984314 0.988235 0.992157 0.996078 1.000000))
(time 0)
(channel red)
(curve
       (curve-type free)
       (n-points 17)
       (points 34 -1.0 -1.0 -1.0 -1.0 -1.0 -1.0 -1.0 -1.0 -1.0 -1.0 -1.0 -1.0 -1.0 -1.0 -1.0 -1.0 -1.0 -1.0 -1.0 -1.0 -1.0 -1.0 -1.0 -1.0 -1.0 -1.0 -1.0 -1.0 -1.0 -1.0 -1.0 -1.0 -1.0 -1.0)
       (n-samples 256)
       (samples 256 0.027712 0.026398 0.038489 0.031659 0.039740 0.049673 0.055670 0.055532 0.058641 0.059933 0.063117 0.065556 0.067215 0.069646 0.072067 0.074427 0.076492 0.079238 0.081394 0.084278 0.086907 0.088976 0.092147 0.094108 0.096789 0.099045 0.101181 0.103408 0.106425 0.108658 0.110563 0.113421 0.116680 0.117137 0.120463 0.120898 0.124318 0.126844 0.130108 0.134902 0.136664 0.141006 0.144352 0.147144 0.152582 0.155806 0.158821 0.163124 0.165994 0.169883 0.172640 0.175093 0.179079 0.181466 0.184546 0.188446 0.189415 0.192325 0.195906 0.199010 0.202013 0.204336 0.208441 0.211285 0.214572 0.217842 0.221568 0.224617 0.229302 0.231980 0.235571 0.239964 0.242494 0.246401 0.249605 0.253751 0.257839 0.260678 0.265172 0.269167 0.273078 0.277189 0.281548 0.284940 0.287763 0.291156 0.294137 0.297485 0.301186 0.304606 0.307974 0.312586 0.317845 0.322929 0.328170 0.332276 0.336904 0.341275 0.345737 0.349600 0.354131 0.358733 0.361630 0.366071 0.370125 0.374918 0.379347 0.383218 0.387674 0.391541 0.395836 0.400174 0.405219 0.408994 0.413159 0.416939 0.421470 0.425727 0.430418 0.434403 0.438226 0.442765 0.446257 0.450987 0.454846 0.458904 0.463430 0.467428 0.471743 0.476244 0.480502 0.483842 0.488693 0.492924 0.496725 0.500933 0.504603 0.509032 0.512964 0.517003 0.521207 0.525074 0.529632 0.533131 0.537491 0.541602 0.545384 0.549716 0.553517 0.558031 0.561859 0.566041 0.569947 0.574298 0.578062 0.581723 0.586043 0.589545 0.593982 0.598000 0.602094 0.606008 0.609515 0.613558 0.617403 0.621812 0.626121 0.629555 0.633788 0.637478 0.641542 0.645850 0.649278 0.653230 0.657577 0.661697 0.665824 0.669881 0.674058 0.678151 0.682417 0.686582 0.690875 0.695220 0.699304 0.704215 0.709192 0.714005 0.718361 0.723220 0.727457 0.731775 0.736310 0.740657 0.744754 0.749074 0.753339 0.757836 0.761961 0.766407 0.770588 0.775089 0.779458 0.784162 0.788508 0.793177 0.797789 0.802218 0.806288 0.810538 0.814409 0.818772 0.823069 0.827020 0.831226 0.835366 0.839659 0.843716 0.847652 0.851600 0.855582 0.859464 0.863267 0.867132 0.870775 0.874687 0.878504 0.882231 0.885786 0.889618 0.893760 0.897027 0.900251 0.903973 0.908833 0.912457 0.916978 0.920850 0.925373 0.929090 0.933298 0.937373 0.940484 0.946108 0.949944 0.953720 0.957626 0.961638 0.965811 0.969760 0.973831 0.977627 0.981485 0.984770 0.987570 0.992166))
(time 0)
(channel green)
(curve
       (curve-type free)
       (n-points 17)
       (points 34 -1.0 -1.0 -1.0 -1.0 -1.0 -1.0 -1.0 -1.0 -1.0 -1.0 -1.0 -1.0 -1.0 -1.0 -1.0 -1.0 -1.0 -1.0 -1.0 -1.0 -1.0 -1.0 -1.0 -1.0 -1.0 -1.0 -1.0 -1.0 -1.0 -1.0 -1.0 -1.0 -1.0 -1.0)
       (n-samples 256)
       (samples 256 0.025131 0.038045 0.043675 0.046306 0.049121 0.051406 0.053624 0.055133 0.056493 0.058547 0.060688 0.063284 0.065499 0.067247 0.069544 0.071549 0.074083 0.075821 0.078062 0.079950 0.081615 0.085789 0.086576 0.088627 0.090573 0.092392 0.095116 0.098584 0.101952 0.103164 0.105723 0.108610 0.111057 0.113564 0.116183 0.118788 0.122094 0.124975 0.129830 0.133943 0.137226 0.139501 0.141938 0.144284 0.146709 0.149297 0.152958 0.156216 0.159483 0.162907 0.166947 0.170629 0.174466 0.177848 0.182281 0.185870 0.189701 0.193863 0.197954 0.201538 0.206133 0.210189 0.214493 0.218845 0.222532 0.227178 0.231867 0.236248 0.240217 0.244639 0.248865 0.253624 0.257919 0.262136 0.265853 0.269755 0.274055 0.278438 0.283007 0.286755 0.291166 0.295625 0.299637 0.304171 0.309080 0.313930 0.318510 0.323984 0.328589 0.333071 0.338305 0.343132 0.347917 0.352582 0.356686 0.361516 0.365794 0.370425 0.374495 0.378627 0.382818 0.387717 0.391781 0.396197 0.400751 0.404976 0.409115 0.413116 0.418157 0.422546 0.426712 0.431103 0.434975 0.439471 0.443864 0.447966 0.452325 0.456580 0.461108 0.465135 0.469846 0.473813 0.478103 0.483153 0.486937 0.491135 0.495627 0.499879 0.504158 0.508504 0.513167 0.517349 0.521924 0.526145 0.530244 0.534997 0.539151 0.543630 0.547910 0.552157 0.556589 0.560883 0.564922 0.569111 0.573232 0.577574 0.581389 0.585715 0.590028 0.594280 0.598258 0.602478 0.607186 0.611167 0.615431 0.619611 0.623738 0.628219 0.632928 0.637416 0.641807 0.645825 0.649803 0.654083 0.658132 0.662188 0.666404 0.670340 0.674044 0.678626 0.682558 0.686964 0.690966 0.695400 0.699221 0.704013 0.707418 0.711924 0.715038 0.718479 0.722009 0.726016 0.730096 0.733171 0.737192 0.740967 0.744995 0.748905 0.753040 0.756772 0.760916 0.764936 0.768676 0.772619 0.776424 0.780103 0.783434 0.787242 0.790929 0.794398 0.797423 0.801550 0.805255 0.809276 0.812908 0.817549 0.820845 0.825350 0.828557 0.831982 0.835284 0.838596 0.842746 0.846235 0.848964 0.852153 0.855862 0.859652 0.863462 0.866104 0.869129 0.872351 0.875104 0.878829 0.881873 0.884837 0.888005 0.892725 0.895312 0.898659 0.902867 0.906584 0.910477 0.912860 0.915827 0.920476 0.924390 0.927588 0.931318 0.936391 0.939587 0.943724 0.947273 0.952014 0.955000 0.958022 0.961051 0.963492 0.967212 0.970531 0.975649 0.979247 0.982635 0.986381 0.988753 0.992490))
(time 0)
(channel blue)
(curve
       (curve-type free)
       (n-points 17)
       (points 34 -1.0 -1.0 -1.0 -1.0 -1.0 -1.0 -1.0 -1.0 -1.0 -1.0 -1.0 -1.0 -1.0 -1.0 -1.0 -1.0 -1.0 -1.0 -1.0 -1.0 -1.0 -1.0 -1.0 -1.0 -1.0 -1.0 -1.0 -1.0 -1.0 -1.0 -1.0 -1.0 -1.0 -1.0)
       (n-samples 256)
       (samples 256 0.047491 0.059036 0.063384 0.067014 0.071643 0.075845 0.081422 0.086318 0.091558 0.094401 0.097827 0.099467 0.102398 0.104874 0.107565 0.110644 0.113126 0.115449 0.117463 0.120410 0.122822 0.125478 0.128451 0.131258 0.135067 0.138331 0.141545 0.144922 0.148135 0.152095 0.156244 0.160076 0.163177 0.167214 0.171500 0.175022 0.179070 0.183263 0.186735 0.190205 0.194703 0.197967 0.201092 0.204822 0.208211 0.211511 0.214631 0.219160 0.223152 0.226636 0.230224 0.234144 0.237611 0.242321 0.245803 0.250472 0.254475 0.258523 0.262435 0.266667 0.270610 0.274512 0.278093 0.282135 0.287498 0.290942 0.295008 0.299151 0.303519 0.307330 0.311017 0.315313 0.319358 0.322854 0.327582 0.331387 0.336029 0.341380 0.345707 0.349219 0.353623 0.357203 0.362055 0.366617 0.370833 0.374462 0.378642 0.383259 0.387352 0.391046 0.394134 0.398623 0.402959 0.406833 0.411019 0.415093 0.420318 0.425012 0.428553 0.432898 0.437218 0.441046 0.444983 0.448692 0.452135 0.455543 0.459178 0.463498 0.466846 0.470606 0.474058 0.478626 0.482954 0.486201 0.489707 0.493919 0.497351 0.501373 0.505127 0.509149 0.512414 0.516443 0.520772 0.523802 0.527370 0.531429 0.535358 0.538018 0.540484 0.543909 0.547043 0.550406 0.553874 0.556781 0.561232 0.564855 0.568624 0.571423 0.574420 0.577239 0.581220 0.584473 0.588036 0.590376 0.595267 0.599786 0.603904 0.607762 0.611330 0.615537 0.619051 0.623204 0.627364 0.632026 0.636472 0.640717 0.644310 0.648088 0.651842 0.655678 0.659312 0.662899 0.666542 0.670244 0.674078 0.677861 0.681618 0.685222 0.688917 0.690879 0.694217 0.697462 0.702714 0.706175 0.710216 0.714394 0.717636 0.722485 0.724764 0.729068 0.733306 0.737584 0.740678 0.743777 0.748814 0.752294 0.754190 0.757463 0.760037 0.764862 0.769151 0.772860 0.776220 0.779599 0.784074 0.788020 0.792970 0.796352 0.799863 0.803421 0.807311 0.810704 0.812054 0.818105 0.821834 0.826793 0.830541 0.833869 0.836566 0.838895 0.841581 0.846078 0.849625 0.852982 0.858406 0.860243 0.866995 0.868480 0.869266 0.873478 0.876772 0.882664 0.881577 0.884123 0.889376 0.890686 0.895495 0.898866 0.902515 0.907292 0.912621 0.916046 0.918966 0.924500 0.926067 0.927184 0.929621 0.931780 0.935294 0.941149 0.942424 0.946254 0.943725 0.939986 0.947358 0.954266 0.958627 0.963373 0.967275 0.964384 0.973203 0.977086 0.968076 0.980654 0.987736 0.981145))
(time 0)
(channel alpha)
(curve
       (curve-type free)
       (n-points 17)
       (points 34 -1.0 -1.0 -1.0 -1.0 -1.0 -1.0 -1.0 -1.0 -1.0 -1.0 -1.0 -1.0 -1.0 -1.0 -1.0 -1.0 -1.0 -1.0 -1.0 -1.0 -1.0 -1.0 -1.0 -1.0 -1.0 -1.0 -1.0 -1.0 -1.0 -1.0 -1.0 -1.0 -1.0 -1.0)
       (n-samples 256)
       (samples 256 0.000000 0.003922 0.007843 0.011765 0.015686 0.019608 0.023529 0.027451 0.031373 0.035294 0.039216 0.043137 0.047059 0.050980 0.054902 0.058824 0.062745 0.066667 0.070588 0.074510 0.078431 0.082353 0.086275 0.090196 0.094118 0.098039 0.101961 0.105882 0.109804 0.113725 0.117647 0.121569 0.125490 0.129412 0.133333 0.137255 0.141176 0.145098 0.149020 0.152941 0.156863 0.160784 0.164706 0.168627 0.172549 0.176471 0.180392 0.184314 0.188235 0.192157 0.196078 0.200000 0.203922 0.207843 0.211765 0.215686 0.219608 0.223529 0.227451 0.231373 0.235294 0.239216 0.243137 0.247059 0.250980 0.254902 0.258824 0.262745 0.266667 0.270588 0.274510 0.278431 0.282353 0.286275 0.290196 0.294118 0.298039 0.301961 0.305882 0.309804 0.313725 0.317647 0.321569 0.325490 0.329412 0.333333 0.337255 0.341176 0.345098 0.349020 0.352941 0.356863 0.360784 0.364706 0.368627 0.372549 0.376471 0.380392 0.384314 0.388235 0.392157 0.396078 0.400000 0.403922 0.407843 0.411765 0.415686 0.419608 0.423529 0.427451 0.431373 0.435294 0.439216 0.443137 0.447059 0.450980 0.454902 0.458824 0.462745 0.466667 0.470588 0.474510 0.478431 0.482353 0.486275 0.490196 0.494118 0.498039 0.501961 0.505882 0.509804 0.513725 0.517647 0.521569 0.525490 0.529412 0.533333 0.537255 0.541176 0.545098 0.549020 0.552941 0.556863 0.560784 0.564706 0.568627 0.572549 0.576471 0.580392 0.584314 0.588235 0.592157 0.596078 0.600000 0.603922 0.607843 0.611765 0.615686 0.619608 0.623529 0.627451 0.631373 0.635294 0.639216 0.643137 0.647059 0.650980 0.654902 0.658824 0.662745 0.666667 0.670588 0.674510 0.678431 0.682353 0.686275 0.690196 0.694118 0.698039 0.701961 0.705882 0.709804 0.713725 0.717647 0.721569 0.725490 0.729412 0.733333 0.737255 0.741176 0.745098 0.749020 0.752941 0.756863 0.760784 0.764706 0.768627 0.772549 0.776471 0.780392 0.784314 0.788235 0.792157 0.796078 0.800000 0.803922 0.807843 0.811765 0.815686 0.819608 0.823529 0.827451 0.831373 0.835294 0.839216 0.843137 0.847059 0.850980 0.854902 0.858824 0.862745 0.866667 0.870588 0.874510 0.878431 0.882353 0.886275 0.890196 0.894118 0.898039 0.901961 0.905882 0.909804 0.913725 0.917647 0.921569 0.925490 0.929412 0.933333 0.937255 0.941176 0.945098 0.949020 0.952941 0.956863 0.960784 0.964706 0.968627 0.972549 0.976471 0.980392 0.984314 0.988235 0.992157 0.996078 1.000000))
# end of curves tool settings
