# GIMP curves tool settings

(time 0)
(channel value)
(curve
       (curve-type free)
       (n-points 17)
       (points 34 -1.0 -1.0 -1.0 -1.0 -1.0 -1.0 -1.0 -1.0 -1.0 -1.0 -1.0 -1.0 -1.0 -1.0 -1.0 -1.0 -1.0 -1.0 -1.0 -1.0 -1.0 -1.0 -1.0 -1.0 -1.0 -1.0 -1.0 -1.0 -1.0 -1.0 -1.0 -1.0 -1.0 -1.0)
       (n-samples 256)
       (samples 256 0.000000 0.003922 0.007843 0.011765 0.015686 0.019608 0.023529 0.027451 0.031373 0.035294 0.039216 0.043137 0.047059 0.050980 0.054902 0.058824 0.062745 0.066667 0.070588 0.074510 0.078431 0.082353 0.086275 0.090196 0.094118 0.098039 0.101961 0.105882 0.109804 0.113725 0.117647 0.121569 0.125490 0.129412 0.133333 0.137255 0.141176 0.145098 0.149020 0.152941 0.156863 0.160784 0.164706 0.168627 0.172549 0.176471 0.180392 0.184314 0.188235 0.192157 0.196078 0.200000 0.203922 0.207843 0.211765 0.215686 0.219608 0.223529 0.227451 0.231373 0.235294 0.239216 0.243137 0.247059 0.250980 0.254902 0.258824 0.262745 0.266667 0.270588 0.274510 0.278431 0.282353 0.286275 0.290196 0.294118 0.298039 0.301961 0.305882 0.309804 0.313725 0.317647 0.321569 0.325490 0.329412 0.333333 0.337255 0.341176 0.345098 0.349020 0.352941 0.356863 0.360784 0.364706 0.368627 0.372549 0.376471 0.380392 0.384314 0.388235 0.392157 0.396078 0.400000 0.403922 0.407843 0.411765 0.415686 0.419608 0.423529 0.427451 0.431373 0.435294 0.439216 0.443137 0.447059 0.450980 0.454902 0.458824 0.462745 0.466667 0.470588 0.474510 0.478431 0.482353 0.486275 0.490196 0.494118 0.498039 0.501961 0.505882 0.509804 0.513725 0.517647 0.521569 0.525490 0.529412 0.533333 0.537255 0.541176 0.545098 0.549020 0.552941 0.556863 0.560784 0.564706 0.568627 0.572549 0.576471 0.580392 0.584314 0.588235 0.592157 0.596078 0.600000 0.603922 0.607843 0.611765 0.615686 0.619608 0.623529 0.627451 0.631373 0.635294 0.639216 0.643137 0.647059 0.650980 0.654902 0.658824 0.662745 0.666667 0.670588 0.674510 0.678431 0.682353 0.686275 0.690196 0.694118 0.698039 0.701961 0.705882 0.709804 0.713725 0.717647 0.721569 0.725490 0.729412 0.733333 0.737255 0.741176 0.745098 0.749020 0.752941 0.756863 0.760784 0.764706 0.768627 0.772549 0.776471 0.780392 0.784314 0.788235 0.792157 0.796078 0.800000 0.803922 0.807843 0.811765 0.815686 0.819608 0.823529 0.827451 0.831373 0.835294 0.839216 0.843137 0.847059 0.850980 0.854902 0.858824 0.862745 0.866667 0.870588 0.874510 0.878431 0.882353 0.886275 0.890196 0.894118 0.898039 0.901961 0.905882 0.909804 0.913725 0.917647 0.921569 0.925490 0.929412 0.933333 0.937255 0.941176 0.945098 0.949020 0.952941 0.956863 0.960784 0.964706 0.968627 0.972549 0.976471 0.980392 0.984314 0.988235 0.992157 0.996078 1.000000))
(time 0)
(channel red)
(curve
       (curve-type free)
       (n-points 17)
       (points 34 -1.0 -1.0 -1.0 -1.0 -1.0 -1.0 -1.0 -1.0 -1.0 -1.0 -1.0 -1.0 -1.0 -1.0 -1.0 -1.0 -1.0 -1.0 -1.0 -1.0 -1.0 -1.0 -1.0 -1.0 -1.0 -1.0 -1.0 -1.0 -1.0 -1.0 -1.0 -1.0 -1.0 -1.0)
       (n-samples 256)
       (samples 256 0.006100 0.003922 0.005882 0.013575 0.019126 0.022481 0.024209 0.025884 0.028030 0.029760 0.031682 0.033180 0.034425 0.035743 0.037037 0.038791 0.040367 0.042638 0.044292 0.046130 0.047592 0.049544 0.051281 0.053549 0.055566 0.057722 0.060100 0.062061 0.064251 0.066274 0.068731 0.071202 0.073373 0.075526 0.078149 0.080767 0.083075 0.086483 0.089513 0.092187 0.096013 0.099682 0.102795 0.106156 0.109223 0.112962 0.116255 0.119793 0.122585 0.126420 0.129858 0.133972 0.137947 0.142702 0.147723 0.151925 0.156686 0.161554 0.166204 0.171044 0.176182 0.181033 0.185959 0.190459 0.195996 0.201231 0.207144 0.213395 0.218645 0.223248 0.227804 0.234408 0.239681 0.246028 0.252754 0.258699 0.265012 0.270859 0.278141 0.283877 0.290430 0.296220 0.302867 0.308593 0.314719 0.320070 0.327237 0.333644 0.338785 0.344865 0.350357 0.357349 0.365238 0.373128 0.380870 0.389077 0.397899 0.404527 0.411444 0.419393 0.424455 0.433809 0.439461 0.445418 0.452210 0.459426 0.467036 0.470826 0.475800 0.481935 0.491431 0.498222 0.505702 0.513088 0.522327 0.531447 0.539062 0.545721 0.551535 0.558096 0.564633 0.571132 0.577215 0.581813 0.587000 0.591554 0.596111 0.599391 0.605423 0.609888 0.614448 0.620065 0.624432 0.627873 0.633101 0.637518 0.641624 0.645966 0.648986 0.653891 0.657666 0.662535 0.666772 0.671928 0.675661 0.678258 0.683676 0.687927 0.691236 0.696278 0.699698 0.703945 0.707847 0.711822 0.714175 0.717133 0.720964 0.722972 0.724485 0.728122 0.730456 0.734219 0.737723 0.740490 0.743158 0.745126 0.750214 0.750573 0.754951 0.758021 0.759094 0.761800 0.762746 0.767175 0.769444 0.772162 0.776038 0.779396 0.782273 0.784621 0.789084 0.790707 0.794681 0.797389 0.799299 0.802563 0.807261 0.810607 0.814487 0.817754 0.819181 0.822587 0.825932 0.829521 0.831945 0.835648 0.839187 0.841272 0.844750 0.847219 0.850054 0.852546 0.856102 0.857277 0.860560 0.863352 0.865887 0.868751 0.870630 0.872909 0.875615 0.877878 0.880605 0.883244 0.885339 0.887927 0.889868 0.891810 0.894240 0.896055 0.898256 0.900187 0.902443 0.904226 0.906412 0.908837 0.911195 0.913370 0.915833 0.918558 0.920587 0.923104 0.925748 0.928189 0.930491 0.933146 0.935609 0.938308 0.940896 0.943705 0.946466 0.949459 0.952294 0.954900 0.957615 0.960571 0.963629 0.966520 0.968853 0.972004 0.974364 0.977076 0.979264 0.980212 0.983354 0.986188))
(time 0)
(channel green)
(curve
       (curve-type free)
       (n-points 17)
       (points 34 -1.0 -1.0 -1.0 -1.0 -1.0 -1.0 -1.0 -1.0 -1.0 -1.0 -1.0 -1.0 -1.0 -1.0 -1.0 -1.0 -1.0 -1.0 -1.0 -1.0 -1.0 -1.0 -1.0 -1.0 -1.0 -1.0 -1.0 -1.0 -1.0 -1.0 -1.0 -1.0 -1.0 -1.0)
       (n-samples 256)
       (samples 256 0.022222 0.011765 0.024974 0.029245 0.029520 0.031997 0.034397 0.036785 0.038866 0.041005 0.043177 0.045479 0.048200 0.050786 0.052915 0.055709 0.058531 0.061253 0.064656 0.067502 0.070250 0.073088 0.076073 0.078771 0.081134 0.084029 0.086812 0.090148 0.093123 0.095901 0.098782 0.101832 0.104801 0.108039 0.111247 0.114840 0.118513 0.121857 0.125744 0.129123 0.133097 0.136802 0.140415 0.143617 0.147654 0.150937 0.154387 0.158190 0.161774 0.165592 0.169226 0.173712 0.177974 0.182308 0.186230 0.189859 0.194277 0.198910 0.203732 0.208423 0.212753 0.217532 0.222264 0.227282 0.231725 0.236565 0.241265 0.245914 0.250866 0.256577 0.262166 0.267753 0.272998 0.278443 0.283235 0.289373 0.294958 0.301770 0.307048 0.312913 0.318115 0.323533 0.328678 0.334307 0.340105 0.346632 0.353128 0.358852 0.365697 0.372345 0.379247 0.386328 0.393901 0.398694 0.405647 0.411350 0.416834 0.423132 0.428151 0.432990 0.437833 0.442300 0.448982 0.454773 0.458624 0.464378 0.468466 0.475719 0.480346 0.485108 0.490221 0.497385 0.502949 0.507162 0.512994 0.518078 0.522394 0.527659 0.531859 0.537255 0.541273 0.548325 0.552278 0.556331 0.561937 0.567590 0.570447 0.574656 0.579290 0.583381 0.587850 0.591592 0.595746 0.600351 0.604600 0.609522 0.613451 0.616768 0.622089 0.625835 0.629836 0.633236 0.638958 0.641107 0.645466 0.650769 0.653834 0.659577 0.661801 0.666541 0.672132 0.674906 0.678655 0.683175 0.686517 0.690068 0.693547 0.696396 0.699939 0.703628 0.705553 0.709346 0.711781 0.714129 0.717368 0.719532 0.722170 0.725134 0.727585 0.731304 0.732157 0.737556 0.739262 0.742495 0.745641 0.748779 0.752279 0.752841 0.755895 0.758164 0.761966 0.763085 0.767132 0.771536 0.774193 0.776398 0.781773 0.784164 0.788166 0.790984 0.794277 0.795946 0.799123 0.802757 0.804698 0.808807 0.810197 0.814050 0.815806 0.818909 0.821415 0.824403 0.827287 0.829272 0.831675 0.834508 0.836837 0.838805 0.841164 0.844143 0.847544 0.849829 0.852789 0.854858 0.857296 0.860305 0.863200 0.864426 0.867173 0.869626 0.872092 0.873961 0.876099 0.878158 0.880688 0.882897 0.885300 0.888211 0.890858 0.893815 0.896656 0.899283 0.902076 0.904764 0.907274 0.910112 0.912648 0.915329 0.917992 0.920604 0.923489 0.926141 0.929224 0.932145 0.935223 0.938555 0.941747 0.944941 0.948141 0.951928 0.955594 0.959339 0.963870 0.966794 0.969580 0.972942))
(time 0)
(channel blue)
(curve
       (curve-type free)
       (n-points 17)
       (points 34 -1.0 -1.0 -1.0 -1.0 -1.0 -1.0 -1.0 -1.0 -1.0 -1.0 -1.0 -1.0 -1.0 -1.0 -1.0 -1.0 -1.0 -1.0 -1.0 -1.0 -1.0 -1.0 -1.0 -1.0 -1.0 -1.0 -1.0 -1.0 -1.0 -1.0 -1.0 -1.0 -1.0 -1.0)
       (n-samples 256)
       (samples 256 0.018989 0.022003 0.024910 0.026377 0.027925 0.029854 0.032644 0.033546 0.035301 0.037216 0.039054 0.040821 0.042927 0.044780 0.047230 0.049442 0.052120 0.054693 0.057608 0.059617 0.062248 0.064767 0.066933 0.069638 0.072171 0.075217 0.078459 0.082208 0.084961 0.087218 0.089282 0.091653 0.094281 0.096905 0.099466 0.102469 0.105215 0.108015 0.111155 0.114093 0.117130 0.119860 0.122872 0.125831 0.128849 0.132148 0.135532 0.138932 0.142649 0.146032 0.149454 0.152626 0.156893 0.160644 0.165234 0.169596 0.173890 0.177921 0.181952 0.186125 0.190600 0.193941 0.197688 0.203289 0.207168 0.211169 0.216052 0.220322 0.226543 0.233812 0.240366 0.246908 0.251697 0.258902 0.264944 0.271860 0.277015 0.283309 0.290249 0.296674 0.304534 0.309692 0.315635 0.321486 0.327059 0.333804 0.340153 0.346140 0.352553 0.360241 0.366160 0.369760 0.378710 0.385119 0.390962 0.397146 0.402907 0.407719 0.412083 0.418931 0.422538 0.427088 0.431867 0.438525 0.443122 0.448147 0.454936 0.459985 0.466480 0.470267 0.474986 0.479087 0.484192 0.489774 0.494634 0.500964 0.506315 0.511875 0.517694 0.524051 0.528688 0.532740 0.536152 0.542056 0.545212 0.553146 0.556397 0.561419 0.568725 0.571905 0.574859 0.580110 0.586731 0.589865 0.592693 0.596417 0.602528 0.607202 0.611535 0.616096 0.618467 0.623839 0.629277 0.636109 0.640728 0.642784 0.648257 0.652752 0.657262 0.661695 0.666544 0.669900 0.673766 0.678409 0.680761 0.684623 0.686876 0.691896 0.694535 0.697973 0.700643 0.702757 0.707052 0.709609 0.712557 0.716173 0.719225 0.721804 0.722520 0.726625 0.729464 0.731329 0.734360 0.736443 0.740343 0.744627 0.743470 0.748433 0.750467 0.753752 0.755381 0.760244 0.762319 0.767399 0.770204 0.772355 0.776121 0.780504 0.783260 0.785111 0.791334 0.793701 0.797164 0.802028 0.804222 0.807151 0.810288 0.813863 0.817172 0.820079 0.822935 0.825692 0.828415 0.831660 0.835019 0.836943 0.839464 0.842268 0.845985 0.846885 0.851452 0.852671 0.855405 0.857991 0.859853 0.862648 0.865415 0.867375 0.870323 0.872364 0.875215 0.876542 0.879669 0.881659 0.883573 0.886210 0.887767 0.889814 0.892074 0.893867 0.895831 0.898104 0.900489 0.902394 0.904579 0.906504 0.908865 0.911264 0.913378 0.915657 0.917676 0.919799 0.921908 0.924309 0.926493 0.928644 0.930931 0.933416 0.936287 0.938680 0.941851 0.944990 0.947670 0.950899 0.954040 0.956763))
(time 0)
(channel alpha)
(curve
       (curve-type free)
       (n-points 17)
       (points 34 -1.0 -1.0 -1.0 -1.0 -1.0 -1.0 -1.0 -1.0 -1.0 -1.0 -1.0 -1.0 -1.0 -1.0 -1.0 -1.0 -1.0 -1.0 -1.0 -1.0 -1.0 -1.0 -1.0 -1.0 -1.0 -1.0 -1.0 -1.0 -1.0 -1.0 -1.0 -1.0 -1.0 -1.0)
       (n-samples 256)
       (samples 256 0.000000 0.003922 0.007843 0.011765 0.015686 0.019608 0.023529 0.027451 0.031373 0.035294 0.039216 0.043137 0.047059 0.050980 0.054902 0.058824 0.062745 0.066667 0.070588 0.074510 0.078431 0.082353 0.086275 0.090196 0.094118 0.098039 0.101961 0.105882 0.109804 0.113725 0.117647 0.121569 0.125490 0.129412 0.133333 0.137255 0.141176 0.145098 0.149020 0.152941 0.156863 0.160784 0.164706 0.168627 0.172549 0.176471 0.180392 0.184314 0.188235 0.192157 0.196078 0.200000 0.203922 0.207843 0.211765 0.215686 0.219608 0.223529 0.227451 0.231373 0.235294 0.239216 0.243137 0.247059 0.250980 0.254902 0.258824 0.262745 0.266667 0.270588 0.274510 0.278431 0.282353 0.286275 0.290196 0.294118 0.298039 0.301961 0.305882 0.309804 0.313725 0.317647 0.321569 0.325490 0.329412 0.333333 0.337255 0.341176 0.345098 0.349020 0.352941 0.356863 0.360784 0.364706 0.368627 0.372549 0.376471 0.380392 0.384314 0.388235 0.392157 0.396078 0.400000 0.403922 0.407843 0.411765 0.415686 0.419608 0.423529 0.427451 0.431373 0.435294 0.439216 0.443137 0.447059 0.450980 0.454902 0.458824 0.462745 0.466667 0.470588 0.474510 0.478431 0.482353 0.486275 0.490196 0.494118 0.498039 0.501961 0.505882 0.509804 0.513725 0.517647 0.521569 0.525490 0.529412 0.533333 0.537255 0.541176 0.545098 0.549020 0.552941 0.556863 0.560784 0.564706 0.568627 0.572549 0.576471 0.580392 0.584314 0.588235 0.592157 0.596078 0.600000 0.603922 0.607843 0.611765 0.615686 0.619608 0.623529 0.627451 0.631373 0.635294 0.639216 0.643137 0.647059 0.650980 0.654902 0.658824 0.662745 0.666667 0.670588 0.674510 0.678431 0.682353 0.686275 0.690196 0.694118 0.698039 0.701961 0.705882 0.709804 0.713725 0.717647 0.721569 0.725490 0.729412 0.733333 0.737255 0.741176 0.745098 0.749020 0.752941 0.756863 0.760784 0.764706 0.768627 0.772549 0.776471 0.780392 0.784314 0.788235 0.792157 0.796078 0.800000 0.803922 0.807843 0.811765 0.815686 0.819608 0.823529 0.827451 0.831373 0.835294 0.839216 0.843137 0.847059 0.850980 0.854902 0.858824 0.862745 0.866667 0.870588 0.874510 0.878431 0.882353 0.886275 0.890196 0.894118 0.898039 0.901961 0.905882 0.909804 0.913725 0.917647 0.921569 0.925490 0.929412 0.933333 0.937255 0.941176 0.945098 0.949020 0.952941 0.956863 0.960784 0.964706 0.968627 0.972549 0.976471 0.980392 0.984314 0.988235 0.992157 0.996078 1.000000))
# end of curves tool settings
