# GIMP curves tool settings

(time 0)
(channel value)
(curve
       (curve-type free)
       (n-points 17)
       (points 34 -1.0 -1.0 -1.0 -1.0 -1.0 -1.0 -1.0 -1.0 -1.0 -1.0 -1.0 -1.0 -1.0 -1.0 -1.0 -1.0 -1.0 -1.0 -1.0 -1.0 -1.0 -1.0 -1.0 -1.0 -1.0 -1.0 -1.0 -1.0 -1.0 -1.0 -1.0 -1.0 -1.0 -1.0)
       (n-samples 256)
       (samples 256 0.000000 0.003922 0.007843 0.011765 0.015686 0.019608 0.023529 0.027451 0.031373 0.035294 0.039216 0.043137 0.047059 0.050980 0.054902 0.058824 0.062745 0.066667 0.070588 0.074510 0.078431 0.082353 0.086275 0.090196 0.094118 0.098039 0.101961 0.105882 0.109804 0.113725 0.117647 0.121569 0.125490 0.129412 0.133333 0.137255 0.141176 0.145098 0.149020 0.152941 0.156863 0.160784 0.164706 0.168627 0.172549 0.176471 0.180392 0.184314 0.188235 0.192157 0.196078 0.200000 0.203922 0.207843 0.211765 0.215686 0.219608 0.223529 0.227451 0.231373 0.235294 0.239216 0.243137 0.247059 0.250980 0.254902 0.258824 0.262745 0.266667 0.270588 0.274510 0.278431 0.282353 0.286275 0.290196 0.294118 0.298039 0.301961 0.305882 0.309804 0.313725 0.317647 0.321569 0.325490 0.329412 0.333333 0.337255 0.341176 0.345098 0.349020 0.352941 0.356863 0.360784 0.364706 0.368627 0.372549 0.376471 0.380392 0.384314 0.388235 0.392157 0.396078 0.400000 0.403922 0.407843 0.411765 0.415686 0.419608 0.423529 0.427451 0.431373 0.435294 0.439216 0.443137 0.447059 0.450980 0.454902 0.458824 0.462745 0.466667 0.470588 0.474510 0.478431 0.482353 0.486275 0.490196 0.494118 0.498039 0.501961 0.505882 0.509804 0.513725 0.517647 0.521569 0.525490 0.529412 0.533333 0.537255 0.541176 0.545098 0.549020 0.552941 0.556863 0.560784 0.564706 0.568627 0.572549 0.576471 0.580392 0.584314 0.588235 0.592157 0.596078 0.600000 0.603922 0.607843 0.611765 0.615686 0.619608 0.623529 0.627451 0.631373 0.635294 0.639216 0.643137 0.647059 0.650980 0.654902 0.658824 0.662745 0.666667 0.670588 0.674510 0.678431 0.682353 0.686275 0.690196 0.694118 0.698039 0.701961 0.705882 0.709804 0.713725 0.717647 0.721569 0.725490 0.729412 0.733333 0.737255 0.741176 0.745098 0.749020 0.752941 0.756863 0.760784 0.764706 0.768627 0.772549 0.776471 0.780392 0.784314 0.788235 0.792157 0.796078 0.800000 0.803922 0.807843 0.811765 0.815686 0.819608 0.823529 0.827451 0.831373 0.835294 0.839216 0.843137 0.847059 0.850980 0.854902 0.858824 0.862745 0.866667 0.870588 0.874510 0.878431 0.882353 0.886275 0.890196 0.894118 0.898039 0.901961 0.905882 0.909804 0.913725 0.917647 0.921569 0.925490 0.929412 0.933333 0.937255 0.941176 0.945098 0.949020 0.952941 0.956863 0.960784 0.964706 0.968627 0.972549 0.976471 0.980392 0.984314 0.988235 0.992157 0.996078 1.000000))
(time 0)
(channel red)
(curve
       (curve-type free)
       (n-points 17)
       (points 34 -1.0 -1.0 -1.0 -1.0 -1.0 -1.0 -1.0 -1.0 -1.0 -1.0 -1.0 -1.0 -1.0 -1.0 -1.0 -1.0 -1.0 -1.0 -1.0 -1.0 -1.0 -1.0 -1.0 -1.0 -1.0 -1.0 -1.0 -1.0 -1.0 -1.0 -1.0 -1.0 -1.0 -1.0)
       (n-samples 256)
       (samples 256 0.029961 0.031012 0.028794 0.036226 0.037970 0.038579 0.039809 0.040774 0.041629 0.042945 0.043493 0.044378 0.045095 0.045636 0.047014 0.048161 0.049748 0.050994 0.052345 0.053485 0.054290 0.055625 0.056111 0.057081 0.058537 0.059288 0.060418 0.061891 0.062808 0.064312 0.065509 0.067450 0.068607 0.070724 0.072255 0.074486 0.077050 0.080446 0.082769 0.085432 0.088674 0.092642 0.096182 0.100166 0.105497 0.109577 0.112681 0.115911 0.120184 0.124312 0.128929 0.131671 0.136178 0.139795 0.144070 0.145263 0.150582 0.154085 0.156950 0.159792 0.164009 0.167005 0.169754 0.173208 0.175898 0.181454 0.186016 0.190912 0.194176 0.199272 0.204577 0.208429 0.212513 0.218069 0.221419 0.226414 0.232157 0.236019 0.241645 0.246854 0.250459 0.256276 0.260333 0.266521 0.271772 0.275719 0.282205 0.287297 0.292153 0.295612 0.301975 0.307801 0.311544 0.319431 0.322729 0.328957 0.333910 0.341011 0.345633 0.351149 0.355968 0.362142 0.367279 0.372868 0.378506 0.384815 0.390596 0.397465 0.404374 0.408757 0.414659 0.419658 0.425046 0.430977 0.436745 0.442899 0.447335 0.455368 0.458622 0.465589 0.470952 0.478518 0.482571 0.488796 0.495985 0.501478 0.506814 0.512626 0.518136 0.523980 0.529923 0.535197 0.543138 0.546605 0.552829 0.557930 0.563592 0.570156 0.575606 0.582640 0.589017 0.590837 0.596659 0.604337 0.608391 0.615784 0.621331 0.626080 0.633145 0.639376 0.644788 0.649903 0.655343 0.658827 0.666545 0.671071 0.675853 0.680632 0.685282 0.691179 0.695221 0.701839 0.705517 0.710307 0.715675 0.722167 0.727282 0.730345 0.735946 0.740751 0.745992 0.751839 0.754920 0.759727 0.764102 0.768907 0.773072 0.777933 0.783727 0.787868 0.791294 0.794081 0.801010 0.805813 0.809234 0.814627 0.818102 0.823724 0.827828 0.832379 0.836377 0.839645 0.844790 0.849618 0.853022 0.857477 0.861858 0.866420 0.869525 0.873906 0.878470 0.881797 0.885032 0.888880 0.892318 0.895470 0.898003 0.901595 0.904235 0.907018 0.909996 0.911910 0.914327 0.916344 0.919170 0.921281 0.923573 0.926359 0.929070 0.930681 0.933411 0.936965 0.938518 0.940785 0.942577 0.945183 0.947369 0.947482 0.947764 0.950345 0.951518 0.951653 0.952355 0.954380 0.955717 0.954573 0.956188 0.959984 0.962430 0.961203 0.967873 0.967796 0.965359 0.980854 0.971242 0.978151 0.987675 0.955556 0.983529 0.974902 0.996078 0.996078 0.952941 0.952941 0.952941 1.000000))
(time 0)
(channel green)
(curve
       (curve-type free)
       (n-points 17)
       (points 34 -1.0 -1.0 -1.0 -1.0 -1.0 -1.0 -1.0 -1.0 -1.0 -1.0 -1.0 -1.0 -1.0 -1.0 -1.0 -1.0 -1.0 -1.0 -1.0 -1.0 -1.0 -1.0 -1.0 -1.0 -1.0 -1.0 -1.0 -1.0 -1.0 -1.0 -1.0 -1.0 -1.0 -1.0)
       (n-samples 256)
       (samples 256 0.027451 0.025425 0.024755 0.025976 0.026580 0.027123 0.028842 0.030512 0.031669 0.031867 0.034085 0.036773 0.039248 0.041059 0.042159 0.043289 0.044320 0.046501 0.047928 0.049315 0.050621 0.052220 0.053359 0.055350 0.056836 0.058560 0.060463 0.062368 0.064171 0.065712 0.067735 0.069002 0.070968 0.073100 0.075287 0.077228 0.079333 0.081711 0.083723 0.085812 0.088362 0.090820 0.092725 0.095212 0.098239 0.101070 0.103856 0.106372 0.109499 0.112192 0.114322 0.117646 0.120460 0.123633 0.126954 0.130063 0.133032 0.136551 0.140045 0.143359 0.146635 0.149888 0.152502 0.156413 0.159788 0.163518 0.167854 0.171652 0.175462 0.179644 0.183599 0.187741 0.191764 0.196207 0.199262 0.203447 0.207398 0.212482 0.217223 0.221520 0.225967 0.230863 0.235568 0.241308 0.245948 0.251245 0.256238 0.260930 0.266423 0.271294 0.277015 0.282599 0.288278 0.293706 0.299053 0.304235 0.309228 0.314483 0.319486 0.325461 0.331752 0.337153 0.344301 0.349828 0.355986 0.362793 0.370127 0.376565 0.382830 0.389366 0.395225 0.401703 0.408139 0.415274 0.421356 0.428265 0.435465 0.442602 0.449092 0.456025 0.461958 0.469619 0.476052 0.482680 0.488615 0.495208 0.500183 0.506629 0.513730 0.520641 0.526708 0.531939 0.538516 0.543958 0.550090 0.557548 0.562665 0.568102 0.574436 0.579619 0.586595 0.592139 0.598793 0.603039 0.610564 0.615489 0.621793 0.627861 0.634457 0.639291 0.645787 0.652236 0.657291 0.662321 0.667334 0.674473 0.678825 0.683884 0.689347 0.694601 0.699086 0.705021 0.709920 0.715370 0.719762 0.724501 0.729636 0.733398 0.739360 0.743588 0.748300 0.752577 0.756243 0.761398 0.765824 0.769858 0.774740 0.777825 0.782434 0.786156 0.791526 0.794546 0.799666 0.802965 0.806991 0.810151 0.813705 0.816997 0.820890 0.823843 0.827708 0.830545 0.833840 0.837291 0.840429 0.842900 0.846496 0.849642 0.851664 0.854801 0.857625 0.859853 0.862195 0.865205 0.867236 0.870050 0.871841 0.875072 0.876116 0.879065 0.880672 0.882752 0.885622 0.887839 0.888734 0.891447 0.893850 0.894634 0.897999 0.898890 0.901233 0.905302 0.907057 0.909714 0.910045 0.913775 0.913007 0.916876 0.919729 0.919950 0.920330 0.924149 0.926611 0.914597 0.924814 0.926225 0.923775 0.936898 0.924510 0.943791 0.911765 0.934118 0.915294 0.944314 0.958824 0.941176 0.941176 0.898039 0.966013 0.972549 0.972549 0.945098 0.945098 0.945098 0.945098 0.964706))
(time 0)
(channel blue)
(curve
       (curve-type free)
       (n-points 17)
       (points 34 -1.0 -1.0 -1.0 -1.0 -1.0 -1.0 -1.0 -1.0 -1.0 -1.0 -1.0 -1.0 -1.0 -1.0 -1.0 -1.0 -1.0 -1.0 -1.0 -1.0 -1.0 -1.0 -1.0 -1.0 -1.0 -1.0 -1.0 -1.0 -1.0 -1.0 -1.0 -1.0 -1.0 -1.0)
       (n-samples 256)
       (samples 256 0.071647 0.054108 0.068528 0.067163 0.067521 0.064373 0.064306 0.063320 0.059642 0.063442 0.063737 0.066147 0.066768 0.067944 0.070185 0.071976 0.074091 0.075772 0.076784 0.077063 0.078100 0.080087 0.081982 0.084729 0.087464 0.090408 0.093506 0.096274 0.099138 0.101864 0.104864 0.107663 0.110508 0.113437 0.116067 0.119100 0.120998 0.125108 0.127786 0.130813 0.133997 0.137079 0.139712 0.143009 0.147039 0.149083 0.152914 0.156241 0.158011 0.162240 0.165334 0.168911 0.172206 0.175068 0.178889 0.183065 0.186293 0.191347 0.194456 0.197921 0.201967 0.206286 0.210924 0.213372 0.217533 0.220712 0.226570 0.230136 0.234198 0.238676 0.244553 0.248528 0.253041 0.258161 0.261928 0.266976 0.272544 0.278726 0.282801 0.288536 0.292403 0.298335 0.301530 0.307048 0.311568 0.316965 0.322485 0.328717 0.334051 0.338753 0.345090 0.349749 0.353752 0.359945 0.362956 0.368758 0.372674 0.375630 0.379772 0.385514 0.386435 0.393066 0.395999 0.399134 0.404364 0.408367 0.410248 0.416261 0.421534 0.426583 0.428493 0.435303 0.438784 0.443661 0.446720 0.453735 0.457374 0.463118 0.466338 0.472512 0.476278 0.481871 0.484808 0.490704 0.495556 0.501380 0.505195 0.509849 0.515709 0.518931 0.523366 0.529907 0.534436 0.538961 0.543824 0.548464 0.554104 0.558620 0.563277 0.568378 0.573633 0.577964 0.581833 0.588234 0.590906 0.596158 0.600745 0.604766 0.608896 0.613669 0.617666 0.622601 0.626563 0.629029 0.634309 0.638634 0.641840 0.647122 0.652829 0.653929 0.660290 0.662970 0.668148 0.673461 0.677922 0.681861 0.686132 0.690448 0.695472 0.699126 0.704508 0.707488 0.714741 0.718814 0.723358 0.727455 0.733430 0.736506 0.742203 0.746396 0.751095 0.755510 0.759357 0.765535 0.769372 0.772228 0.776816 0.779834 0.784933 0.788784 0.791446 0.795202 0.801904 0.802855 0.808480 0.811259 0.818093 0.818983 0.823343 0.825921 0.829786 0.834992 0.838515 0.841043 0.846764 0.848283 0.851018 0.855063 0.859031 0.861954 0.865309 0.867910 0.872692 0.873412 0.876869 0.879718 0.881760 0.884935 0.886782 0.888958 0.891355 0.895115 0.898705 0.899568 0.901275 0.903632 0.908561 0.910202 0.912206 0.910928 0.914568 0.915566 0.913485 0.921663 0.917927 0.929955 0.923922 0.925490 0.936383 0.931313 0.933333 0.939085 0.946606 0.949020 0.941889 0.942484 0.952157 0.913725 0.975163 0.992157 0.974902 0.980392 0.986275 0.990588 0.996078 0.981961))
(time 0)
(channel alpha)
(curve
       (curve-type free)
       (n-points 17)
       (points 34 -1.0 -1.0 -1.0 -1.0 -1.0 -1.0 -1.0 -1.0 -1.0 -1.0 -1.0 -1.0 -1.0 -1.0 -1.0 -1.0 -1.0 -1.0 -1.0 -1.0 -1.0 -1.0 -1.0 -1.0 -1.0 -1.0 -1.0 -1.0 -1.0 -1.0 -1.0 -1.0 -1.0 -1.0)
       (n-samples 256)
       (samples 256 0.000000 0.003922 0.007843 0.011765 0.015686 0.019608 0.023529 0.027451 0.031373 0.035294 0.039216 0.043137 0.047059 0.050980 0.054902 0.058824 0.062745 0.066667 0.070588 0.074510 0.078431 0.082353 0.086275 0.090196 0.094118 0.098039 0.101961 0.105882 0.109804 0.113725 0.117647 0.121569 0.125490 0.129412 0.133333 0.137255 0.141176 0.145098 0.149020 0.152941 0.156863 0.160784 0.164706 0.168627 0.172549 0.176471 0.180392 0.184314 0.188235 0.192157 0.196078 0.200000 0.203922 0.207843 0.211765 0.215686 0.219608 0.223529 0.227451 0.231373 0.235294 0.239216 0.243137 0.247059 0.250980 0.254902 0.258824 0.262745 0.266667 0.270588 0.274510 0.278431 0.282353 0.286275 0.290196 0.294118 0.298039 0.301961 0.305882 0.309804 0.313725 0.317647 0.321569 0.325490 0.329412 0.333333 0.337255 0.341176 0.345098 0.349020 0.352941 0.356863 0.360784 0.364706 0.368627 0.372549 0.376471 0.380392 0.384314 0.388235 0.392157 0.396078 0.400000 0.403922 0.407843 0.411765 0.415686 0.419608 0.423529 0.427451 0.431373 0.435294 0.439216 0.443137 0.447059 0.450980 0.454902 0.458824 0.462745 0.466667 0.470588 0.474510 0.478431 0.482353 0.486275 0.490196 0.494118 0.498039 0.501961 0.505882 0.509804 0.513725 0.517647 0.521569 0.525490 0.529412 0.533333 0.537255 0.541176 0.545098 0.549020 0.552941 0.556863 0.560784 0.564706 0.568627 0.572549 0.576471 0.580392 0.584314 0.588235 0.592157 0.596078 0.600000 0.603922 0.607843 0.611765 0.615686 0.619608 0.623529 0.627451 0.631373 0.635294 0.639216 0.643137 0.647059 0.650980 0.654902 0.658824 0.662745 0.666667 0.670588 0.674510 0.678431 0.682353 0.686275 0.690196 0.694118 0.698039 0.701961 0.705882 0.709804 0.713725 0.717647 0.721569 0.725490 0.729412 0.733333 0.737255 0.741176 0.745098 0.749020 0.752941 0.756863 0.760784 0.764706 0.768627 0.772549 0.776471 0.780392 0.784314 0.788235 0.792157 0.796078 0.800000 0.803922 0.807843 0.811765 0.815686 0.819608 0.823529 0.827451 0.831373 0.835294 0.839216 0.843137 0.847059 0.850980 0.854902 0.858824 0.862745 0.866667 0.870588 0.874510 0.878431 0.882353 0.886275 0.890196 0.894118 0.898039 0.901961 0.905882 0.909804 0.913725 0.917647 0.921569 0.925490 0.929412 0.933333 0.937255 0.941176 0.945098 0.949020 0.952941 0.956863 0.960784 0.964706 0.968627 0.972549 0.976471 0.980392 0.984314 0.988235 0.992157 0.996078 1.000000))
# end of curves tool settings
