# GIMP curves tool settings

(time 0)
(channel value)
(curve
       (curve-type free)
       (n-points 17)
       (points 34 -1.0 -1.0 -1.0 -1.0 -1.0 -1.0 -1.0 -1.0 -1.0 -1.0 -1.0 -1.0 -1.0 -1.0 -1.0 -1.0 -1.0 -1.0 -1.0 -1.0 -1.0 -1.0 -1.0 -1.0 -1.0 -1.0 -1.0 -1.0 -1.0 -1.0 -1.0 -1.0 -1.0 -1.0)
       (n-samples 256)
       (samples 256 0.000000 0.003922 0.007843 0.011765 0.015686 0.019608 0.023529 0.027451 0.031373 0.035294 0.039216 0.043137 0.047059 0.050980 0.054902 0.058824 0.062745 0.066667 0.070588 0.074510 0.078431 0.082353 0.086275 0.090196 0.094118 0.098039 0.101961 0.105882 0.109804 0.113725 0.117647 0.121569 0.125490 0.129412 0.133333 0.137255 0.141176 0.145098 0.149020 0.152941 0.156863 0.160784 0.164706 0.168627 0.172549 0.176471 0.180392 0.184314 0.188235 0.192157 0.196078 0.200000 0.203922 0.207843 0.211765 0.215686 0.219608 0.223529 0.227451 0.231373 0.235294 0.239216 0.243137 0.247059 0.250980 0.254902 0.258824 0.262745 0.266667 0.270588 0.274510 0.278431 0.282353 0.286275 0.290196 0.294118 0.298039 0.301961 0.305882 0.309804 0.313725 0.317647 0.321569 0.325490 0.329412 0.333333 0.337255 0.341176 0.345098 0.349020 0.352941 0.356863 0.360784 0.364706 0.368627 0.372549 0.376471 0.380392 0.384314 0.388235 0.392157 0.396078 0.400000 0.403922 0.407843 0.411765 0.415686 0.419608 0.423529 0.427451 0.431373 0.435294 0.439216 0.443137 0.447059 0.450980 0.454902 0.458824 0.462745 0.466667 0.470588 0.474510 0.478431 0.482353 0.486275 0.490196 0.494118 0.498039 0.501961 0.505882 0.509804 0.513725 0.517647 0.521569 0.525490 0.529412 0.533333 0.537255 0.541176 0.545098 0.549020 0.552941 0.556863 0.560784 0.564706 0.568627 0.572549 0.576471 0.580392 0.584314 0.588235 0.592157 0.596078 0.600000 0.603922 0.607843 0.611765 0.615686 0.619608 0.623529 0.627451 0.631373 0.635294 0.639216 0.643137 0.647059 0.650980 0.654902 0.658824 0.662745 0.666667 0.670588 0.674510 0.678431 0.682353 0.686275 0.690196 0.694118 0.698039 0.701961 0.705882 0.709804 0.713725 0.717647 0.721569 0.725490 0.729412 0.733333 0.737255 0.741176 0.745098 0.749020 0.752941 0.756863 0.760784 0.764706 0.768627 0.772549 0.776471 0.780392 0.784314 0.788235 0.792157 0.796078 0.800000 0.803922 0.807843 0.811765 0.815686 0.819608 0.823529 0.827451 0.831373 0.835294 0.839216 0.843137 0.847059 0.850980 0.854902 0.858824 0.862745 0.866667 0.870588 0.874510 0.878431 0.882353 0.886275 0.890196 0.894118 0.898039 0.901961 0.905882 0.909804 0.913725 0.917647 0.921569 0.925490 0.929412 0.933333 0.937255 0.941176 0.945098 0.949020 0.952941 0.956863 0.960784 0.964706 0.968627 0.972549 0.976471 0.980392 0.984314 0.988235 0.992157 0.996078 1.000000))
(time 0)
(channel red)
(curve
       (curve-type free)
       (n-points 17)
       (points 34 -1.0 -1.0 -1.0 -1.0 -1.0 -1.0 -1.0 -1.0 -1.0 -1.0 -1.0 -1.0 -1.0 -1.0 -1.0 -1.0 -1.0 -1.0 -1.0 -1.0 -1.0 -1.0 -1.0 -1.0 -1.0 -1.0 -1.0 -1.0 -1.0 -1.0 -1.0 -1.0 -1.0 -1.0)
       (n-samples 256)
       (samples 256 0.027163 0.031479 0.033434 0.033914 0.037945 0.040157 0.043181 0.044936 0.046365 0.048198 0.050921 0.053100 0.054409 0.056711 0.058063 0.059939 0.062356 0.064332 0.067308 0.069868 0.071763 0.074294 0.077134 0.080274 0.082962 0.086164 0.088512 0.091208 0.093584 0.096299 0.099152 0.101744 0.104116 0.106615 0.109620 0.112879 0.115075 0.117973 0.120973 0.124392 0.126989 0.130433 0.133918 0.137011 0.141007 0.144835 0.148754 0.152644 0.156997 0.161144 0.165108 0.169243 0.174133 0.178404 0.183377 0.187537 0.192391 0.197574 0.200759 0.205866 0.210612 0.214138 0.219183 0.224642 0.228973 0.233325 0.238768 0.243325 0.247858 0.252407 0.257599 0.261200 0.265393 0.270165 0.274474 0.278952 0.282383 0.287101 0.291056 0.296374 0.301305 0.305378 0.311117 0.316348 0.321597 0.326525 0.332183 0.337656 0.342928 0.348512 0.353338 0.358639 0.363437 0.369069 0.374326 0.379709 0.384822 0.390250 0.395410 0.400875 0.406465 0.411969 0.417851 0.423326 0.429196 0.434784 0.440522 0.446260 0.451861 0.456929 0.462389 0.467810 0.472565 0.477836 0.482550 0.487555 0.492542 0.497371 0.502216 0.506717 0.510986 0.515681 0.520284 0.524512 0.528848 0.533387 0.537693 0.542139 0.546715 0.550205 0.554880 0.559128 0.562979 0.567103 0.571556 0.575225 0.578994 0.583333 0.587921 0.591915 0.595898 0.599675 0.604066 0.608044 0.611845 0.615421 0.620307 0.623896 0.628004 0.631580 0.635832 0.638721 0.641878 0.646481 0.649455 0.653560 0.657587 0.661080 0.664768 0.668537 0.672495 0.676888 0.679581 0.683856 0.687111 0.690560 0.694570 0.698069 0.701927 0.704623 0.708590 0.712405 0.715597 0.718912 0.722189 0.726039 0.729174 0.733263 0.736648 0.740409 0.744177 0.747480 0.750985 0.755239 0.757686 0.761058 0.764758 0.768521 0.771972 0.775458 0.779348 0.782559 0.785687 0.789372 0.793032 0.796312 0.798956 0.802780 0.805633 0.808872 0.811995 0.815227 0.818382 0.821788 0.824927 0.827823 0.831289 0.834153 0.837013 0.839806 0.842563 0.845965 0.848760 0.851309 0.854316 0.857429 0.859999 0.862965 0.865649 0.868746 0.871506 0.874701 0.877453 0.880048 0.883518 0.885997 0.889335 0.892250 0.895099 0.898318 0.901569 0.904357 0.907520 0.910529 0.913716 0.916331 0.919494 0.922846 0.925391 0.929119 0.932742 0.934701 0.938951 0.942804 0.945692 0.949542 0.954202 0.958298 0.961943 0.966413 0.969828 0.973124 0.976509 0.979303 0.981846 0.985947))
(time 0)
(channel green)
(curve
       (curve-type free)
       (n-points 17)
       (points 34 -1.0 -1.0 -1.0 -1.0 -1.0 -1.0 -1.0 -1.0 -1.0 -1.0 -1.0 -1.0 -1.0 -1.0 -1.0 -1.0 -1.0 -1.0 -1.0 -1.0 -1.0 -1.0 -1.0 -1.0 -1.0 -1.0 -1.0 -1.0 -1.0 -1.0 -1.0 -1.0 -1.0 -1.0)
       (n-samples 256)
       (samples 256 0.019164 0.025000 0.025516 0.028401 0.030404 0.033387 0.035557 0.037231 0.039045 0.041546 0.043381 0.045678 0.046925 0.049641 0.052027 0.053723 0.056215 0.058675 0.060239 0.062674 0.064792 0.067994 0.069439 0.071801 0.074110 0.076739 0.079611 0.081265 0.083847 0.085883 0.089189 0.090534 0.093489 0.095875 0.099118 0.101976 0.104322 0.107007 0.110465 0.112999 0.116462 0.119775 0.122634 0.126493 0.130018 0.133150 0.136704 0.140714 0.144236 0.147962 0.151431 0.155429 0.159063 0.162944 0.166961 0.171069 0.175216 0.179379 0.183880 0.188317 0.192907 0.197706 0.202647 0.207315 0.212430 0.217211 0.222028 0.226889 0.231901 0.237052 0.241745 0.246563 0.251747 0.256927 0.262283 0.267479 0.272612 0.278118 0.283480 0.289053 0.294334 0.300114 0.305699 0.311529 0.317193 0.322930 0.328456 0.334403 0.339946 0.345701 0.351048 0.356444 0.361842 0.367416 0.372628 0.377912 0.383078 0.388581 0.393797 0.398651 0.403742 0.408888 0.413488 0.418762 0.423444 0.428438 0.432951 0.438056 0.442970 0.447351 0.452264 0.456922 0.461116 0.465690 0.470683 0.474951 0.479249 0.483810 0.488453 0.492514 0.497410 0.501950 0.506497 0.509974 0.514525 0.519167 0.523103 0.526490 0.530869 0.535330 0.538541 0.542798 0.546925 0.550606 0.554509 0.558375 0.562606 0.565867 0.570147 0.573742 0.577891 0.581667 0.584928 0.589126 0.592838 0.596562 0.600264 0.603712 0.607158 0.611958 0.615015 0.618273 0.622228 0.625897 0.629360 0.633486 0.636854 0.640451 0.644809 0.647513 0.651555 0.655673 0.658816 0.662127 0.665823 0.669472 0.673226 0.676554 0.680489 0.684122 0.687369 0.691273 0.694200 0.698224 0.702193 0.705701 0.709227 0.712868 0.716294 0.720231 0.723772 0.727388 0.731173 0.734890 0.738328 0.742223 0.745885 0.749501 0.753250 0.756839 0.760519 0.763983 0.767752 0.771542 0.774856 0.778424 0.782230 0.785773 0.789538 0.793102 0.796433 0.799879 0.803498 0.806804 0.810366 0.813582 0.816990 0.820504 0.824002 0.827591 0.830821 0.834332 0.837776 0.841064 0.844336 0.847929 0.851422 0.854536 0.857997 0.861221 0.864899 0.868593 0.871835 0.875195 0.878819 0.881612 0.885553 0.888506 0.892765 0.895929 0.899407 0.901981 0.905813 0.909571 0.912537 0.916302 0.919964 0.923901 0.926862 0.930664 0.934024 0.937468 0.941920 0.945384 0.950144 0.954246 0.957807 0.962321 0.967710 0.970309 0.973347 0.979419 0.982552 0.984423 0.988038 0.990156))
(time 0)
(channel blue)
(curve
       (curve-type free)
       (n-points 17)
       (points 34 -1.0 -1.0 -1.0 -1.0 -1.0 -1.0 -1.0 -1.0 -1.0 -1.0 -1.0 -1.0 -1.0 -1.0 -1.0 -1.0 -1.0 -1.0 -1.0 -1.0 -1.0 -1.0 -1.0 -1.0 -1.0 -1.0 -1.0 -1.0 -1.0 -1.0 -1.0 -1.0 -1.0 -1.0)
       (n-samples 256)
       (samples 256 0.101186 0.079234 0.076197 0.072939 0.070902 0.068161 0.071764 0.072441 0.073462 0.074871 0.076130 0.076745 0.079090 0.081447 0.083167 0.086450 0.086773 0.090836 0.092860 0.095562 0.098131 0.100343 0.103275 0.106016 0.107831 0.110254 0.113598 0.116237 0.119721 0.121772 0.125088 0.129242 0.130718 0.134427 0.137579 0.140759 0.143986 0.147155 0.150162 0.153901 0.156297 0.159804 0.163619 0.167167 0.171181 0.174464 0.178615 0.182796 0.187057 0.191261 0.195493 0.199891 0.204129 0.208859 0.213829 0.219233 0.224636 0.229011 0.234757 0.239814 0.245122 0.250839 0.256157 0.262113 0.267509 0.273281 0.278686 0.284251 0.289976 0.295235 0.300636 0.306933 0.312322 0.318159 0.324220 0.329508 0.336303 0.341916 0.347152 0.353009 0.359327 0.364419 0.370679 0.375594 0.381943 0.386886 0.392576 0.398294 0.402645 0.408970 0.413604 0.419124 0.423833 0.429354 0.434765 0.438965 0.444254 0.449253 0.454456 0.458872 0.462855 0.467988 0.472462 0.477324 0.479996 0.486252 0.489334 0.493958 0.497887 0.502105 0.505283 0.509026 0.513067 0.516253 0.521182 0.524482 0.527481 0.531426 0.535237 0.538360 0.541131 0.544480 0.548176 0.550926 0.554729 0.558664 0.560646 0.564065 0.567509 0.570555 0.574132 0.576774 0.579868 0.582951 0.586242 0.589483 0.592697 0.595342 0.599059 0.601956 0.605001 0.607914 0.611393 0.614510 0.617562 0.620279 0.623733 0.627066 0.630023 0.633236 0.636271 0.638546 0.642218 0.645248 0.647652 0.651326 0.654091 0.657774 0.660403 0.663672 0.666331 0.668824 0.671836 0.674682 0.677406 0.681040 0.683094 0.686648 0.689808 0.691635 0.694387 0.697033 0.701156 0.703304 0.706144 0.708198 0.710052 0.713605 0.716821 0.719655 0.722300 0.724679 0.727665 0.729718 0.730871 0.735716 0.738313 0.741664 0.743792 0.746704 0.750280 0.753605 0.756035 0.757897 0.762344 0.764745 0.765715 0.770705 0.773506 0.775216 0.778180 0.781337 0.786199 0.786723 0.790372 0.793183 0.796689 0.800081 0.803871 0.805933 0.811059 0.814205 0.818460 0.819743 0.823282 0.825721 0.830073 0.833615 0.837308 0.839762 0.843862 0.848049 0.851799 0.854947 0.858949 0.861981 0.865380 0.869133 0.872275 0.875442 0.879669 0.883912 0.887996 0.891517 0.895384 0.898936 0.904044 0.908159 0.914134 0.918259 0.923519 0.927588 0.931907 0.937435 0.942582 0.948143 0.953488 0.957746 0.962128 0.963922 0.966282 0.969737 0.977031 0.980141 0.980460 0.984980))
(time 0)
(channel alpha)
(curve
       (curve-type free)
       (n-points 17)
       (points 34 -1.0 -1.0 -1.0 -1.0 -1.0 -1.0 -1.0 -1.0 -1.0 -1.0 -1.0 -1.0 -1.0 -1.0 -1.0 -1.0 -1.0 -1.0 -1.0 -1.0 -1.0 -1.0 -1.0 -1.0 -1.0 -1.0 -1.0 -1.0 -1.0 -1.0 -1.0 -1.0 -1.0 -1.0)
       (n-samples 256)
       (samples 256 0.000000 0.003922 0.007843 0.011765 0.015686 0.019608 0.023529 0.027451 0.031373 0.035294 0.039216 0.043137 0.047059 0.050980 0.054902 0.058824 0.062745 0.066667 0.070588 0.074510 0.078431 0.082353 0.086275 0.090196 0.094118 0.098039 0.101961 0.105882 0.109804 0.113725 0.117647 0.121569 0.125490 0.129412 0.133333 0.137255 0.141176 0.145098 0.149020 0.152941 0.156863 0.160784 0.164706 0.168627 0.172549 0.176471 0.180392 0.184314 0.188235 0.192157 0.196078 0.200000 0.203922 0.207843 0.211765 0.215686 0.219608 0.223529 0.227451 0.231373 0.235294 0.239216 0.243137 0.247059 0.250980 0.254902 0.258824 0.262745 0.266667 0.270588 0.274510 0.278431 0.282353 0.286275 0.290196 0.294118 0.298039 0.301961 0.305882 0.309804 0.313725 0.317647 0.321569 0.325490 0.329412 0.333333 0.337255 0.341176 0.345098 0.349020 0.352941 0.356863 0.360784 0.364706 0.368627 0.372549 0.376471 0.380392 0.384314 0.388235 0.392157 0.396078 0.400000 0.403922 0.407843 0.411765 0.415686 0.419608 0.423529 0.427451 0.431373 0.435294 0.439216 0.443137 0.447059 0.450980 0.454902 0.458824 0.462745 0.466667 0.470588 0.474510 0.478431 0.482353 0.486275 0.490196 0.494118 0.498039 0.501961 0.505882 0.509804 0.513725 0.517647 0.521569 0.525490 0.529412 0.533333 0.537255 0.541176 0.545098 0.549020 0.552941 0.556863 0.560784 0.564706 0.568627 0.572549 0.576471 0.580392 0.584314 0.588235 0.592157 0.596078 0.600000 0.603922 0.607843 0.611765 0.615686 0.619608 0.623529 0.627451 0.631373 0.635294 0.639216 0.643137 0.647059 0.650980 0.654902 0.658824 0.662745 0.666667 0.670588 0.674510 0.678431 0.682353 0.686275 0.690196 0.694118 0.698039 0.701961 0.705882 0.709804 0.713725 0.717647 0.721569 0.725490 0.729412 0.733333 0.737255 0.741176 0.745098 0.749020 0.752941 0.756863 0.760784 0.764706 0.768627 0.772549 0.776471 0.780392 0.784314 0.788235 0.792157 0.796078 0.800000 0.803922 0.807843 0.811765 0.815686 0.819608 0.823529 0.827451 0.831373 0.835294 0.839216 0.843137 0.847059 0.850980 0.854902 0.858824 0.862745 0.866667 0.870588 0.874510 0.878431 0.882353 0.886275 0.890196 0.894118 0.898039 0.901961 0.905882 0.909804 0.913725 0.917647 0.921569 0.925490 0.929412 0.933333 0.937255 0.941176 0.945098 0.949020 0.952941 0.956863 0.960784 0.964706 0.968627 0.972549 0.976471 0.980392 0.984314 0.988235 0.992157 0.996078 1.000000))
# end of curves tool settings
