# GIMP curves tool settings

(time 0)
(channel value)
(curve
       (curve-type free)
       (n-points 17)
       (points 34 -1.0 -1.0 -1.0 -1.0 -1.0 -1.0 -1.0 -1.0 -1.0 -1.0 -1.0 -1.0 -1.0 -1.0 -1.0 -1.0 -1.0 -1.0 -1.0 -1.0 -1.0 -1.0 -1.0 -1.0 -1.0 -1.0 -1.0 -1.0 -1.0 -1.0 -1.0 -1.0 -1.0 -1.0)
       (n-samples 256)
       (samples 256 0.000000 0.003922 0.007843 0.011765 0.015686 0.019608 0.023529 0.027451 0.031373 0.035294 0.039216 0.043137 0.047059 0.050980 0.054902 0.058824 0.062745 0.066667 0.070588 0.074510 0.078431 0.082353 0.086275 0.090196 0.094118 0.098039 0.101961 0.105882 0.109804 0.113725 0.117647 0.121569 0.125490 0.129412 0.133333 0.137255 0.141176 0.145098 0.149020 0.152941 0.156863 0.160784 0.164706 0.168627 0.172549 0.176471 0.180392 0.184314 0.188235 0.192157 0.196078 0.200000 0.203922 0.207843 0.211765 0.215686 0.219608 0.223529 0.227451 0.231373 0.235294 0.239216 0.243137 0.247059 0.250980 0.254902 0.258824 0.262745 0.266667 0.270588 0.274510 0.278431 0.282353 0.286275 0.290196 0.294118 0.298039 0.301961 0.305882 0.309804 0.313725 0.317647 0.321569 0.325490 0.329412 0.333333 0.337255 0.341176 0.345098 0.349020 0.352941 0.356863 0.360784 0.364706 0.368627 0.372549 0.376471 0.380392 0.384314 0.388235 0.392157 0.396078 0.400000 0.403922 0.407843 0.411765 0.415686 0.419608 0.423529 0.427451 0.431373 0.435294 0.439216 0.443137 0.447059 0.450980 0.454902 0.458824 0.462745 0.466667 0.470588 0.474510 0.478431 0.482353 0.486275 0.490196 0.494118 0.498039 0.501961 0.505882 0.509804 0.513725 0.517647 0.521569 0.525490 0.529412 0.533333 0.537255 0.541176 0.545098 0.549020 0.552941 0.556863 0.560784 0.564706 0.568627 0.572549 0.576471 0.580392 0.584314 0.588235 0.592157 0.596078 0.600000 0.603922 0.607843 0.611765 0.615686 0.619608 0.623529 0.627451 0.631373 0.635294 0.639216 0.643137 0.647059 0.650980 0.654902 0.658824 0.662745 0.666667 0.670588 0.674510 0.678431 0.682353 0.686275 0.690196 0.694118 0.698039 0.701961 0.705882 0.709804 0.713725 0.717647 0.721569 0.725490 0.729412 0.733333 0.737255 0.741176 0.745098 0.749020 0.752941 0.756863 0.760784 0.764706 0.768627 0.772549 0.776471 0.780392 0.784314 0.788235 0.792157 0.796078 0.800000 0.803922 0.807843 0.811765 0.815686 0.819608 0.823529 0.827451 0.831373 0.835294 0.839216 0.843137 0.847059 0.850980 0.854902 0.858824 0.862745 0.866667 0.870588 0.874510 0.878431 0.882353 0.886275 0.890196 0.894118 0.898039 0.901961 0.905882 0.909804 0.913725 0.917647 0.921569 0.925490 0.929412 0.933333 0.937255 0.941176 0.945098 0.949020 0.952941 0.956863 0.960784 0.964706 0.968627 0.972549 0.976471 0.980392 0.984314 0.988235 0.992157 0.996078 1.000000))
(time 0)
(channel red)
(curve
       (curve-type free)
       (n-points 17)
       (points 34 -1.0 -1.0 -1.0 -1.0 -1.0 -1.0 -1.0 -1.0 -1.0 -1.0 -1.0 -1.0 -1.0 -1.0 -1.0 -1.0 -1.0 -1.0 -1.0 -1.0 -1.0 -1.0 -1.0 -1.0 -1.0 -1.0 -1.0 -1.0 -1.0 -1.0 -1.0 -1.0 -1.0 -1.0)
       (n-samples 256)
       (samples 256 0.015686 0.015686 0.015686 0.015686 0.015686 0.015686 0.015686 0.015686 0.013020 0.013659 0.013339 0.013720 0.014326 0.014626 0.016036 0.017543 0.019696 0.021058 0.021998 0.023046 0.023919 0.025422 0.025921 0.027856 0.029432 0.031230 0.033296 0.035183 0.037629 0.040962 0.044775 0.048006 0.051578 0.055205 0.059505 0.063402 0.067741 0.071550 0.075509 0.080052 0.083935 0.086636 0.090662 0.094721 0.098925 0.102630 0.106648 0.110177 0.113563 0.117946 0.121387 0.126448 0.130241 0.134268 0.139338 0.143713 0.149256 0.154684 0.158391 0.163350 0.168098 0.172730 0.177501 0.181964 0.187467 0.191737 0.196438 0.200978 0.206148 0.211403 0.216151 0.222060 0.225963 0.231320 0.235112 0.241061 0.246868 0.252929 0.258354 0.263634 0.268535 0.273702 0.278374 0.282891 0.288978 0.294428 0.299199 0.303778 0.309100 0.315326 0.320859 0.326917 0.332921 0.340668 0.347467 0.354755 0.360618 0.364494 0.371006 0.374718 0.379481 0.382903 0.389495 0.394133 0.398869 0.405939 0.412204 0.417589 0.423087 0.425778 0.431301 0.436380 0.441031 0.445237 0.451330 0.455315 0.459665 0.464111 0.469483 0.473869 0.475818 0.484788 0.488952 0.495327 0.499630 0.505901 0.510366 0.517311 0.520787 0.526164 0.531934 0.537619 0.542247 0.547479 0.551726 0.556677 0.561549 0.566395 0.570648 0.574479 0.580980 0.586262 0.590939 0.597443 0.600804 0.605098 0.611262 0.614654 0.620126 0.625510 0.630876 0.635899 0.640412 0.644851 0.649271 0.653671 0.659208 0.663587 0.667716 0.672961 0.675726 0.681102 0.686638 0.690881 0.695764 0.701474 0.705551 0.710375 0.714377 0.718740 0.722370 0.725417 0.728833 0.732977 0.736578 0.740019 0.743550 0.747340 0.751059 0.754118 0.757544 0.760625 0.762920 0.765544 0.769097 0.771228 0.773991 0.777210 0.779339 0.781243 0.783424 0.785088 0.787321 0.789886 0.793144 0.796023 0.799238 0.802232 0.804968 0.808349 0.811560 0.814979 0.818898 0.822302 0.826017 0.828945 0.832478 0.837116 0.841206 0.845199 0.849063 0.852500 0.855611 0.859356 0.862632 0.867462 0.870718 0.873051 0.877344 0.881552 0.887042 0.889262 0.890283 0.891275 0.891118 0.890884 0.891358 0.893022 0.893734 0.895452 0.897230 0.898446 0.901661 0.903745 0.907127 0.908983 0.911454 0.913801 0.916189 0.918877 0.921623 0.923992 0.928386 0.931664 0.935072 0.939512 0.943872 0.948246 0.953599 0.958694 0.964024 0.968705 0.973354 0.976936 0.977534 0.979780))
(time 0)
(channel green)
(curve
       (curve-type free)
       (n-points 17)
       (points 34 -1.0 -1.0 -1.0 -1.0 -1.0 -1.0 -1.0 -1.0 -1.0 -1.0 -1.0 -1.0 -1.0 -1.0 -1.0 -1.0 -1.0 -1.0 -1.0 -1.0 -1.0 -1.0 -1.0 -1.0 -1.0 -1.0 -1.0 -1.0 -1.0 -1.0 -1.0 -1.0 -1.0 -1.0)
       (n-samples 256)
       (samples 256 0.058824 0.058824 0.058824 0.058824 0.058824 0.058824 0.058824 0.058824 0.058824 0.058824 0.058824 0.058824 0.049872 0.051040 0.052144 0.055082 0.056752 0.059773 0.062383 0.064936 0.067594 0.070248 0.072534 0.075134 0.077484 0.080096 0.082923 0.085793 0.089075 0.092590 0.095453 0.098386 0.101769 0.105021 0.108427 0.111637 0.115321 0.118009 0.121156 0.123976 0.126818 0.130210 0.133453 0.136283 0.138849 0.141591 0.144690 0.148553 0.152386 0.155646 0.158928 0.162386 0.165710 0.168798 0.171806 0.174918 0.178892 0.182505 0.186447 0.190722 0.194454 0.198777 0.203180 0.207359 0.211859 0.215934 0.220845 0.225008 0.229536 0.233800 0.238696 0.243784 0.248038 0.253086 0.258010 0.263510 0.268501 0.273935 0.278987 0.284836 0.289557 0.295160 0.300817 0.305763 0.311251 0.316841 0.323381 0.328205 0.333101 0.338888 0.343967 0.349734 0.355917 0.362239 0.366952 0.372511 0.377863 0.384299 0.390060 0.395986 0.400857 0.406092 0.412108 0.417311 0.422691 0.427876 0.432798 0.438873 0.443969 0.450375 0.455827 0.461373 0.467366 0.473148 0.478564 0.484235 0.489028 0.494041 0.498463 0.503456 0.508261 0.512949 0.517793 0.522390 0.527231 0.531191 0.535116 0.539389 0.543501 0.548272 0.552322 0.556052 0.560164 0.564320 0.568438 0.572569 0.576945 0.581414 0.584871 0.589091 0.592615 0.596733 0.600647 0.604550 0.607941 0.611731 0.616424 0.620734 0.624170 0.628084 0.632146 0.636607 0.640031 0.643404 0.646625 0.649408 0.651819 0.654527 0.657305 0.659749 0.662880 0.665937 0.668278 0.672208 0.676314 0.679915 0.683928 0.687185 0.691698 0.694491 0.698650 0.701794 0.705070 0.708601 0.711914 0.715329 0.718895 0.722173 0.726015 0.729535 0.732771 0.736230 0.739579 0.743182 0.746575 0.749902 0.752903 0.756673 0.760933 0.764575 0.767454 0.770684 0.774159 0.777255 0.780199 0.784101 0.786683 0.789990 0.793395 0.797057 0.800101 0.803023 0.806183 0.809607 0.813116 0.816826 0.820740 0.824742 0.828680 0.832336 0.836135 0.839951 0.843071 0.847165 0.851532 0.856679 0.860373 0.863103 0.867608 0.870596 0.874494 0.878115 0.882219 0.885286 0.889089 0.891652 0.894707 0.899090 0.902736 0.905145 0.908664 0.912729 0.915181 0.918551 0.921305 0.925261 0.928530 0.931124 0.935342 0.938440 0.941801 0.945414 0.949249 0.952287 0.955706 0.959272 0.962406 0.966294 0.970348 0.974510 0.978397 0.981434 0.983591 0.986561 0.989095 0.991999))
(time 0)
(channel blue)
(curve
       (curve-type free)
       (n-points 17)
       (points 34 -1.0 -1.0 -1.0 -1.0 -1.0 -1.0 -1.0 -1.0 -1.0 -1.0 -1.0 -1.0 -1.0 -1.0 -1.0 -1.0 -1.0 -1.0 -1.0 -1.0 -1.0 -1.0 -1.0 -1.0 -1.0 -1.0 -1.0 -1.0 -1.0 -1.0 -1.0 -1.0 -1.0 -1.0)
       (n-samples 256)
       (samples 256 0.191087 0.189946 0.186360 0.174120 0.161624 0.138425 0.122750 0.105968 0.093034 0.084358 0.081194 0.081061 0.080617 0.082298 0.085336 0.088828 0.092985 0.096354 0.101182 0.106394 0.108952 0.114205 0.117820 0.121682 0.123950 0.125717 0.124277 0.125099 0.126837 0.129027 0.129309 0.129672 0.129342 0.130340 0.131461 0.132715 0.135701 0.137257 0.140565 0.144363 0.147696 0.151462 0.155283 0.157928 0.162380 0.167367 0.169816 0.175297 0.178316 0.183630 0.187482 0.192635 0.197833 0.201645 0.205488 0.208100 0.211932 0.216097 0.217631 0.222468 0.225051 0.228374 0.232127 0.235757 0.240506 0.245003 0.248786 0.251635 0.255653 0.258930 0.262705 0.267375 0.270331 0.277414 0.279563 0.283154 0.285016 0.291260 0.295901 0.301097 0.305865 0.310393 0.315176 0.320564 0.325781 0.330061 0.335325 0.340202 0.344820 0.351349 0.356569 0.362474 0.366794 0.372965 0.377756 0.382577 0.387910 0.392771 0.397949 0.402603 0.407833 0.413124 0.418419 0.422758 0.428421 0.432972 0.437929 0.442796 0.447742 0.452272 0.456779 0.461629 0.465693 0.469564 0.474103 0.478259 0.483625 0.487643 0.492492 0.496379 0.500401 0.504302 0.508877 0.513485 0.517517 0.521725 0.525660 0.529049 0.533333 0.537817 0.541443 0.545301 0.549719 0.552902 0.557488 0.560390 0.564760 0.568462 0.573369 0.578844 0.583080 0.587956 0.591999 0.595025 0.599162 0.603058 0.607561 0.611402 0.615275 0.617851 0.623216 0.626146 0.629733 0.633530 0.638759 0.643631 0.646465 0.649090 0.653593 0.656177 0.659589 0.664243 0.666167 0.670796 0.672554 0.677614 0.679813 0.683184 0.686260 0.688961 0.690816 0.695804 0.697770 0.700187 0.703575 0.706184 0.708545 0.711664 0.714951 0.718096 0.719838 0.721339 0.725010 0.727341 0.730607 0.732725 0.735973 0.738701 0.740974 0.743007 0.746554 0.749727 0.752290 0.755499 0.758332 0.761411 0.764524 0.767396 0.771163 0.774014 0.776904 0.780284 0.783619 0.786657 0.789793 0.793381 0.796696 0.800189 0.803704 0.807003 0.810891 0.814165 0.817204 0.820944 0.823661 0.827322 0.830242 0.833565 0.836629 0.839994 0.843275 0.846757 0.850307 0.853471 0.856700 0.860016 0.862954 0.865588 0.868659 0.871436 0.874870 0.879750 0.886943 0.895282 0.901990 0.906259 0.909890 0.913535 0.917626 0.921031 0.924412 0.929111 0.933826 0.938224 0.942577 0.948069 0.952847 0.957692 0.961927 0.966875 0.971407 0.975887 0.979342 0.981231 0.981046 0.984114))
(time 0)
(channel alpha)
(curve
       (curve-type free)
       (n-points 17)
       (points 34 -1.0 -1.0 -1.0 -1.0 -1.0 -1.0 -1.0 -1.0 -1.0 -1.0 -1.0 -1.0 -1.0 -1.0 -1.0 -1.0 -1.0 -1.0 -1.0 -1.0 -1.0 -1.0 -1.0 -1.0 -1.0 -1.0 -1.0 -1.0 -1.0 -1.0 -1.0 -1.0 -1.0 -1.0)
       (n-samples 256)
       (samples 256 0.000000 0.003922 0.007843 0.011765 0.015686 0.019608 0.023529 0.027451 0.031373 0.035294 0.039216 0.043137 0.047059 0.050980 0.054902 0.058824 0.062745 0.066667 0.070588 0.074510 0.078431 0.082353 0.086275 0.090196 0.094118 0.098039 0.101961 0.105882 0.109804 0.113725 0.117647 0.121569 0.125490 0.129412 0.133333 0.137255 0.141176 0.145098 0.149020 0.152941 0.156863 0.160784 0.164706 0.168627 0.172549 0.176471 0.180392 0.184314 0.188235 0.192157 0.196078 0.200000 0.203922 0.207843 0.211765 0.215686 0.219608 0.223529 0.227451 0.231373 0.235294 0.239216 0.243137 0.247059 0.250980 0.254902 0.258824 0.262745 0.266667 0.270588 0.274510 0.278431 0.282353 0.286275 0.290196 0.294118 0.298039 0.301961 0.305882 0.309804 0.313725 0.317647 0.321569 0.325490 0.329412 0.333333 0.337255 0.341176 0.345098 0.349020 0.352941 0.356863 0.360784 0.364706 0.368627 0.372549 0.376471 0.380392 0.384314 0.388235 0.392157 0.396078 0.400000 0.403922 0.407843 0.411765 0.415686 0.419608 0.423529 0.427451 0.431373 0.435294 0.439216 0.443137 0.447059 0.450980 0.454902 0.458824 0.462745 0.466667 0.470588 0.474510 0.478431 0.482353 0.486275 0.490196 0.494118 0.498039 0.501961 0.505882 0.509804 0.513725 0.517647 0.521569 0.525490 0.529412 0.533333 0.537255 0.541176 0.545098 0.549020 0.552941 0.556863 0.560784 0.564706 0.568627 0.572549 0.576471 0.580392 0.584314 0.588235 0.592157 0.596078 0.600000 0.603922 0.607843 0.611765 0.615686 0.619608 0.623529 0.627451 0.631373 0.635294 0.639216 0.643137 0.647059 0.650980 0.654902 0.658824 0.662745 0.666667 0.670588 0.674510 0.678431 0.682353 0.686275 0.690196 0.694118 0.698039 0.701961 0.705882 0.709804 0.713725 0.717647 0.721569 0.725490 0.729412 0.733333 0.737255 0.741176 0.745098 0.749020 0.752941 0.756863 0.760784 0.764706 0.768627 0.772549 0.776471 0.780392 0.784314 0.788235 0.792157 0.796078 0.800000 0.803922 0.807843 0.811765 0.815686 0.819608 0.823529 0.827451 0.831373 0.835294 0.839216 0.843137 0.847059 0.850980 0.854902 0.858824 0.862745 0.866667 0.870588 0.874510 0.878431 0.882353 0.886275 0.890196 0.894118 0.898039 0.901961 0.905882 0.909804 0.913725 0.917647 0.921569 0.925490 0.929412 0.933333 0.937255 0.941176 0.945098 0.949020 0.952941 0.956863 0.960784 0.964706 0.968627 0.972549 0.976471 0.980392 0.984314 0.988235 0.992157 0.996078 1.000000))
# end of curves tool settings
