# GIMP curves tool settings

(time 0)
(channel value)
(curve
       (curve-type free)
       (n-points 17)
       (points 34 -1.0 -1.0 -1.0 -1.0 -1.0 -1.0 -1.0 -1.0 -1.0 -1.0 -1.0 -1.0 -1.0 -1.0 -1.0 -1.0 -1.0 -1.0 -1.0 -1.0 -1.0 -1.0 -1.0 -1.0 -1.0 -1.0 -1.0 -1.0 -1.0 -1.0 -1.0 -1.0 -1.0 -1.0)
       (n-samples 256)
       (samples 256 0.000000 0.003922 0.007843 0.011765 0.015686 0.019608 0.023529 0.027451 0.031373 0.035294 0.039216 0.043137 0.047059 0.050980 0.054902 0.058824 0.062745 0.066667 0.070588 0.074510 0.078431 0.082353 0.086275 0.090196 0.094118 0.098039 0.101961 0.105882 0.109804 0.113725 0.117647 0.121569 0.125490 0.129412 0.133333 0.137255 0.141176 0.145098 0.149020 0.152941 0.156863 0.160784 0.164706 0.168627 0.172549 0.176471 0.180392 0.184314 0.188235 0.192157 0.196078 0.200000 0.203922 0.207843 0.211765 0.215686 0.219608 0.223529 0.227451 0.231373 0.235294 0.239216 0.243137 0.247059 0.250980 0.254902 0.258824 0.262745 0.266667 0.270588 0.274510 0.278431 0.282353 0.286275 0.290196 0.294118 0.298039 0.301961 0.305882 0.309804 0.313725 0.317647 0.321569 0.325490 0.329412 0.333333 0.337255 0.341176 0.345098 0.349020 0.352941 0.356863 0.360784 0.364706 0.368627 0.372549 0.376471 0.380392 0.384314 0.388235 0.392157 0.396078 0.400000 0.403922 0.407843 0.411765 0.415686 0.419608 0.423529 0.427451 0.431373 0.435294 0.439216 0.443137 0.447059 0.450980 0.454902 0.458824 0.462745 0.466667 0.470588 0.474510 0.478431 0.482353 0.486275 0.490196 0.494118 0.498039 0.501961 0.505882 0.509804 0.513725 0.517647 0.521569 0.525490 0.529412 0.533333 0.537255 0.541176 0.545098 0.549020 0.552941 0.556863 0.560784 0.564706 0.568627 0.572549 0.576471 0.580392 0.584314 0.588235 0.592157 0.596078 0.600000 0.603922 0.607843 0.611765 0.615686 0.619608 0.623529 0.627451 0.631373 0.635294 0.639216 0.643137 0.647059 0.650980 0.654902 0.658824 0.662745 0.666667 0.670588 0.674510 0.678431 0.682353 0.686275 0.690196 0.694118 0.698039 0.701961 0.705882 0.709804 0.713725 0.717647 0.721569 0.725490 0.729412 0.733333 0.737255 0.741176 0.745098 0.749020 0.752941 0.756863 0.760784 0.764706 0.768627 0.772549 0.776471 0.780392 0.784314 0.788235 0.792157 0.796078 0.800000 0.803922 0.807843 0.811765 0.815686 0.819608 0.823529 0.827451 0.831373 0.835294 0.839216 0.843137 0.847059 0.850980 0.854902 0.858824 0.862745 0.866667 0.870588 0.874510 0.878431 0.882353 0.886275 0.890196 0.894118 0.898039 0.901961 0.905882 0.909804 0.913725 0.917647 0.921569 0.925490 0.929412 0.933333 0.937255 0.941176 0.945098 0.949020 0.952941 0.956863 0.960784 0.964706 0.968627 0.972549 0.976471 0.980392 0.984314 0.988235 0.992157 0.996078 1.000000))
(time 0)
(channel red)
(curve
       (curve-type free)
       (n-points 17)
       (points 34 -1.0 -1.0 -1.0 -1.0 -1.0 -1.0 -1.0 -1.0 -1.0 -1.0 -1.0 -1.0 -1.0 -1.0 -1.0 -1.0 -1.0 -1.0 -1.0 -1.0 -1.0 -1.0 -1.0 -1.0 -1.0 -1.0 -1.0 -1.0 -1.0 -1.0 -1.0 -1.0 -1.0 -1.0)
       (n-samples 256)
       (samples 256 0.019185 0.040430 0.025940 0.033987 0.016558 0.021610 0.012986 0.019301 0.022876 0.021950 0.024346 0.025958 0.027232 0.028692 0.031384 0.033834 0.034269 0.037169 0.038706 0.041166 0.044539 0.046409 0.048966 0.051913 0.053270 0.055730 0.057706 0.060304 0.062891 0.065641 0.068340 0.071430 0.074798 0.076784 0.079765 0.082564 0.084872 0.088597 0.091355 0.095011 0.098587 0.102048 0.105500 0.108888 0.112752 0.116590 0.120614 0.124938 0.128996 0.133933 0.138603 0.143478 0.147946 0.153298 0.157703 0.162611 0.167155 0.172666 0.177798 0.183323 0.188675 0.194475 0.199404 0.204634 0.210346 0.216682 0.222683 0.228430 0.234460 0.240284 0.246193 0.253284 0.258839 0.265096 0.271876 0.278672 0.285507 0.291987 0.298674 0.305430 0.311888 0.318213 0.326045 0.331910 0.338775 0.345430 0.352277 0.358987 0.365180 0.371936 0.378443 0.385044 0.391905 0.398009 0.404317 0.410692 0.417427 0.423244 0.430632 0.436427 0.442970 0.449764 0.456698 0.462561 0.468823 0.475044 0.481182 0.487171 0.492546 0.498549 0.504309 0.509456 0.515800 0.520754 0.526672 0.532347 0.537950 0.543930 0.548966 0.554151 0.558384 0.564385 0.569129 0.572904 0.577782 0.583406 0.589797 0.595342 0.599881 0.605157 0.609306 0.614879 0.619086 0.623850 0.628169 0.632924 0.636863 0.641216 0.644750 0.648822 0.652565 0.656494 0.660387 0.664084 0.668064 0.671337 0.675239 0.678749 0.682120 0.685253 0.689107 0.692559 0.696074 0.700217 0.703375 0.706428 0.709917 0.712789 0.716843 0.720790 0.724213 0.728020 0.731157 0.734325 0.737814 0.740972 0.744070 0.747970 0.750903 0.754221 0.757407 0.760647 0.763990 0.767129 0.770453 0.773472 0.777077 0.780299 0.783316 0.786680 0.789743 0.792804 0.795890 0.798771 0.802412 0.805047 0.808221 0.811107 0.814159 0.817673 0.820401 0.823267 0.826224 0.829187 0.832179 0.834839 0.837597 0.840432 0.843147 0.845396 0.847534 0.849858 0.851916 0.854667 0.857345 0.858847 0.862018 0.864507 0.866826 0.870274 0.871644 0.874536 0.876780 0.877996 0.882632 0.884417 0.887203 0.889649 0.893274 0.896188 0.898238 0.901110 0.903171 0.905938 0.909081 0.910879 0.913020 0.914829 0.917462 0.919691 0.922033 0.923354 0.926118 0.928441 0.932599 0.932405 0.939167 0.943383 0.945922 0.948794 0.950709 0.951520 0.951774 0.956863 0.970980 0.984314 0.964706 0.976471 0.996078 0.949020 0.949020 0.949020 0.949020 0.949020 0.949020 0.949020))
(time 0)
(channel green)
(curve
       (curve-type free)
       (n-points 17)
       (points 34 -1.0 -1.0 -1.0 -1.0 -1.0 -1.0 -1.0 -1.0 -1.0 -1.0 -1.0 -1.0 -1.0 -1.0 -1.0 -1.0 -1.0 -1.0 -1.0 -1.0 -1.0 -1.0 -1.0 -1.0 -1.0 -1.0 -1.0 -1.0 -1.0 -1.0 -1.0 -1.0 -1.0 -1.0)
       (n-samples 256)
       (samples 256 0.011912 0.016078 0.015033 0.016756 0.023747 0.024762 0.029642 0.027947 0.031361 0.031952 0.032390 0.034247 0.036688 0.039017 0.040965 0.042801 0.046053 0.047443 0.050817 0.052345 0.055742 0.058129 0.061002 0.063148 0.065188 0.067855 0.071227 0.074123 0.076873 0.080635 0.083599 0.086367 0.090421 0.094277 0.098469 0.101759 0.104868 0.108582 0.112371 0.116682 0.121300 0.125605 0.129935 0.134969 0.139075 0.144615 0.149050 0.154294 0.159756 0.165053 0.170588 0.175876 0.181130 0.186825 0.192501 0.198873 0.204455 0.210664 0.215830 0.222019 0.228495 0.234713 0.241328 0.248111 0.254633 0.261073 0.268184 0.274913 0.282395 0.288628 0.295487 0.302104 0.308585 0.315115 0.321720 0.328433 0.335461 0.342009 0.348715 0.355782 0.361989 0.368483 0.375377 0.381988 0.388473 0.394681 0.400708 0.407383 0.413452 0.419364 0.425600 0.431792 0.437793 0.444031 0.449418 0.455251 0.461090 0.466324 0.472218 0.477170 0.482637 0.487578 0.492734 0.497750 0.502396 0.508156 0.512754 0.517416 0.522727 0.527899 0.532398 0.535980 0.541125 0.546370 0.551034 0.554430 0.559365 0.563591 0.567389 0.572071 0.575633 0.579454 0.584066 0.587984 0.591841 0.595677 0.599764 0.603611 0.607331 0.611227 0.615022 0.618763 0.622568 0.626024 0.629538 0.632888 0.636711 0.639530 0.642957 0.646112 0.649431 0.653183 0.656136 0.659405 0.662830 0.665822 0.669843 0.673318 0.676097 0.679230 0.682675 0.686171 0.688954 0.692317 0.695175 0.698757 0.702116 0.705018 0.708268 0.712327 0.715110 0.718095 0.721606 0.724422 0.728316 0.730650 0.734652 0.737935 0.740531 0.744130 0.746984 0.751051 0.754162 0.757057 0.760833 0.764778 0.768288 0.771099 0.774179 0.777002 0.780023 0.782361 0.785807 0.789128 0.792001 0.795194 0.798382 0.801361 0.803702 0.806635 0.809539 0.812149 0.814639 0.818270 0.820615 0.823689 0.826252 0.829350 0.832197 0.834409 0.837277 0.839632 0.842520 0.845047 0.847719 0.850169 0.852630 0.854681 0.856903 0.859478 0.861967 0.864792 0.866996 0.870441 0.873442 0.875286 0.877901 0.880395 0.882987 0.884838 0.886722 0.888506 0.891538 0.895897 0.897889 0.899785 0.904076 0.906211 0.909072 0.911449 0.913741 0.915778 0.918828 0.922030 0.923865 0.927758 0.929037 0.932082 0.934574 0.937331 0.939709 0.939140 0.941176 0.941176 0.941176 0.946078 0.962745 0.929412 0.929412 0.929412 0.929412 0.929412 0.929412 0.980392 0.980392 0.952941))
(time 0)
(channel blue)
(curve
       (curve-type free)
       (n-points 17)
       (points 34 -1.0 -1.0 -1.0 -1.0 -1.0 -1.0 -1.0 -1.0 -1.0 -1.0 -1.0 -1.0 -1.0 -1.0 -1.0 -1.0 -1.0 -1.0 -1.0 -1.0 -1.0 -1.0 -1.0 -1.0 -1.0 -1.0 -1.0 -1.0 -1.0 -1.0 -1.0 -1.0 -1.0 -1.0)
       (n-samples 256)
       (samples 256 0.007550 0.007843 0.008050 0.017544 0.023800 0.018065 0.021532 0.024311 0.025458 0.027192 0.028423 0.028781 0.031082 0.033904 0.035936 0.038115 0.039814 0.041587 0.043344 0.046121 0.048497 0.050256 0.052147 0.054690 0.056573 0.058921 0.061512 0.063595 0.066617 0.069195 0.072310 0.075034 0.078153 0.081634 0.084674 0.088747 0.091967 0.095627 0.099465 0.103159 0.107140 0.110969 0.115117 0.119330 0.123406 0.127876 0.132533 0.137256 0.142092 0.146267 0.151266 0.155174 0.159779 0.164777 0.170749 0.176711 0.182199 0.187628 0.192685 0.198945 0.204720 0.211435 0.217908 0.223885 0.230665 0.237267 0.243676 0.249122 0.255527 0.262738 0.269456 0.276665 0.283919 0.291809 0.298474 0.304476 0.310991 0.317821 0.325475 0.332372 0.340002 0.347240 0.353151 0.359860 0.366093 0.371882 0.379181 0.384400 0.391348 0.396839 0.402836 0.409021 0.414468 0.420873 0.426968 0.433073 0.437282 0.444076 0.450680 0.455855 0.461558 0.467112 0.472092 0.476713 0.482765 0.487526 0.492192 0.497414 0.503399 0.508040 0.513380 0.519011 0.523517 0.527513 0.530975 0.535890 0.539937 0.543042 0.547848 0.552329 0.556219 0.560454 0.564246 0.567062 0.571172 0.575201 0.578174 0.583313 0.587277 0.590812 0.595715 0.599307 0.604338 0.607312 0.611739 0.615397 0.619874 0.623897 0.627944 0.631369 0.634981 0.639179 0.642555 0.646617 0.650656 0.653662 0.657092 0.660953 0.664937 0.669440 0.672783 0.675884 0.679633 0.684537 0.687643 0.690683 0.695007 0.699914 0.704187 0.708155 0.711301 0.715132 0.717638 0.721282 0.724926 0.728600 0.732053 0.734978 0.737947 0.741515 0.744314 0.748273 0.751870 0.756430 0.759999 0.764141 0.767023 0.770838 0.774376 0.777551 0.780866 0.784050 0.787382 0.791134 0.793552 0.796615 0.799997 0.803673 0.806491 0.809147 0.812772 0.815646 0.818302 0.820541 0.823129 0.825320 0.828752 0.830997 0.833285 0.836106 0.838158 0.842445 0.844776 0.846964 0.850315 0.853257 0.855960 0.859188 0.861331 0.863938 0.866377 0.868879 0.871452 0.873461 0.875018 0.876755 0.878267 0.880548 0.882232 0.884872 0.886846 0.889827 0.892308 0.895227 0.898120 0.900928 0.905030 0.907091 0.909516 0.911970 0.913426 0.914833 0.917683 0.921370 0.924586 0.928857 0.930878 0.932862 0.935905 0.938579 0.940692 0.944604 0.946384 0.950012 0.953055 0.955731 0.958872 0.958060 0.956863 0.946667 0.956863 0.921569 0.996078 0.971242 0.981699 0.977778))
(time 0)
(channel alpha)
(curve
       (curve-type free)
       (n-points 17)
       (points 34 -1.0 -1.0 -1.0 -1.0 -1.0 -1.0 -1.0 -1.0 -1.0 -1.0 -1.0 -1.0 -1.0 -1.0 -1.0 -1.0 -1.0 -1.0 -1.0 -1.0 -1.0 -1.0 -1.0 -1.0 -1.0 -1.0 -1.0 -1.0 -1.0 -1.0 -1.0 -1.0 -1.0 -1.0)
       (n-samples 256)
       (samples 256 0.000000 0.003922 0.007843 0.011765 0.015686 0.019608 0.023529 0.027451 0.031373 0.035294 0.039216 0.043137 0.047059 0.050980 0.054902 0.058824 0.062745 0.066667 0.070588 0.074510 0.078431 0.082353 0.086275 0.090196 0.094118 0.098039 0.101961 0.105882 0.109804 0.113725 0.117647 0.121569 0.125490 0.129412 0.133333 0.137255 0.141176 0.145098 0.149020 0.152941 0.156863 0.160784 0.164706 0.168627 0.172549 0.176471 0.180392 0.184314 0.188235 0.192157 0.196078 0.200000 0.203922 0.207843 0.211765 0.215686 0.219608 0.223529 0.227451 0.231373 0.235294 0.239216 0.243137 0.247059 0.250980 0.254902 0.258824 0.262745 0.266667 0.270588 0.274510 0.278431 0.282353 0.286275 0.290196 0.294118 0.298039 0.301961 0.305882 0.309804 0.313725 0.317647 0.321569 0.325490 0.329412 0.333333 0.337255 0.341176 0.345098 0.349020 0.352941 0.356863 0.360784 0.364706 0.368627 0.372549 0.376471 0.380392 0.384314 0.388235 0.392157 0.396078 0.400000 0.403922 0.407843 0.411765 0.415686 0.419608 0.423529 0.427451 0.431373 0.435294 0.439216 0.443137 0.447059 0.450980 0.454902 0.458824 0.462745 0.466667 0.470588 0.474510 0.478431 0.482353 0.486275 0.490196 0.494118 0.498039 0.501961 0.505882 0.509804 0.513725 0.517647 0.521569 0.525490 0.529412 0.533333 0.537255 0.541176 0.545098 0.549020 0.552941 0.556863 0.560784 0.564706 0.568627 0.572549 0.576471 0.580392 0.584314 0.588235 0.592157 0.596078 0.600000 0.603922 0.607843 0.611765 0.615686 0.619608 0.623529 0.627451 0.631373 0.635294 0.639216 0.643137 0.647059 0.650980 0.654902 0.658824 0.662745 0.666667 0.670588 0.674510 0.678431 0.682353 0.686275 0.690196 0.694118 0.698039 0.701961 0.705882 0.709804 0.713725 0.717647 0.721569 0.725490 0.729412 0.733333 0.737255 0.741176 0.745098 0.749020 0.752941 0.756863 0.760784 0.764706 0.768627 0.772549 0.776471 0.780392 0.784314 0.788235 0.792157 0.796078 0.800000 0.803922 0.807843 0.811765 0.815686 0.819608 0.823529 0.827451 0.831373 0.835294 0.839216 0.843137 0.847059 0.850980 0.854902 0.858824 0.862745 0.866667 0.870588 0.874510 0.878431 0.882353 0.886275 0.890196 0.894118 0.898039 0.901961 0.905882 0.909804 0.913725 0.917647 0.921569 0.925490 0.929412 0.933333 0.937255 0.941176 0.945098 0.949020 0.952941 0.956863 0.960784 0.964706 0.968627 0.972549 0.976471 0.980392 0.984314 0.988235 0.992157 0.996078 1.000000))
# end of curves tool settings
