# GIMP curves tool settings

(time 0)
(channel value)
(curve
       (curve-type free)
       (n-points 17)
       (points 34 -1.0 -1.0 -1.0 -1.0 -1.0 -1.0 -1.0 -1.0 -1.0 -1.0 -1.0 -1.0 -1.0 -1.0 -1.0 -1.0 -1.0 -1.0 -1.0 -1.0 -1.0 -1.0 -1.0 -1.0 -1.0 -1.0 -1.0 -1.0 -1.0 -1.0 -1.0 -1.0 -1.0 -1.0)
       (n-samples 256)
       (samples 256 0.000000 0.003922 0.007843 0.011765 0.015686 0.019608 0.023529 0.027451 0.031373 0.035294 0.039216 0.043137 0.047059 0.050980 0.054902 0.058824 0.062745 0.066667 0.070588 0.074510 0.078431 0.082353 0.086275 0.090196 0.094118 0.098039 0.101961 0.105882 0.109804 0.113725 0.117647 0.121569 0.125490 0.129412 0.133333 0.137255 0.141176 0.145098 0.149020 0.152941 0.156863 0.160784 0.164706 0.168627 0.172549 0.176471 0.180392 0.184314 0.188235 0.192157 0.196078 0.200000 0.203922 0.207843 0.211765 0.215686 0.219608 0.223529 0.227451 0.231373 0.235294 0.239216 0.243137 0.247059 0.250980 0.254902 0.258824 0.262745 0.266667 0.270588 0.274510 0.278431 0.282353 0.286275 0.290196 0.294118 0.298039 0.301961 0.305882 0.309804 0.313725 0.317647 0.321569 0.325490 0.329412 0.333333 0.337255 0.341176 0.345098 0.349020 0.352941 0.356863 0.360784 0.364706 0.368627 0.372549 0.376471 0.380392 0.384314 0.388235 0.392157 0.396078 0.400000 0.403922 0.407843 0.411765 0.415686 0.419608 0.423529 0.427451 0.431373 0.435294 0.439216 0.443137 0.447059 0.450980 0.454902 0.458824 0.462745 0.466667 0.470588 0.474510 0.478431 0.482353 0.486275 0.490196 0.494118 0.498039 0.501961 0.505882 0.509804 0.513725 0.517647 0.521569 0.525490 0.529412 0.533333 0.537255 0.541176 0.545098 0.549020 0.552941 0.556863 0.560784 0.564706 0.568627 0.572549 0.576471 0.580392 0.584314 0.588235 0.592157 0.596078 0.600000 0.603922 0.607843 0.611765 0.615686 0.619608 0.623529 0.627451 0.631373 0.635294 0.639216 0.643137 0.647059 0.650980 0.654902 0.658824 0.662745 0.666667 0.670588 0.674510 0.678431 0.682353 0.686275 0.690196 0.694118 0.698039 0.701961 0.705882 0.709804 0.713725 0.717647 0.721569 0.725490 0.729412 0.733333 0.737255 0.741176 0.745098 0.749020 0.752941 0.756863 0.760784 0.764706 0.768627 0.772549 0.776471 0.780392 0.784314 0.788235 0.792157 0.796078 0.800000 0.803922 0.807843 0.811765 0.815686 0.819608 0.823529 0.827451 0.831373 0.835294 0.839216 0.843137 0.847059 0.850980 0.854902 0.858824 0.862745 0.866667 0.870588 0.874510 0.878431 0.882353 0.886275 0.890196 0.894118 0.898039 0.901961 0.905882 0.909804 0.913725 0.917647 0.921569 0.925490 0.929412 0.933333 0.937255 0.941176 0.945098 0.949020 0.952941 0.956863 0.960784 0.964706 0.968627 0.972549 0.976471 0.980392 0.984314 0.988235 0.992157 0.996078 1.000000))
(time 0)
(channel red)
(curve
       (curve-type free)
       (n-points 17)
       (points 34 -1.0 -1.0 -1.0 -1.0 -1.0 -1.0 -1.0 -1.0 -1.0 -1.0 -1.0 -1.0 -1.0 -1.0 -1.0 -1.0 -1.0 -1.0 -1.0 -1.0 -1.0 -1.0 -1.0 -1.0 -1.0 -1.0 -1.0 -1.0 -1.0 -1.0 -1.0 -1.0 -1.0 -1.0)
       (n-samples 256)
       (samples 256 0.026951 0.027521 0.028485 0.029295 0.030050 0.030275 0.030424 0.030763 0.030898 0.031304 0.031696 0.031805 0.031971 0.031894 0.031212 0.031236 0.031090 0.030810 0.030932 0.030201 0.030115 0.029997 0.029921 0.029573 0.029069 0.029366 0.028775 0.029018 0.029445 0.029081 0.029074 0.028663 0.029419 0.029287 0.028978 0.030034 0.029355 0.030612 0.030590 0.031296 0.030689 0.031884 0.032387 0.033271 0.033791 0.035721 0.035921 0.037755 0.038812 0.041869 0.043743 0.044937 0.048175 0.049804 0.051840 0.053755 0.055552 0.058039 0.060700 0.063253 0.066688 0.068874 0.072173 0.075542 0.077900 0.080158 0.082167 0.084578 0.086993 0.090259 0.092968 0.094104 0.094309 0.097315 0.099953 0.100884 0.106121 0.106350 0.107373 0.106666 0.107213 0.110138 0.110624 0.110102 0.112566 0.110969 0.114075 0.112768 0.114514 0.114382 0.118692 0.121463 0.123984 0.127606 0.129561 0.131788 0.137935 0.144697 0.150767 0.154811 0.161582 0.171089 0.177219 0.186035 0.193101 0.201751 0.209813 0.217792 0.227205 0.238706 0.243215 0.253800 0.264787 0.275053 0.284268 0.292436 0.298633 0.314046 0.323027 0.331714 0.336594 0.343441 0.353343 0.358211 0.368976 0.374808 0.384086 0.388420 0.397967 0.401593 0.406392 0.410437 0.421340 0.421663 0.431954 0.438578 0.443269 0.445340 0.450478 0.459436 0.457447 0.464691 0.472980 0.480179 0.494764 0.499549 0.515743 0.508706 0.518965 0.531214 0.539573 0.543743 0.550343 0.558003 0.564251 0.569965 0.570853 0.580832 0.580667 0.595190 0.603961 0.606893 0.600051 0.604784 0.611013 0.617134 0.619135 0.619955 0.619650 0.627929 0.634407 0.642391 0.651763 0.656626 0.659958 0.669051 0.679688 0.683545 0.686366 0.693538 0.695155 0.706274 0.707869 0.714557 0.723090 0.727545 0.722399 0.732384 0.730317 0.737231 0.741876 0.743185 0.748359 0.751203 0.756148 0.752934 0.753952 0.756344 0.766429 0.766230 0.765271 0.769670 0.777716 0.783211 0.784438 0.791524 0.795202 0.801612 0.806729 0.812681 0.812142 0.817510 0.821234 0.826837 0.832287 0.837662 0.838639 0.845120 0.849419 0.855914 0.860906 0.867262 0.871144 0.880459 0.882288 0.889245 0.894943 0.901993 0.905839 0.909728 0.917173 0.929014 0.932994 0.931584 0.939348 0.940837 0.946813 0.947507 0.955679 0.959492 0.963209 0.968505 0.971919 0.973968 0.975593 0.976212 0.980520 0.980909 0.982633 0.981260 0.981182 0.981131 0.982660 0.984227 0.986054 0.989383))
(time 0)
(channel green)
(curve
       (curve-type free)
       (n-points 17)
       (points 34 -1.0 -1.0 -1.0 -1.0 -1.0 -1.0 -1.0 -1.0 -1.0 -1.0 -1.0 -1.0 -1.0 -1.0 -1.0 -1.0 -1.0 -1.0 -1.0 -1.0 -1.0 -1.0 -1.0 -1.0 -1.0 -1.0 -1.0 -1.0 -1.0 -1.0 -1.0 -1.0 -1.0 -1.0)
       (n-samples 256)
       (samples 256 0.018176 0.030115 0.031713 0.034140 0.035687 0.036927 0.037935 0.038739 0.039911 0.041117 0.041949 0.042931 0.043613 0.044477 0.045280 0.046147 0.047457 0.048455 0.049835 0.051764 0.053373 0.055380 0.057247 0.059667 0.061946 0.064098 0.066099 0.068557 0.070497 0.072565 0.075281 0.076838 0.079280 0.081062 0.083540 0.085810 0.087793 0.090349 0.092608 0.095312 0.097919 0.100324 0.103436 0.106017 0.109010 0.111592 0.114551 0.117596 0.120155 0.122692 0.125815 0.128781 0.132075 0.135083 0.138511 0.141721 0.145006 0.148237 0.151455 0.155173 0.158651 0.161950 0.166032 0.169931 0.173875 0.177840 0.181684 0.185857 0.189226 0.193402 0.196345 0.199676 0.202090 0.205606 0.207828 0.212040 0.215109 0.219057 0.222018 0.225604 0.229145 0.232910 0.237341 0.241904 0.245396 0.250807 0.254532 0.258807 0.264770 0.269075 0.273814 0.278845 0.283920 0.288673 0.294203 0.299889 0.304650 0.311047 0.316643 0.322179 0.327034 0.332514 0.338473 0.343755 0.349795 0.355359 0.361185 0.365817 0.372202 0.377863 0.385031 0.390246 0.395418 0.400743 0.405585 0.411025 0.415162 0.419408 0.424722 0.429548 0.433920 0.439787 0.443341 0.446883 0.451251 0.456669 0.461228 0.466402 0.471091 0.474821 0.480597 0.484845 0.489247 0.494731 0.498939 0.503376 0.508356 0.513125 0.517336 0.523217 0.527647 0.532802 0.538001 0.543200 0.547452 0.553048 0.558097 0.563250 0.568308 0.573682 0.578913 0.583925 0.589062 0.593558 0.598785 0.603615 0.608912 0.614991 0.618829 0.625552 0.629802 0.636162 0.639692 0.645797 0.650956 0.657136 0.661441 0.666069 0.670753 0.673158 0.678205 0.681933 0.687270 0.691403 0.696475 0.699934 0.703179 0.708961 0.713912 0.716696 0.722125 0.726910 0.729676 0.733098 0.738052 0.742454 0.745977 0.750918 0.754043 0.758532 0.762750 0.766924 0.770451 0.773073 0.778163 0.781927 0.786026 0.788704 0.793710 0.796627 0.800598 0.805296 0.807275 0.810932 0.814545 0.818058 0.822206 0.825017 0.829924 0.831385 0.835618 0.840025 0.842284 0.845436 0.848811 0.850403 0.853579 0.856833 0.859517 0.862943 0.865063 0.867746 0.871878 0.873096 0.875529 0.878951 0.880414 0.884657 0.888467 0.890913 0.892369 0.896235 0.897641 0.900659 0.903336 0.906574 0.910301 0.912418 0.915879 0.919166 0.922791 0.926319 0.929994 0.933189 0.936484 0.940362 0.944278 0.948125 0.951714 0.955819 0.959809 0.964421 0.968040 0.972254 0.975501 0.980051))
(time 0)
(channel blue)
(curve
       (curve-type free)
       (n-points 17)
       (points 34 -1.0 -1.0 -1.0 -1.0 -1.0 -1.0 -1.0 -1.0 -1.0 -1.0 -1.0 -1.0 -1.0 -1.0 -1.0 -1.0 -1.0 -1.0 -1.0 -1.0 -1.0 -1.0 -1.0 -1.0 -1.0 -1.0 -1.0 -1.0 -1.0 -1.0 -1.0 -1.0 -1.0 -1.0)
       (n-samples 256)
       (samples 256 0.067119 0.062655 0.066165 0.068577 0.070950 0.073638 0.076916 0.079974 0.083033 0.085993 0.089105 0.091601 0.093806 0.096040 0.097437 0.098971 0.099699 0.100673 0.101496 0.103044 0.104532 0.106293 0.106618 0.108699 0.110300 0.111510 0.112938 0.113220 0.114752 0.115366 0.116751 0.118227 0.119915 0.121400 0.122881 0.123976 0.125691 0.127097 0.128751 0.130494 0.133017 0.135049 0.138454 0.140346 0.143216 0.145802 0.150274 0.152314 0.156146 0.161052 0.164655 0.170741 0.173867 0.178763 0.183743 0.189182 0.193277 0.198299 0.201719 0.205806 0.209550 0.213716 0.217136 0.220215 0.224422 0.227217 0.231043 0.235659 0.237810 0.240849 0.244601 0.246838 0.250575 0.253972 0.258619 0.262316 0.266734 0.270877 0.274453 0.279650 0.283625 0.288245 0.292673 0.296524 0.301233 0.304791 0.310716 0.315518 0.319416 0.324551 0.329681 0.337025 0.341323 0.347448 0.351636 0.357650 0.363864 0.369301 0.373488 0.379920 0.385387 0.389783 0.396277 0.401943 0.407824 0.413419 0.418338 0.425066 0.428878 0.436127 0.440456 0.445196 0.451996 0.457640 0.462405 0.465924 0.472145 0.475710 0.481718 0.485934 0.490737 0.493746 0.499841 0.504914 0.507170 0.511276 0.514590 0.522097 0.524109 0.530053 0.533402 0.537304 0.543383 0.545601 0.550559 0.552706 0.557828 0.560108 0.562637 0.568641 0.570628 0.574142 0.576947 0.579628 0.585476 0.588321 0.594538 0.599763 0.603107 0.608991 0.610029 0.614523 0.623357 0.625220 0.627386 0.634653 0.636285 0.640678 0.648199 0.650269 0.650939 0.656532 0.660366 0.662988 0.666891 0.672391 0.676502 0.678625 0.687115 0.688868 0.691233 0.694170 0.699108 0.704328 0.706758 0.707587 0.714869 0.722160 0.724503 0.726971 0.732596 0.731437 0.737166 0.740734 0.744432 0.747834 0.752304 0.753703 0.759144 0.759994 0.766526 0.772284 0.775325 0.777459 0.780685 0.785861 0.785969 0.792611 0.791748 0.798543 0.798989 0.805166 0.805501 0.810856 0.814868 0.813439 0.822544 0.822704 0.827579 0.828631 0.835052 0.839600 0.838197 0.841429 0.844820 0.845574 0.849515 0.852874 0.854261 0.858917 0.858559 0.861037 0.867258 0.869312 0.873241 0.876431 0.878676 0.882972 0.885011 0.889695 0.892332 0.894840 0.897290 0.900532 0.905824 0.906181 0.910030 0.913529 0.915538 0.919758 0.923789 0.925004 0.927126 0.930469 0.933596 0.935839 0.939260 0.940772 0.942863 0.944378 0.946078 0.949364 0.950851 0.955014 0.957150 0.962547))
(time 0)
(channel alpha)
(curve
       (curve-type free)
       (n-points 17)
       (points 34 -1.0 -1.0 -1.0 -1.0 -1.0 -1.0 -1.0 -1.0 -1.0 -1.0 -1.0 -1.0 -1.0 -1.0 -1.0 -1.0 -1.0 -1.0 -1.0 -1.0 -1.0 -1.0 -1.0 -1.0 -1.0 -1.0 -1.0 -1.0 -1.0 -1.0 -1.0 -1.0 -1.0 -1.0)
       (n-samples 256)
       (samples 256 0.000000 0.003922 0.007843 0.011765 0.015686 0.019608 0.023529 0.027451 0.031373 0.035294 0.039216 0.043137 0.047059 0.050980 0.054902 0.058824 0.062745 0.066667 0.070588 0.074510 0.078431 0.082353 0.086275 0.090196 0.094118 0.098039 0.101961 0.105882 0.109804 0.113725 0.117647 0.121569 0.125490 0.129412 0.133333 0.137255 0.141176 0.145098 0.149020 0.152941 0.156863 0.160784 0.164706 0.168627 0.172549 0.176471 0.180392 0.184314 0.188235 0.192157 0.196078 0.200000 0.203922 0.207843 0.211765 0.215686 0.219608 0.223529 0.227451 0.231373 0.235294 0.239216 0.243137 0.247059 0.250980 0.254902 0.258824 0.262745 0.266667 0.270588 0.274510 0.278431 0.282353 0.286275 0.290196 0.294118 0.298039 0.301961 0.305882 0.309804 0.313725 0.317647 0.321569 0.325490 0.329412 0.333333 0.337255 0.341176 0.345098 0.349020 0.352941 0.356863 0.360784 0.364706 0.368627 0.372549 0.376471 0.380392 0.384314 0.388235 0.392157 0.396078 0.400000 0.403922 0.407843 0.411765 0.415686 0.419608 0.423529 0.427451 0.431373 0.435294 0.439216 0.443137 0.447059 0.450980 0.454902 0.458824 0.462745 0.466667 0.470588 0.474510 0.478431 0.482353 0.486275 0.490196 0.494118 0.498039 0.501961 0.505882 0.509804 0.513725 0.517647 0.521569 0.525490 0.529412 0.533333 0.537255 0.541176 0.545098 0.549020 0.552941 0.556863 0.560784 0.564706 0.568627 0.572549 0.576471 0.580392 0.584314 0.588235 0.592157 0.596078 0.600000 0.603922 0.607843 0.611765 0.615686 0.619608 0.623529 0.627451 0.631373 0.635294 0.639216 0.643137 0.647059 0.650980 0.654902 0.658824 0.662745 0.666667 0.670588 0.674510 0.678431 0.682353 0.686275 0.690196 0.694118 0.698039 0.701961 0.705882 0.709804 0.713725 0.717647 0.721569 0.725490 0.729412 0.733333 0.737255 0.741176 0.745098 0.749020 0.752941 0.756863 0.760784 0.764706 0.768627 0.772549 0.776471 0.780392 0.784314 0.788235 0.792157 0.796078 0.800000 0.803922 0.807843 0.811765 0.815686 0.819608 0.823529 0.827451 0.831373 0.835294 0.839216 0.843137 0.847059 0.850980 0.854902 0.858824 0.862745 0.866667 0.870588 0.874510 0.878431 0.882353 0.886275 0.890196 0.894118 0.898039 0.901961 0.905882 0.909804 0.913725 0.917647 0.921569 0.925490 0.929412 0.933333 0.937255 0.941176 0.945098 0.949020 0.952941 0.956863 0.960784 0.964706 0.968627 0.972549 0.976471 0.980392 0.984314 0.988235 0.992157 0.996078 1.000000))
# end of curves tool settings
