# GIMP curves tool settings

(time 0)
(channel value)
(curve
       (curve-type free)
       (n-points 17)
       (points 34 -1.0 -1.0 -1.0 -1.0 -1.0 -1.0 -1.0 -1.0 -1.0 -1.0 -1.0 -1.0 -1.0 -1.0 -1.0 -1.0 -1.0 -1.0 -1.0 -1.0 -1.0 -1.0 -1.0 -1.0 -1.0 -1.0 -1.0 -1.0 -1.0 -1.0 -1.0 -1.0 -1.0 -1.0)
       (n-samples 256)
       (samples 256 0.000000 0.003922 0.007843 0.011765 0.015686 0.019608 0.023529 0.027451 0.031373 0.035294 0.039216 0.043137 0.047059 0.050980 0.054902 0.058824 0.062745 0.066667 0.070588 0.074510 0.078431 0.082353 0.086275 0.090196 0.094118 0.098039 0.101961 0.105882 0.109804 0.113725 0.117647 0.121569 0.125490 0.129412 0.133333 0.137255 0.141176 0.145098 0.149020 0.152941 0.156863 0.160784 0.164706 0.168627 0.172549 0.176471 0.180392 0.184314 0.188235 0.192157 0.196078 0.200000 0.203922 0.207843 0.211765 0.215686 0.219608 0.223529 0.227451 0.231373 0.235294 0.239216 0.243137 0.247059 0.250980 0.254902 0.258824 0.262745 0.266667 0.270588 0.274510 0.278431 0.282353 0.286275 0.290196 0.294118 0.298039 0.301961 0.305882 0.309804 0.313725 0.317647 0.321569 0.325490 0.329412 0.333333 0.337255 0.341176 0.345098 0.349020 0.352941 0.356863 0.360784 0.364706 0.368627 0.372549 0.376471 0.380392 0.384314 0.388235 0.392157 0.396078 0.400000 0.403922 0.407843 0.411765 0.415686 0.419608 0.423529 0.427451 0.431373 0.435294 0.439216 0.443137 0.447059 0.450980 0.454902 0.458824 0.462745 0.466667 0.470588 0.474510 0.478431 0.482353 0.486275 0.490196 0.494118 0.498039 0.501961 0.505882 0.509804 0.513725 0.517647 0.521569 0.525490 0.529412 0.533333 0.537255 0.541176 0.545098 0.549020 0.552941 0.556863 0.560784 0.564706 0.568627 0.572549 0.576471 0.580392 0.584314 0.588235 0.592157 0.596078 0.600000 0.603922 0.607843 0.611765 0.615686 0.619608 0.623529 0.627451 0.631373 0.635294 0.639216 0.643137 0.647059 0.650980 0.654902 0.658824 0.662745 0.666667 0.670588 0.674510 0.678431 0.682353 0.686275 0.690196 0.694118 0.698039 0.701961 0.705882 0.709804 0.713725 0.717647 0.721569 0.725490 0.729412 0.733333 0.737255 0.741176 0.745098 0.749020 0.752941 0.756863 0.760784 0.764706 0.768627 0.772549 0.776471 0.780392 0.784314 0.788235 0.792157 0.796078 0.800000 0.803922 0.807843 0.811765 0.815686 0.819608 0.823529 0.827451 0.831373 0.835294 0.839216 0.843137 0.847059 0.850980 0.854902 0.858824 0.862745 0.866667 0.870588 0.874510 0.878431 0.882353 0.886275 0.890196 0.894118 0.898039 0.901961 0.905882 0.909804 0.913725 0.917647 0.921569 0.925490 0.929412 0.933333 0.937255 0.941176 0.945098 0.949020 0.952941 0.956863 0.960784 0.964706 0.968627 0.972549 0.976471 0.980392 0.984314 0.988235 0.992157 0.996078 1.000000))
(time 0)
(channel red)
(curve
       (curve-type free)
       (n-points 17)
       (points 34 -1.0 -1.0 -1.0 -1.0 -1.0 -1.0 -1.0 -1.0 -1.0 -1.0 -1.0 -1.0 -1.0 -1.0 -1.0 -1.0 -1.0 -1.0 -1.0 -1.0 -1.0 -1.0 -1.0 -1.0 -1.0 -1.0 -1.0 -1.0 -1.0 -1.0 -1.0 -1.0 -1.0 -1.0)
       (n-samples 256)
       (samples 256 0.020644 0.022007 0.025011 0.024798 0.026028 0.025533 0.027029 0.028805 0.029717 0.030059 0.030467 0.032421 0.032491 0.035066 0.033545 0.035012 0.035925 0.036306 0.037816 0.039102 0.040352 0.041898 0.042445 0.042916 0.044984 0.046604 0.046459 0.047369 0.051598 0.054149 0.054669 0.055604 0.057337 0.059161 0.062240 0.064789 0.065408 0.068039 0.070466 0.072455 0.075717 0.077746 0.079189 0.081982 0.085490 0.087836 0.089178 0.093814 0.095138 0.099903 0.102641 0.107233 0.111116 0.115013 0.118617 0.122443 0.127346 0.131666 0.135763 0.140595 0.145594 0.149826 0.155608 0.160106 0.165363 0.170587 0.175865 0.180953 0.186667 0.192455 0.197446 0.203687 0.209734 0.216177 0.222211 0.228311 0.234029 0.239820 0.245484 0.251378 0.257848 0.264258 0.271312 0.278445 0.285715 0.292920 0.300335 0.307720 0.314742 0.321671 0.329241 0.336904 0.344306 0.351799 0.359551 0.366485 0.373830 0.381485 0.388073 0.394844 0.401695 0.407962 0.415116 0.421981 0.428675 0.435120 0.441988 0.449085 0.455244 0.461237 0.468482 0.475366 0.481699 0.488169 0.494277 0.500296 0.506457 0.512141 0.519600 0.525089 0.531569 0.537693 0.542854 0.548328 0.554017 0.560175 0.565478 0.570543 0.575983 0.581612 0.586954 0.592094 0.598266 0.602811 0.608206 0.612990 0.617755 0.623283 0.628201 0.632833 0.637749 0.641613 0.645906 0.650401 0.654425 0.659163 0.663393 0.667462 0.672142 0.675880 0.681168 0.684775 0.688827 0.693298 0.697741 0.701594 0.705907 0.710065 0.713857 0.717548 0.721942 0.724906 0.728415 0.732221 0.735953 0.739029 0.743229 0.748061 0.751911 0.755129 0.759769 0.763351 0.767615 0.770786 0.774974 0.779223 0.782701 0.785507 0.789685 0.793203 0.796148 0.801007 0.804674 0.807721 0.811377 0.813885 0.817859 0.820730 0.823833 0.826956 0.829531 0.832245 0.835005 0.837911 0.840069 0.841945 0.844035 0.845530 0.846568 0.848761 0.851687 0.855470 0.855503 0.857098 0.862672 0.862928 0.864951 0.868855 0.870795 0.873696 0.875942 0.878439 0.880970 0.884922 0.887314 0.891150 0.895329 0.895254 0.900860 0.903388 0.907445 0.908435 0.911803 0.912379 0.914814 0.916520 0.919279 0.921576 0.923531 0.925297 0.926501 0.930384 0.930716 0.933435 0.935485 0.937662 0.938660 0.940251 0.946405 0.946971 0.949781 0.948514 0.952812 0.957555 0.956767 0.963465 0.962807 0.967105 0.969055 0.968057 0.969801 0.972494 0.969155 0.975599 0.976932 0.990399))
(time 0)
(channel green)
(curve
       (curve-type free)
       (n-points 17)
       (points 34 -1.0 -1.0 -1.0 -1.0 -1.0 -1.0 -1.0 -1.0 -1.0 -1.0 -1.0 -1.0 -1.0 -1.0 -1.0 -1.0 -1.0 -1.0 -1.0 -1.0 -1.0 -1.0 -1.0 -1.0 -1.0 -1.0 -1.0 -1.0 -1.0 -1.0 -1.0 -1.0 -1.0 -1.0)
       (n-samples 256)
       (samples 256 0.099006 0.097837 0.092985 0.095462 0.094752 0.092350 0.092993 0.092297 0.095711 0.094850 0.095736 0.096021 0.096134 0.095833 0.099481 0.100751 0.102810 0.101486 0.104393 0.105696 0.106096 0.106649 0.108668 0.110880 0.112806 0.113887 0.115106 0.117446 0.119209 0.120540 0.121708 0.124999 0.126683 0.128920 0.131800 0.133470 0.137948 0.139917 0.142377 0.145447 0.145735 0.149762 0.152802 0.155768 0.157771 0.160961 0.164839 0.166860 0.168419 0.171409 0.174237 0.179610 0.180344 0.184733 0.187898 0.191464 0.194874 0.198028 0.202632 0.204943 0.209312 0.211745 0.215751 0.219312 0.224001 0.226661 0.230445 0.234061 0.238393 0.241916 0.247044 0.251999 0.256895 0.260586 0.265861 0.270183 0.274872 0.279621 0.284265 0.289285 0.295625 0.299879 0.305075 0.310378 0.315493 0.320770 0.325979 0.331809 0.336530 0.342382 0.348464 0.353889 0.359288 0.365042 0.371381 0.376932 0.382500 0.388835 0.394434 0.400275 0.405733 0.412408 0.417522 0.423137 0.429028 0.434714 0.440173 0.445311 0.450584 0.455640 0.460620 0.466001 0.470479 0.475866 0.480665 0.485595 0.491091 0.496359 0.501528 0.506926 0.512230 0.517551 0.523782 0.529294 0.534678 0.540154 0.545398 0.551045 0.555567 0.560286 0.565698 0.570410 0.575511 0.580244 0.584555 0.589819 0.594132 0.598716 0.602807 0.607845 0.612164 0.616358 0.621451 0.626432 0.631298 0.635939 0.640329 0.644974 0.650319 0.654147 0.658902 0.662713 0.667056 0.670635 0.675078 0.678577 0.682899 0.687198 0.691464 0.695834 0.699864 0.704146 0.708199 0.713007 0.717357 0.721179 0.725865 0.729640 0.733188 0.736717 0.740949 0.744274 0.747357 0.750260 0.754582 0.758145 0.760814 0.765034 0.768873 0.772865 0.776547 0.779763 0.784048 0.787695 0.791141 0.794624 0.798171 0.801532 0.804749 0.808626 0.810719 0.814471 0.816932 0.820240 0.822379 0.824572 0.827471 0.828926 0.833686 0.833593 0.836762 0.836894 0.841687 0.843493 0.846101 0.849785 0.849995 0.851373 0.853431 0.857798 0.857814 0.860205 0.864654 0.866932 0.869984 0.872949 0.876484 0.880166 0.883394 0.885767 0.889914 0.894454 0.899060 0.901772 0.902271 0.908215 0.908792 0.910937 0.913503 0.915831 0.918424 0.919395 0.920860 0.922504 0.925832 0.926464 0.928562 0.930259 0.932083 0.931923 0.937080 0.936267 0.941053 0.943653 0.939699 0.951245 0.952732 0.961729 0.964490 0.965539 0.966752 0.967065 0.969826 0.970711 0.967558 0.976761))
(time 0)
(channel blue)
(curve
       (curve-type free)
       (n-points 17)
       (points 34 -1.0 -1.0 -1.0 -1.0 -1.0 -1.0 -1.0 -1.0 -1.0 -1.0 -1.0 -1.0 -1.0 -1.0 -1.0 -1.0 -1.0 -1.0 -1.0 -1.0 -1.0 -1.0 -1.0 -1.0 -1.0 -1.0 -1.0 -1.0 -1.0 -1.0 -1.0 -1.0 -1.0 -1.0)
       (n-samples 256)
       (samples 256 0.202653 0.178765 0.172425 0.142955 0.133545 0.131943 0.127153 0.117392 0.119359 0.114070 0.112553 0.109239 0.110691 0.109020 0.110569 0.107302 0.106780 0.109816 0.113691 0.109463 0.111564 0.112490 0.114907 0.115257 0.117384 0.118078 0.120420 0.122385 0.123936 0.126172 0.129647 0.130285 0.131050 0.135486 0.136637 0.139798 0.141995 0.142556 0.145406 0.148730 0.153928 0.157080 0.159782 0.163906 0.166500 0.174711 0.172975 0.171214 0.176858 0.180334 0.182195 0.184405 0.186014 0.186418 0.190734 0.194021 0.198476 0.201105 0.205860 0.207479 0.210528 0.213293 0.217160 0.221646 0.226026 0.226731 0.232007 0.235665 0.238609 0.241741 0.245944 0.250340 0.254877 0.258414 0.262970 0.267040 0.272091 0.276918 0.280964 0.285836 0.290834 0.295363 0.300378 0.306541 0.310511 0.316504 0.320599 0.325953 0.331558 0.337213 0.343009 0.347903 0.352943 0.359414 0.364824 0.370327 0.375746 0.381410 0.387012 0.392805 0.398860 0.403988 0.410261 0.415993 0.421555 0.427509 0.433189 0.438036 0.444566 0.449113 0.455376 0.460740 0.466064 0.471461 0.476725 0.482654 0.487725 0.492796 0.498013 0.503411 0.508736 0.513969 0.518898 0.524288 0.528221 0.533912 0.538640 0.543153 0.547469 0.551845 0.557111 0.561686 0.566362 0.571533 0.576342 0.580608 0.586182 0.590852 0.595903 0.600685 0.605442 0.610006 0.614935 0.619627 0.624250 0.629218 0.633551 0.637789 0.642738 0.647312 0.651913 0.656533 0.660968 0.665305 0.670302 0.674615 0.679022 0.683929 0.687809 0.692323 0.696874 0.701373 0.705567 0.711225 0.715588 0.720372 0.724270 0.728631 0.733733 0.736990 0.742069 0.746606 0.750225 0.754116 0.758419 0.761797 0.765579 0.769071 0.772986 0.776748 0.780293 0.783723 0.786547 0.790541 0.794700 0.798119 0.801530 0.805525 0.809096 0.812398 0.816321 0.819473 0.823106 0.825740 0.830280 0.832643 0.836312 0.839054 0.841408 0.843957 0.846450 0.848743 0.851302 0.853516 0.854891 0.857030 0.860205 0.861049 0.865553 0.866039 0.871157 0.872062 0.874723 0.878228 0.879942 0.881845 0.886949 0.888574 0.891601 0.894558 0.897620 0.900252 0.905017 0.908416 0.909654 0.912060 0.915403 0.916300 0.918959 0.919824 0.922424 0.925968 0.927060 0.929797 0.931459 0.933632 0.935862 0.936719 0.938280 0.940684 0.942146 0.943822 0.945433 0.948217 0.949376 0.951745 0.954610 0.954977 0.958193 0.963080 0.969961 0.969664 0.972352 0.973783 0.974547 0.974799))
(time 0)
(channel alpha)
(curve
       (curve-type free)
       (n-points 17)
       (points 34 -1.0 -1.0 -1.0 -1.0 -1.0 -1.0 -1.0 -1.0 -1.0 -1.0 -1.0 -1.0 -1.0 -1.0 -1.0 -1.0 -1.0 -1.0 -1.0 -1.0 -1.0 -1.0 -1.0 -1.0 -1.0 -1.0 -1.0 -1.0 -1.0 -1.0 -1.0 -1.0 -1.0 -1.0)
       (n-samples 256)
       (samples 256 0.000000 0.003922 0.007843 0.011765 0.015686 0.019608 0.023529 0.027451 0.031373 0.035294 0.039216 0.043137 0.047059 0.050980 0.054902 0.058824 0.062745 0.066667 0.070588 0.074510 0.078431 0.082353 0.086275 0.090196 0.094118 0.098039 0.101961 0.105882 0.109804 0.113725 0.117647 0.121569 0.125490 0.129412 0.133333 0.137255 0.141176 0.145098 0.149020 0.152941 0.156863 0.160784 0.164706 0.168627 0.172549 0.176471 0.180392 0.184314 0.188235 0.192157 0.196078 0.200000 0.203922 0.207843 0.211765 0.215686 0.219608 0.223529 0.227451 0.231373 0.235294 0.239216 0.243137 0.247059 0.250980 0.254902 0.258824 0.262745 0.266667 0.270588 0.274510 0.278431 0.282353 0.286275 0.290196 0.294118 0.298039 0.301961 0.305882 0.309804 0.313725 0.317647 0.321569 0.325490 0.329412 0.333333 0.337255 0.341176 0.345098 0.349020 0.352941 0.356863 0.360784 0.364706 0.368627 0.372549 0.376471 0.380392 0.384314 0.388235 0.392157 0.396078 0.400000 0.403922 0.407843 0.411765 0.415686 0.419608 0.423529 0.427451 0.431373 0.435294 0.439216 0.443137 0.447059 0.450980 0.454902 0.458824 0.462745 0.466667 0.470588 0.474510 0.478431 0.482353 0.486275 0.490196 0.494118 0.498039 0.501961 0.505882 0.509804 0.513725 0.517647 0.521569 0.525490 0.529412 0.533333 0.537255 0.541176 0.545098 0.549020 0.552941 0.556863 0.560784 0.564706 0.568627 0.572549 0.576471 0.580392 0.584314 0.588235 0.592157 0.596078 0.600000 0.603922 0.607843 0.611765 0.615686 0.619608 0.623529 0.627451 0.631373 0.635294 0.639216 0.643137 0.647059 0.650980 0.654902 0.658824 0.662745 0.666667 0.670588 0.674510 0.678431 0.682353 0.686275 0.690196 0.694118 0.698039 0.701961 0.705882 0.709804 0.713725 0.717647 0.721569 0.725490 0.729412 0.733333 0.737255 0.741176 0.745098 0.749020 0.752941 0.756863 0.760784 0.764706 0.768627 0.772549 0.776471 0.780392 0.784314 0.788235 0.792157 0.796078 0.800000 0.803922 0.807843 0.811765 0.815686 0.819608 0.823529 0.827451 0.831373 0.835294 0.839216 0.843137 0.847059 0.850980 0.854902 0.858824 0.862745 0.866667 0.870588 0.874510 0.878431 0.882353 0.886275 0.890196 0.894118 0.898039 0.901961 0.905882 0.909804 0.913725 0.917647 0.921569 0.925490 0.929412 0.933333 0.937255 0.941176 0.945098 0.949020 0.952941 0.956863 0.960784 0.964706 0.968627 0.972549 0.976471 0.980392 0.984314 0.988235 0.992157 0.996078 1.000000))
# end of curves tool settings
