# GIMP curves tool settings

(time 0)
(channel value)
(curve
       (curve-type free)
       (n-points 17)
       (points 34 -1.0 -1.0 -1.0 -1.0 -1.0 -1.0 -1.0 -1.0 -1.0 -1.0 -1.0 -1.0 -1.0 -1.0 -1.0 -1.0 -1.0 -1.0 -1.0 -1.0 -1.0 -1.0 -1.0 -1.0 -1.0 -1.0 -1.0 -1.0 -1.0 -1.0 -1.0 -1.0 -1.0 -1.0)
       (n-samples 256)
       (samples 256 0.000000 0.003922 0.007843 0.011765 0.015686 0.019608 0.023529 0.027451 0.031373 0.035294 0.039216 0.043137 0.047059 0.050980 0.054902 0.058824 0.062745 0.066667 0.070588 0.074510 0.078431 0.082353 0.086275 0.090196 0.094118 0.098039 0.101961 0.105882 0.109804 0.113725 0.117647 0.121569 0.125490 0.129412 0.133333 0.137255 0.141176 0.145098 0.149020 0.152941 0.156863 0.160784 0.164706 0.168627 0.172549 0.176471 0.180392 0.184314 0.188235 0.192157 0.196078 0.200000 0.203922 0.207843 0.211765 0.215686 0.219608 0.223529 0.227451 0.231373 0.235294 0.239216 0.243137 0.247059 0.250980 0.254902 0.258824 0.262745 0.266667 0.270588 0.274510 0.278431 0.282353 0.286275 0.290196 0.294118 0.298039 0.301961 0.305882 0.309804 0.313725 0.317647 0.321569 0.325490 0.329412 0.333333 0.337255 0.341176 0.345098 0.349020 0.352941 0.356863 0.360784 0.364706 0.368627 0.372549 0.376471 0.380392 0.384314 0.388235 0.392157 0.396078 0.400000 0.403922 0.407843 0.411765 0.415686 0.419608 0.423529 0.427451 0.431373 0.435294 0.439216 0.443137 0.447059 0.450980 0.454902 0.458824 0.462745 0.466667 0.470588 0.474510 0.478431 0.482353 0.486275 0.490196 0.494118 0.498039 0.501961 0.505882 0.509804 0.513725 0.517647 0.521569 0.525490 0.529412 0.533333 0.537255 0.541176 0.545098 0.549020 0.552941 0.556863 0.560784 0.564706 0.568627 0.572549 0.576471 0.580392 0.584314 0.588235 0.592157 0.596078 0.600000 0.603922 0.607843 0.611765 0.615686 0.619608 0.623529 0.627451 0.631373 0.635294 0.639216 0.643137 0.647059 0.650980 0.654902 0.658824 0.662745 0.666667 0.670588 0.674510 0.678431 0.682353 0.686275 0.690196 0.694118 0.698039 0.701961 0.705882 0.709804 0.713725 0.717647 0.721569 0.725490 0.729412 0.733333 0.737255 0.741176 0.745098 0.749020 0.752941 0.756863 0.760784 0.764706 0.768627 0.772549 0.776471 0.780392 0.784314 0.788235 0.792157 0.796078 0.800000 0.803922 0.807843 0.811765 0.815686 0.819608 0.823529 0.827451 0.831373 0.835294 0.839216 0.843137 0.847059 0.850980 0.854902 0.858824 0.862745 0.866667 0.870588 0.874510 0.878431 0.882353 0.886275 0.890196 0.894118 0.898039 0.901961 0.905882 0.909804 0.913725 0.917647 0.921569 0.925490 0.929412 0.933333 0.937255 0.941176 0.945098 0.949020 0.952941 0.956863 0.960784 0.964706 0.968627 0.972549 0.976471 0.980392 0.984314 0.988235 0.992157 0.996078 1.000000))
(time 0)
(channel red)
(curve
       (curve-type free)
       (n-points 17)
       (points 34 -1.0 -1.0 -1.0 -1.0 -1.0 -1.0 -1.0 -1.0 -1.0 -1.0 -1.0 -1.0 -1.0 -1.0 -1.0 -1.0 -1.0 -1.0 -1.0 -1.0 -1.0 -1.0 -1.0 -1.0 -1.0 -1.0 -1.0 -1.0 -1.0 -1.0 -1.0 -1.0 -1.0 -1.0)
       (n-samples 256)
       (samples 256 0.001961 0.001961 0.001961 0.001961 0.000000 0.009150 0.011765 0.011765 0.005882 0.015686 0.013725 0.022549 0.020588 0.021176 0.027206 0.030529 0.030841 0.033663 0.036463 0.038378 0.040167 0.042549 0.044000 0.045777 0.047332 0.048584 0.049895 0.051350 0.052591 0.054193 0.056214 0.057633 0.059291 0.060810 0.062798 0.064440 0.066422 0.068103 0.070483 0.072536 0.074471 0.076519 0.078316 0.080026 0.082375 0.084446 0.086827 0.089363 0.091554 0.094190 0.096764 0.099302 0.101533 0.104162 0.106796 0.109234 0.111969 0.114809 0.117653 0.120578 0.123695 0.126679 0.129854 0.133381 0.136723 0.140199 0.143546 0.147154 0.150625 0.154100 0.157688 0.162055 0.165987 0.169918 0.173813 0.178408 0.182364 0.186925 0.191431 0.195792 0.200280 0.204701 0.209571 0.214191 0.218884 0.223705 0.228849 0.233555 0.238494 0.243247 0.248521 0.253037 0.257908 0.262476 0.267475 0.272856 0.277530 0.282620 0.287911 0.293043 0.297666 0.303229 0.308195 0.313568 0.318753 0.323792 0.329287 0.333969 0.340170 0.345566 0.351033 0.356276 0.361329 0.366013 0.370988 0.376456 0.380442 0.386132 0.392383 0.398112 0.403513 0.409732 0.417941 0.423896 0.430136 0.435615 0.441551 0.446762 0.452345 0.457028 0.464845 0.468974 0.474781 0.481987 0.485643 0.494190 0.500224 0.508603 0.515051 0.519371 0.527073 0.535874 0.542383 0.549681 0.555806 0.558995 0.564561 0.572378 0.579094 0.583968 0.594913 0.600447 0.609379 0.617221 0.625036 0.629506 0.634813 0.641440 0.645751 0.651427 0.659542 0.668870 0.677541 0.685235 0.688995 0.696530 0.709507 0.713187 0.720382 0.726970 0.733475 0.735900 0.738734 0.743545 0.747921 0.746528 0.750946 0.754294 0.765413 0.770537 0.773521 0.779571 0.779808 0.785961 0.789892 0.792236 0.794176 0.802429 0.802316 0.808708 0.813790 0.816469 0.819517 0.821282 0.824828 0.830050 0.833459 0.841781 0.845516 0.846214 0.845502 0.849983 0.856520 0.856888 0.858694 0.865353 0.867551 0.872080 0.872738 0.871936 0.860162 0.858709 0.858319 0.863714 0.860920 0.868692 0.862448 0.870627 0.874757 0.875602 0.872564 0.877164 0.885847 0.885860 0.890682 0.893318 0.891798 0.903401 0.903652 0.909537 0.912236 0.923576 0.924463 0.927160 0.925879 0.929968 0.933581 0.939525 0.945676 0.942840 0.950929 0.955395 0.959855 0.964191 0.965768 0.972886 0.974316 0.975311 0.978715 0.982019 0.984782 0.986131 0.989486 0.992555 0.994528 0.995871))
(time 0)
(channel green)
(curve
       (curve-type free)
       (n-points 17)
       (points 34 -1.0 -1.0 -1.0 -1.0 -1.0 -1.0 -1.0 -1.0 -1.0 -1.0 -1.0 -1.0 -1.0 -1.0 -1.0 -1.0 -1.0 -1.0 -1.0 -1.0 -1.0 -1.0 -1.0 -1.0 -1.0 -1.0 -1.0 -1.0 -1.0 -1.0 -1.0 -1.0 -1.0 -1.0)
       (n-samples 256)
       (samples 256 0.023529 0.015686 0.029412 0.025490 0.028468 0.030882 0.033191 0.034865 0.036265 0.038634 0.041133 0.042889 0.045456 0.048592 0.049880 0.052743 0.054929 0.057386 0.059962 0.062015 0.064120 0.066384 0.068691 0.070873 0.073347 0.075817 0.078033 0.080299 0.082565 0.084912 0.087438 0.090040 0.092415 0.095111 0.097634 0.100355 0.103122 0.105869 0.108557 0.111623 0.114661 0.117666 0.120939 0.124155 0.127401 0.130625 0.134080 0.137460 0.140858 0.144536 0.148318 0.152092 0.155850 0.159638 0.163494 0.167338 0.171262 0.175520 0.179262 0.183490 0.187678 0.191920 0.196290 0.200736 0.205164 0.209609 0.214294 0.218996 0.223698 0.228485 0.233321 0.237932 0.242739 0.248101 0.252724 0.257935 0.263057 0.268156 0.273188 0.278455 0.283633 0.288571 0.293405 0.298659 0.303791 0.308821 0.314245 0.319331 0.324569 0.329627 0.334785 0.339742 0.344913 0.350181 0.355237 0.360537 0.366182 0.371807 0.376622 0.382045 0.387005 0.392016 0.397365 0.402622 0.407725 0.412975 0.417488 0.423173 0.428111 0.433075 0.438619 0.444005 0.448767 0.453525 0.458621 0.464676 0.469338 0.473786 0.479151 0.484445 0.489476 0.494557 0.499171 0.504375 0.509590 0.513847 0.518425 0.523802 0.528284 0.533366 0.537961 0.542281 0.546771 0.552935 0.556971 0.560879 0.566621 0.570701 0.574794 0.579534 0.583002 0.587789 0.592872 0.596002 0.600113 0.604724 0.609269 0.614173 0.617767 0.624111 0.627714 0.633701 0.635872 0.640169 0.647171 0.649363 0.652936 0.657128 0.663691 0.666357 0.671924 0.676915 0.681596 0.684862 0.689181 0.692751 0.697319 0.701216 0.705007 0.707954 0.711953 0.716118 0.720225 0.724031 0.728586 0.731951 0.736892 0.740538 0.744986 0.748507 0.752623 0.757105 0.760792 0.765315 0.768522 0.772798 0.777735 0.781941 0.786211 0.790028 0.793725 0.798631 0.801829 0.805638 0.810233 0.813869 0.817608 0.821605 0.824772 0.828219 0.832233 0.835267 0.839931 0.844628 0.846042 0.848529 0.852312 0.855404 0.858763 0.861421 0.865917 0.869445 0.872601 0.876186 0.880424 0.882880 0.887051 0.890155 0.893687 0.897521 0.900495 0.904199 0.907929 0.911494 0.915479 0.919001 0.921488 0.924940 0.928688 0.931602 0.934365 0.937582 0.939394 0.940595 0.943051 0.943089 0.944331 0.946544 0.946992 0.948455 0.949550 0.952867 0.959250 0.961595 0.962599 0.966726 0.971057 0.974830 0.976892 0.980212 0.983175 0.987027 0.990267 0.992832 0.994823 0.995995))
(time 0)
(channel blue)
(curve
       (curve-type free)
       (n-points 17)
       (points 34 -1.0 -1.0 -1.0 -1.0 -1.0 -1.0 -1.0 -1.0 -1.0 -1.0 -1.0 -1.0 -1.0 -1.0 -1.0 -1.0 -1.0 -1.0 -1.0 -1.0 -1.0 -1.0 -1.0 -1.0 -1.0 -1.0 -1.0 -1.0 -1.0 -1.0 -1.0 -1.0 -1.0 -1.0)
       (n-samples 256)
       (samples 256 0.093263 0.064286 0.051940 0.050656 0.053296 0.054281 0.058030 0.060232 0.063548 0.066356 0.070027 0.072657 0.075409 0.077619 0.080133 0.081986 0.083744 0.085986 0.087959 0.089851 0.091937 0.094341 0.096715 0.099679 0.102558 0.105534 0.108341 0.111504 0.114619 0.117365 0.120413 0.123023 0.125541 0.128913 0.131742 0.135028 0.138378 0.141889 0.145027 0.148357 0.151844 0.154755 0.157074 0.160326 0.164109 0.167837 0.171857 0.175426 0.179339 0.182864 0.185943 0.190011 0.194273 0.197465 0.201104 0.204790 0.208391 0.212165 0.215761 0.219179 0.223261 0.226984 0.231768 0.236225 0.240134 0.244644 0.248744 0.253985 0.258404 0.262812 0.266418 0.271755 0.275426 0.281021 0.285281 0.289387 0.294781 0.298607 0.303184 0.307686 0.312280 0.316594 0.320315 0.324898 0.329735 0.334593 0.338505 0.342938 0.347779 0.351851 0.355835 0.360416 0.365160 0.369026 0.372857 0.378218 0.382345 0.385732 0.390575 0.394827 0.399297 0.404252 0.409315 0.413762 0.417396 0.422549 0.427577 0.431960 0.435712 0.438614 0.443919 0.448334 0.452558 0.458070 0.461984 0.465116 0.469721 0.474836 0.478676 0.483186 0.487688 0.491122 0.495806 0.499565 0.503156 0.506268 0.512201 0.516432 0.520487 0.523710 0.527615 0.531953 0.534689 0.539428 0.542946 0.547195 0.550972 0.554426 0.557843 0.562839 0.565907 0.569305 0.573454 0.576242 0.581446 0.583140 0.588517 0.591576 0.595336 0.599861 0.603723 0.608492 0.612130 0.614669 0.619418 0.620240 0.622462 0.627166 0.631229 0.636390 0.638200 0.641123 0.644841 0.651138 0.653105 0.657404 0.660505 0.665758 0.667280 0.672013 0.675168 0.678362 0.680935 0.684184 0.686470 0.690657 0.692880 0.697716 0.699149 0.702485 0.708925 0.712300 0.715567 0.717631 0.720788 0.723675 0.725116 0.731539 0.735351 0.738180 0.743132 0.744180 0.745952 0.747557 0.753293 0.756625 0.759515 0.762307 0.760223 0.763629 0.765651 0.771860 0.772607 0.774401 0.779420 0.778855 0.784637 0.786046 0.787485 0.788913 0.793755 0.796805 0.800392 0.802079 0.805670 0.807983 0.810877 0.813828 0.816836 0.820913 0.821769 0.825431 0.828640 0.830010 0.832927 0.837025 0.840241 0.842844 0.845990 0.848954 0.853298 0.858038 0.861728 0.864616 0.868497 0.871543 0.875770 0.879412 0.883622 0.886651 0.889802 0.893121 0.896127 0.900700 0.905950 0.909894 0.916176 0.922947 0.929638 0.936076 0.942577 0.947652 0.955009 0.963609 0.972674 0.986767))
(time 0)
(channel alpha)
(curve
       (curve-type free)
       (n-points 17)
       (points 34 -1.0 -1.0 -1.0 -1.0 -1.0 -1.0 -1.0 -1.0 -1.0 -1.0 -1.0 -1.0 -1.0 -1.0 -1.0 -1.0 -1.0 -1.0 -1.0 -1.0 -1.0 -1.0 -1.0 -1.0 -1.0 -1.0 -1.0 -1.0 -1.0 -1.0 -1.0 -1.0 -1.0 -1.0)
       (n-samples 256)
       (samples 256 0.000000 0.003922 0.007843 0.011765 0.015686 0.019608 0.023529 0.027451 0.031373 0.035294 0.039216 0.043137 0.047059 0.050980 0.054902 0.058824 0.062745 0.066667 0.070588 0.074510 0.078431 0.082353 0.086275 0.090196 0.094118 0.098039 0.101961 0.105882 0.109804 0.113725 0.117647 0.121569 0.125490 0.129412 0.133333 0.137255 0.141176 0.145098 0.149020 0.152941 0.156863 0.160784 0.164706 0.168627 0.172549 0.176471 0.180392 0.184314 0.188235 0.192157 0.196078 0.200000 0.203922 0.207843 0.211765 0.215686 0.219608 0.223529 0.227451 0.231373 0.235294 0.239216 0.243137 0.247059 0.250980 0.254902 0.258824 0.262745 0.266667 0.270588 0.274510 0.278431 0.282353 0.286275 0.290196 0.294118 0.298039 0.301961 0.305882 0.309804 0.313725 0.317647 0.321569 0.325490 0.329412 0.333333 0.337255 0.341176 0.345098 0.349020 0.352941 0.356863 0.360784 0.364706 0.368627 0.372549 0.376471 0.380392 0.384314 0.388235 0.392157 0.396078 0.400000 0.403922 0.407843 0.411765 0.415686 0.419608 0.423529 0.427451 0.431373 0.435294 0.439216 0.443137 0.447059 0.450980 0.454902 0.458824 0.462745 0.466667 0.470588 0.474510 0.478431 0.482353 0.486275 0.490196 0.494118 0.498039 0.501961 0.505882 0.509804 0.513725 0.517647 0.521569 0.525490 0.529412 0.533333 0.537255 0.541176 0.545098 0.549020 0.552941 0.556863 0.560784 0.564706 0.568627 0.572549 0.576471 0.580392 0.584314 0.588235 0.592157 0.596078 0.600000 0.603922 0.607843 0.611765 0.615686 0.619608 0.623529 0.627451 0.631373 0.635294 0.639216 0.643137 0.647059 0.650980 0.654902 0.658824 0.662745 0.666667 0.670588 0.674510 0.678431 0.682353 0.686275 0.690196 0.694118 0.698039 0.701961 0.705882 0.709804 0.713725 0.717647 0.721569 0.725490 0.729412 0.733333 0.737255 0.741176 0.745098 0.749020 0.752941 0.756863 0.760784 0.764706 0.768627 0.772549 0.776471 0.780392 0.784314 0.788235 0.792157 0.796078 0.800000 0.803922 0.807843 0.811765 0.815686 0.819608 0.823529 0.827451 0.831373 0.835294 0.839216 0.843137 0.847059 0.850980 0.854902 0.858824 0.862745 0.866667 0.870588 0.874510 0.878431 0.882353 0.886275 0.890196 0.894118 0.898039 0.901961 0.905882 0.909804 0.913725 0.917647 0.921569 0.925490 0.929412 0.933333 0.937255 0.941176 0.945098 0.949020 0.952941 0.956863 0.960784 0.964706 0.968627 0.972549 0.976471 0.980392 0.984314 0.988235 0.992157 0.996078 1.000000))
# end of curves tool settings
