# GIMP curves tool settings

(time 0)
(channel value)
(curve
       (curve-type free)
       (n-points 17)
       (points 34 -1.0 -1.0 -1.0 -1.0 -1.0 -1.0 -1.0 -1.0 -1.0 -1.0 -1.0 -1.0 -1.0 -1.0 -1.0 -1.0 -1.0 -1.0 -1.0 -1.0 -1.0 -1.0 -1.0 -1.0 -1.0 -1.0 -1.0 -1.0 -1.0 -1.0 -1.0 -1.0 -1.0 -1.0)
       (n-samples 256)
       (samples 256 0.000000 0.003922 0.007843 0.011765 0.015686 0.019608 0.023529 0.027451 0.031373 0.035294 0.039216 0.043137 0.047059 0.050980 0.054902 0.058824 0.062745 0.066667 0.070588 0.074510 0.078431 0.082353 0.086275 0.090196 0.094118 0.098039 0.101961 0.105882 0.109804 0.113725 0.117647 0.121569 0.125490 0.129412 0.133333 0.137255 0.141176 0.145098 0.149020 0.152941 0.156863 0.160784 0.164706 0.168627 0.172549 0.176471 0.180392 0.184314 0.188235 0.192157 0.196078 0.200000 0.203922 0.207843 0.211765 0.215686 0.219608 0.223529 0.227451 0.231373 0.235294 0.239216 0.243137 0.247059 0.250980 0.254902 0.258824 0.262745 0.266667 0.270588 0.274510 0.278431 0.282353 0.286275 0.290196 0.294118 0.298039 0.301961 0.305882 0.309804 0.313725 0.317647 0.321569 0.325490 0.329412 0.333333 0.337255 0.341176 0.345098 0.349020 0.352941 0.356863 0.360784 0.364706 0.368627 0.372549 0.376471 0.380392 0.384314 0.388235 0.392157 0.396078 0.400000 0.403922 0.407843 0.411765 0.415686 0.419608 0.423529 0.427451 0.431373 0.435294 0.439216 0.443137 0.447059 0.450980 0.454902 0.458824 0.462745 0.466667 0.470588 0.474510 0.478431 0.482353 0.486275 0.490196 0.494118 0.498039 0.501961 0.505882 0.509804 0.513725 0.517647 0.521569 0.525490 0.529412 0.533333 0.537255 0.541176 0.545098 0.549020 0.552941 0.556863 0.560784 0.564706 0.568627 0.572549 0.576471 0.580392 0.584314 0.588235 0.592157 0.596078 0.600000 0.603922 0.607843 0.611765 0.615686 0.619608 0.623529 0.627451 0.631373 0.635294 0.639216 0.643137 0.647059 0.650980 0.654902 0.658824 0.662745 0.666667 0.670588 0.674510 0.678431 0.682353 0.686275 0.690196 0.694118 0.698039 0.701961 0.705882 0.709804 0.713725 0.717647 0.721569 0.725490 0.729412 0.733333 0.737255 0.741176 0.745098 0.749020 0.752941 0.756863 0.760784 0.764706 0.768627 0.772549 0.776471 0.780392 0.784314 0.788235 0.792157 0.796078 0.800000 0.803922 0.807843 0.811765 0.815686 0.819608 0.823529 0.827451 0.831373 0.835294 0.839216 0.843137 0.847059 0.850980 0.854902 0.858824 0.862745 0.866667 0.870588 0.874510 0.878431 0.882353 0.886275 0.890196 0.894118 0.898039 0.901961 0.905882 0.909804 0.913725 0.917647 0.921569 0.925490 0.929412 0.933333 0.937255 0.941176 0.945098 0.949020 0.952941 0.956863 0.960784 0.964706 0.968627 0.972549 0.976471 0.980392 0.984314 0.988235 0.992157 0.996078 1.000000))
(time 0)
(channel red)
(curve
       (curve-type free)
       (n-points 17)
       (points 34 -1.0 -1.0 -1.0 -1.0 -1.0 -1.0 -1.0 -1.0 -1.0 -1.0 -1.0 -1.0 -1.0 -1.0 -1.0 -1.0 -1.0 -1.0 -1.0 -1.0 -1.0 -1.0 -1.0 -1.0 -1.0 -1.0 -1.0 -1.0 -1.0 -1.0 -1.0 -1.0 -1.0 -1.0)
       (n-samples 256)
       (samples 256 0.007803 0.008910 0.011724 0.017831 0.025786 0.032098 0.039067 0.043937 0.048020 0.052264 0.054847 0.058481 0.059247 0.059658 0.061727 0.061456 0.065243 0.066113 0.067383 0.069067 0.071321 0.072306 0.075153 0.076970 0.077799 0.080698 0.082845 0.085375 0.087526 0.090280 0.093446 0.094816 0.097227 0.099868 0.102735 0.106663 0.109100 0.112669 0.115991 0.120838 0.126280 0.129893 0.134533 0.138734 0.143676 0.149389 0.153659 0.159027 0.164151 0.168989 0.174450 0.179454 0.184536 0.188965 0.194039 0.199056 0.203855 0.208390 0.213572 0.218539 0.223776 0.228995 0.233895 0.239184 0.243409 0.248681 0.254657 0.259266 0.266922 0.272001 0.279685 0.284861 0.290582 0.295763 0.302543 0.309460 0.316212 0.321701 0.329343 0.335990 0.341437 0.347564 0.353488 0.359022 0.366194 0.372765 0.377596 0.385149 0.392294 0.397941 0.403589 0.409861 0.415085 0.422428 0.427866 0.432618 0.438915 0.444900 0.449404 0.455272 0.461395 0.466531 0.472075 0.477090 0.482205 0.488282 0.493456 0.498678 0.504123 0.509040 0.513991 0.519270 0.524293 0.529080 0.533426 0.538092 0.543032 0.547489 0.552695 0.557116 0.562316 0.567617 0.572484 0.577296 0.581966 0.586719 0.591548 0.596160 0.601137 0.605726 0.610492 0.615067 0.620252 0.624588 0.629978 0.634956 0.639964 0.644750 0.649588 0.654054 0.658324 0.663001 0.667253 0.671399 0.675050 0.679079 0.683254 0.686805 0.690326 0.694298 0.697958 0.701517 0.704634 0.708290 0.711917 0.715108 0.718488 0.721957 0.725780 0.728913 0.732674 0.736625 0.740430 0.744272 0.748525 0.751932 0.754794 0.758183 0.762017 0.765908 0.769397 0.772791 0.776169 0.778565 0.783000 0.785442 0.788138 0.791193 0.794136 0.797469 0.800508 0.803543 0.805883 0.808990 0.812280 0.815286 0.818461 0.820212 0.823237 0.825686 0.827902 0.831099 0.833970 0.837674 0.838981 0.840682 0.843588 0.845974 0.848598 0.851175 0.854781 0.857481 0.860198 0.862397 0.864037 0.866908 0.868326 0.870722 0.873233 0.874423 0.876971 0.878047 0.879997 0.883471 0.884852 0.888069 0.888544 0.890794 0.893314 0.894028 0.897208 0.899427 0.902332 0.904629 0.905828 0.908885 0.910564 0.912172 0.913986 0.917264 0.918467 0.919484 0.922374 0.925333 0.926230 0.927508 0.934515 0.934221 0.938080 0.942571 0.940023 0.941809 0.945098 0.948333 0.948167 0.953973 0.955793 0.958123 0.954902 0.961854 0.961345 0.961345 0.961345 0.961345 0.961345 0.961345))
(time 0)
(channel green)
(curve
       (curve-type free)
       (n-points 17)
       (points 34 -1.0 -1.0 -1.0 -1.0 -1.0 -1.0 -1.0 -1.0 -1.0 -1.0 -1.0 -1.0 -1.0 -1.0 -1.0 -1.0 -1.0 -1.0 -1.0 -1.0 -1.0 -1.0 -1.0 -1.0 -1.0 -1.0 -1.0 -1.0 -1.0 -1.0 -1.0 -1.0 -1.0 -1.0)
       (n-samples 256)
       (samples 256 0.038683 0.049086 0.051918 0.055267 0.054314 0.056224 0.058054 0.059974 0.062567 0.062856 0.064638 0.066714 0.067746 0.069287 0.071417 0.073702 0.075866 0.077697 0.080548 0.082241 0.085135 0.087210 0.089998 0.092830 0.095366 0.098126 0.100646 0.103354 0.106517 0.110272 0.113919 0.117540 0.120607 0.123210 0.125841 0.128489 0.131473 0.134979 0.138377 0.141812 0.145207 0.148180 0.151469 0.155368 0.159018 0.163135 0.167795 0.171660 0.176278 0.180724 0.185172 0.190317 0.196001 0.201266 0.207291 0.213478 0.220116 0.226331 0.232611 0.239112 0.245543 0.251737 0.257761 0.263232 0.269641 0.275147 0.280582 0.286136 0.291191 0.296458 0.300815 0.306370 0.311327 0.317083 0.322326 0.327511 0.332738 0.337875 0.342726 0.348136 0.352453 0.358951 0.364973 0.371782 0.378194 0.385884 0.392405 0.399624 0.405917 0.413253 0.419361 0.425367 0.431908 0.438311 0.443740 0.450381 0.455978 0.461858 0.467779 0.473051 0.478911 0.484128 0.490074 0.495126 0.500819 0.506138 0.510868 0.515944 0.520406 0.524404 0.528971 0.533411 0.537938 0.542329 0.546698 0.550939 0.555388 0.559899 0.563808 0.567771 0.571639 0.575924 0.579785 0.583769 0.587302 0.591211 0.595208 0.599047 0.602466 0.606716 0.610440 0.614599 0.618455 0.621482 0.626095 0.630112 0.633861 0.637041 0.641078 0.644389 0.647955 0.651706 0.654777 0.657656 0.661508 0.664524 0.667696 0.670699 0.674220 0.677620 0.680149 0.683503 0.686484 0.689742 0.693026 0.695510 0.699160 0.701914 0.705125 0.708233 0.711466 0.714246 0.717333 0.720479 0.723633 0.726840 0.729555 0.732574 0.735704 0.738420 0.741790 0.744709 0.747750 0.750186 0.752882 0.755983 0.758369 0.761679 0.764707 0.768857 0.772993 0.776525 0.781248 0.784412 0.785988 0.789327 0.792055 0.794128 0.796335 0.799090 0.802616 0.805275 0.807198 0.809625 0.811897 0.815285 0.817605 0.820193 0.823582 0.826213 0.828551 0.831793 0.834036 0.837318 0.839389 0.841637 0.844228 0.846907 0.849087 0.852140 0.855456 0.858816 0.861190 0.863710 0.866470 0.869353 0.871738 0.875267 0.877417 0.878455 0.881053 0.884446 0.885972 0.888435 0.891362 0.892761 0.891676 0.893731 0.896418 0.899191 0.899213 0.904264 0.906702 0.911406 0.913169 0.915686 0.921242 0.923137 0.928922 0.928922 0.935406 0.940289 0.938725 0.942586 0.944766 0.945845 0.948544 0.950980 0.957768 0.959259 0.961854 0.961345 0.961345 0.961345 0.961345 0.961345))
(time 0)
(channel blue)
(curve
       (curve-type free)
       (n-points 17)
       (points 34 -1.0 -1.0 -1.0 -1.0 -1.0 -1.0 -1.0 -1.0 -1.0 -1.0 -1.0 -1.0 -1.0 -1.0 -1.0 -1.0 -1.0 -1.0 -1.0 -1.0 -1.0 -1.0 -1.0 -1.0 -1.0 -1.0 -1.0 -1.0 -1.0 -1.0 -1.0 -1.0 -1.0 -1.0)
       (n-samples 256)
       (samples 256 0.045651 0.050309 0.051591 0.053303 0.056378 0.059220 0.060796 0.063277 0.065422 0.067332 0.069919 0.071612 0.073843 0.075871 0.077982 0.079755 0.081257 0.082862 0.084036 0.087270 0.088890 0.091554 0.093063 0.095737 0.098152 0.100184 0.102652 0.105135 0.106812 0.108933 0.110638 0.111997 0.114208 0.116208 0.117858 0.121617 0.124368 0.126851 0.130241 0.132746 0.137124 0.139384 0.143567 0.147507 0.150795 0.153907 0.158295 0.162512 0.166284 0.170350 0.174859 0.178499 0.181707 0.186564 0.189770 0.193798 0.197687 0.203761 0.207777 0.212511 0.216611 0.221550 0.225104 0.229292 0.234693 0.238820 0.243818 0.250144 0.252597 0.256875 0.260311 0.265836 0.269962 0.275335 0.281683 0.289281 0.293250 0.299863 0.305254 0.309498 0.314162 0.318931 0.325931 0.331138 0.337439 0.343509 0.348355 0.354097 0.360603 0.365590 0.371508 0.377410 0.385340 0.392500 0.399722 0.406834 0.413630 0.418844 0.423796 0.429998 0.436226 0.441864 0.447314 0.453289 0.457253 0.461935 0.467749 0.473089 0.479255 0.484074 0.490068 0.494960 0.500332 0.504908 0.509699 0.514312 0.517644 0.522474 0.526420 0.530824 0.534966 0.539629 0.543323 0.546568 0.551575 0.555435 0.559389 0.563018 0.567700 0.571993 0.576526 0.581083 0.584353 0.587490 0.590751 0.594530 0.599228 0.604348 0.607983 0.613025 0.616083 0.620692 0.625380 0.628080 0.632626 0.636435 0.641916 0.646051 0.648855 0.652270 0.655295 0.659958 0.664625 0.667951 0.673055 0.676772 0.680630 0.683925 0.687990 0.691894 0.695458 0.699595 0.701778 0.705884 0.709448 0.712331 0.716007 0.719354 0.723552 0.726943 0.730368 0.734155 0.737397 0.740924 0.743873 0.747437 0.751161 0.754250 0.756848 0.760055 0.762808 0.765536 0.767691 0.769791 0.771817 0.773875 0.776744 0.779205 0.781840 0.784368 0.787204 0.789836 0.792722 0.795423 0.798243 0.801068 0.804565 0.807683 0.811896 0.816283 0.819509 0.822778 0.825823 0.829034 0.832336 0.834298 0.837348 0.839564 0.843592 0.846158 0.846837 0.849943 0.851491 0.852438 0.854893 0.857100 0.859117 0.862378 0.863344 0.865064 0.868801 0.871346 0.872424 0.874384 0.878070 0.878549 0.879741 0.881564 0.883115 0.884077 0.886853 0.887910 0.887993 0.887063 0.886942 0.888899 0.891610 0.893238 0.893984 0.898955 0.900505 0.902561 0.906233 0.911064 0.913042 0.916437 0.920661 0.923084 0.927498 0.929933 0.929157 0.933724 0.931275 0.931373 0.931498 0.938311))
(time 0)
(channel alpha)
(curve
       (curve-type free)
       (n-points 17)
       (points 34 -1.0 -1.0 -1.0 -1.0 -1.0 -1.0 -1.0 -1.0 -1.0 -1.0 -1.0 -1.0 -1.0 -1.0 -1.0 -1.0 -1.0 -1.0 -1.0 -1.0 -1.0 -1.0 -1.0 -1.0 -1.0 -1.0 -1.0 -1.0 -1.0 -1.0 -1.0 -1.0 -1.0 -1.0)
       (n-samples 256)
       (samples 256 0.000000 0.003922 0.007843 0.011765 0.015686 0.019608 0.023529 0.027451 0.031373 0.035294 0.039216 0.043137 0.047059 0.050980 0.054902 0.058824 0.062745 0.066667 0.070588 0.074510 0.078431 0.082353 0.086275 0.090196 0.094118 0.098039 0.101961 0.105882 0.109804 0.113725 0.117647 0.121569 0.125490 0.129412 0.133333 0.137255 0.141176 0.145098 0.149020 0.152941 0.156863 0.160784 0.164706 0.168627 0.172549 0.176471 0.180392 0.184314 0.188235 0.192157 0.196078 0.200000 0.203922 0.207843 0.211765 0.215686 0.219608 0.223529 0.227451 0.231373 0.235294 0.239216 0.243137 0.247059 0.250980 0.254902 0.258824 0.262745 0.266667 0.270588 0.274510 0.278431 0.282353 0.286275 0.290196 0.294118 0.298039 0.301961 0.305882 0.309804 0.313725 0.317647 0.321569 0.325490 0.329412 0.333333 0.337255 0.341176 0.345098 0.349020 0.352941 0.356863 0.360784 0.364706 0.368627 0.372549 0.376471 0.380392 0.384314 0.388235 0.392157 0.396078 0.400000 0.403922 0.407843 0.411765 0.415686 0.419608 0.423529 0.427451 0.431373 0.435294 0.439216 0.443137 0.447059 0.450980 0.454902 0.458824 0.462745 0.466667 0.470588 0.474510 0.478431 0.482353 0.486275 0.490196 0.494118 0.498039 0.501961 0.505882 0.509804 0.513725 0.517647 0.521569 0.525490 0.529412 0.533333 0.537255 0.541176 0.545098 0.549020 0.552941 0.556863 0.560784 0.564706 0.568627 0.572549 0.576471 0.580392 0.584314 0.588235 0.592157 0.596078 0.600000 0.603922 0.607843 0.611765 0.615686 0.619608 0.623529 0.627451 0.631373 0.635294 0.639216 0.643137 0.647059 0.650980 0.654902 0.658824 0.662745 0.666667 0.670588 0.674510 0.678431 0.682353 0.686275 0.690196 0.694118 0.698039 0.701961 0.705882 0.709804 0.713725 0.717647 0.721569 0.725490 0.729412 0.733333 0.737255 0.741176 0.745098 0.749020 0.752941 0.756863 0.760784 0.764706 0.768627 0.772549 0.776471 0.780392 0.784314 0.788235 0.792157 0.796078 0.800000 0.803922 0.807843 0.811765 0.815686 0.819608 0.823529 0.827451 0.831373 0.835294 0.839216 0.843137 0.847059 0.850980 0.854902 0.858824 0.862745 0.866667 0.870588 0.874510 0.878431 0.882353 0.886275 0.890196 0.894118 0.898039 0.901961 0.905882 0.909804 0.913725 0.917647 0.921569 0.925490 0.929412 0.933333 0.937255 0.941176 0.945098 0.949020 0.952941 0.956863 0.960784 0.964706 0.968627 0.972549 0.976471 0.980392 0.984314 0.988235 0.992157 0.996078 1.000000))
# end of curves tool settings
