# GIMP curves tool settings

(time 0)
(channel value)
(curve
       (curve-type free)
       (n-points 17)
       (points 34 -1.0 -1.0 -1.0 -1.0 -1.0 -1.0 -1.0 -1.0 -1.0 -1.0 -1.0 -1.0 -1.0 -1.0 -1.0 -1.0 -1.0 -1.0 -1.0 -1.0 -1.0 -1.0 -1.0 -1.0 -1.0 -1.0 -1.0 -1.0 -1.0 -1.0 -1.0 -1.0 -1.0 -1.0)
       (n-samples 256)
       (samples 256 0.000000 0.003922 0.007843 0.011765 0.015686 0.019608 0.023529 0.027451 0.031373 0.035294 0.039216 0.043137 0.047059 0.050980 0.054902 0.058824 0.062745 0.066667 0.070588 0.074510 0.078431 0.082353 0.086275 0.090196 0.094118 0.098039 0.101961 0.105882 0.109804 0.113725 0.117647 0.121569 0.125490 0.129412 0.133333 0.137255 0.141176 0.145098 0.149020 0.152941 0.156863 0.160784 0.164706 0.168627 0.172549 0.176471 0.180392 0.184314 0.188235 0.192157 0.196078 0.200000 0.203922 0.207843 0.211765 0.215686 0.219608 0.223529 0.227451 0.231373 0.235294 0.239216 0.243137 0.247059 0.250980 0.254902 0.258824 0.262745 0.266667 0.270588 0.274510 0.278431 0.282353 0.286275 0.290196 0.294118 0.298039 0.301961 0.305882 0.309804 0.313725 0.317647 0.321569 0.325490 0.329412 0.333333 0.337255 0.341176 0.345098 0.349020 0.352941 0.356863 0.360784 0.364706 0.368627 0.372549 0.376471 0.380392 0.384314 0.388235 0.392157 0.396078 0.400000 0.403922 0.407843 0.411765 0.415686 0.419608 0.423529 0.427451 0.431373 0.435294 0.439216 0.443137 0.447059 0.450980 0.454902 0.458824 0.462745 0.466667 0.470588 0.474510 0.478431 0.482353 0.486275 0.490196 0.494118 0.498039 0.501961 0.505882 0.509804 0.513725 0.517647 0.521569 0.525490 0.529412 0.533333 0.537255 0.541176 0.545098 0.549020 0.552941 0.556863 0.560784 0.564706 0.568627 0.572549 0.576471 0.580392 0.584314 0.588235 0.592157 0.596078 0.600000 0.603922 0.607843 0.611765 0.615686 0.619608 0.623529 0.627451 0.631373 0.635294 0.639216 0.643137 0.647059 0.650980 0.654902 0.658824 0.662745 0.666667 0.670588 0.674510 0.678431 0.682353 0.686275 0.690196 0.694118 0.698039 0.701961 0.705882 0.709804 0.713725 0.717647 0.721569 0.725490 0.729412 0.733333 0.737255 0.741176 0.745098 0.749020 0.752941 0.756863 0.760784 0.764706 0.768627 0.772549 0.776471 0.780392 0.784314 0.788235 0.792157 0.796078 0.800000 0.803922 0.807843 0.811765 0.815686 0.819608 0.823529 0.827451 0.831373 0.835294 0.839216 0.843137 0.847059 0.850980 0.854902 0.858824 0.862745 0.866667 0.870588 0.874510 0.878431 0.882353 0.886275 0.890196 0.894118 0.898039 0.901961 0.905882 0.909804 0.913725 0.917647 0.921569 0.925490 0.929412 0.933333 0.937255 0.941176 0.945098 0.949020 0.952941 0.956863 0.960784 0.964706 0.968627 0.972549 0.976471 0.980392 0.984314 0.988235 0.992157 0.996078 1.000000))
(time 0)
(channel red)
(curve
       (curve-type free)
       (n-points 17)
       (points 34 -1.0 -1.0 -1.0 -1.0 -1.0 -1.0 -1.0 -1.0 -1.0 -1.0 -1.0 -1.0 -1.0 -1.0 -1.0 -1.0 -1.0 -1.0 -1.0 -1.0 -1.0 -1.0 -1.0 -1.0 -1.0 -1.0 -1.0 -1.0 -1.0 -1.0 -1.0 -1.0 -1.0 -1.0)
       (n-samples 256)
       (samples 256 0.050000 0.050000 0.067270 0.064327 0.066401 0.061943 0.069779 0.066723 0.071910 0.070544 0.070488 0.072888 0.073990 0.075070 0.076695 0.076278 0.078373 0.079923 0.082007 0.083424 0.084486 0.085940 0.088837 0.090852 0.093237 0.095154 0.097263 0.099195 0.101658 0.104033 0.106907 0.108680 0.111706 0.114422 0.116113 0.119940 0.123631 0.126364 0.130155 0.132948 0.136076 0.140155 0.143108 0.146250 0.150071 0.153093 0.156910 0.161819 0.164239 0.168347 0.173591 0.176016 0.180729 0.185761 0.190006 0.195692 0.201863 0.206438 0.212324 0.216353 0.220733 0.224919 0.230243 0.236448 0.241301 0.246248 0.250754 0.255521 0.261688 0.269364 0.273986 0.280590 0.284749 0.291298 0.298515 0.303905 0.309345 0.316822 0.322772 0.328426 0.334922 0.338084 0.346679 0.350495 0.359350 0.363287 0.372258 0.375537 0.382079 0.386437 0.393087 0.400098 0.405306 0.411365 0.417805 0.423239 0.428209 0.434805 0.439926 0.444780 0.450420 0.459499 0.465887 0.470344 0.476726 0.482311 0.487372 0.492480 0.501847 0.506766 0.512165 0.520118 0.523478 0.527937 0.535406 0.539452 0.545860 0.551403 0.560212 0.562574 0.569398 0.574590 0.579623 0.586918 0.590334 0.597397 0.601845 0.608240 0.610487 0.616952 0.621048 0.626043 0.631461 0.636370 0.638926 0.642867 0.645862 0.653340 0.654123 0.662003 0.666066 0.668333 0.671209 0.677340 0.682730 0.686174 0.688588 0.694315 0.698614 0.702103 0.707093 0.710496 0.712044 0.719784 0.722117 0.728206 0.730594 0.734186 0.739994 0.744025 0.748083 0.749784 0.756599 0.756245 0.763980 0.766715 0.768257 0.772469 0.776270 0.778933 0.782198 0.787211 0.790859 0.795723 0.799131 0.800718 0.803780 0.807780 0.811104 0.814208 0.819063 0.822295 0.824561 0.829493 0.831685 0.836207 0.841003 0.844400 0.846856 0.851684 0.855188 0.860383 0.863058 0.866740 0.870243 0.873139 0.877124 0.878750 0.881093 0.881521 0.883182 0.885075 0.884900 0.888008 0.893465 0.894926 0.898671 0.898662 0.902422 0.904299 0.905373 0.907606 0.909227 0.907727 0.909006 0.908502 0.906044 0.905255 0.902597 0.903168 0.902964 0.903740 0.906434 0.906149 0.908980 0.911765 0.914374 0.918590 0.920016 0.923160 0.926882 0.928931 0.931904 0.934672 0.937371 0.938207 0.941086 0.943636 0.946246 0.948256 0.949765 0.953089 0.954899 0.957455 0.959581 0.961938 0.964236 0.966431 0.968448 0.970552 0.972434 0.975111 0.977675 0.979576 0.982609 0.984352))
(time 0)
(channel green)
(curve
       (curve-type free)
       (n-points 17)
       (points 34 -1.0 -1.0 -1.0 -1.0 -1.0 -1.0 -1.0 -1.0 -1.0 -1.0 -1.0 -1.0 -1.0 -1.0 -1.0 -1.0 -1.0 -1.0 -1.0 -1.0 -1.0 -1.0 -1.0 -1.0 -1.0 -1.0 -1.0 -1.0 -1.0 -1.0 -1.0 -1.0 -1.0 -1.0)
       (n-samples 256)
       (samples 256 0.070588 0.070588 0.070588 0.070588 0.089542 0.085621 0.089150 0.092112 0.094815 0.094145 0.095551 0.095572 0.096616 0.099102 0.099936 0.101512 0.101963 0.102800 0.103980 0.105847 0.107460 0.108475 0.109591 0.111266 0.112631 0.114483 0.116274 0.118197 0.119515 0.121164 0.123907 0.125224 0.126890 0.128508 0.130637 0.133375 0.135647 0.138834 0.140510 0.142805 0.146041 0.147589 0.150151 0.153469 0.156601 0.159629 0.163022 0.164906 0.168265 0.171997 0.174962 0.179432 0.182209 0.185739 0.190067 0.193712 0.198051 0.202018 0.207009 0.211078 0.215566 0.220547 0.224137 0.229192 0.234363 0.238507 0.242541 0.247958 0.251481 0.257522 0.262579 0.267583 0.271365 0.278865 0.282451 0.287874 0.293938 0.299446 0.305186 0.311803 0.317556 0.323838 0.329965 0.335734 0.342446 0.350072 0.353706 0.359511 0.368237 0.373449 0.380523 0.386993 0.395159 0.399783 0.406654 0.410438 0.418997 0.424455 0.430551 0.436850 0.443750 0.448604 0.455178 0.459322 0.468018 0.472207 0.479111 0.482216 0.489815 0.495562 0.500303 0.506557 0.511340 0.516539 0.522347 0.528470 0.532641 0.537886 0.541180 0.547688 0.551390 0.556011 0.560777 0.564973 0.570018 0.573163 0.577477 0.581820 0.585026 0.588405 0.595947 0.598721 0.605275 0.607861 0.611741 0.616527 0.620476 0.626426 0.627553 0.632092 0.635475 0.641072 0.644811 0.646616 0.652524 0.654290 0.656132 0.659641 0.664303 0.666015 0.667694 0.671648 0.673276 0.672423 0.678163 0.682062 0.686071 0.690991 0.694986 0.697034 0.697556 0.707102 0.704356 0.710738 0.708558 0.714372 0.718345 0.720465 0.720192 0.724893 0.728299 0.731492 0.736592 0.738993 0.747426 0.751314 0.751246 0.758284 0.757231 0.762420 0.771851 0.774335 0.774904 0.779584 0.790442 0.788161 0.791068 0.791615 0.801522 0.805971 0.809184 0.811393 0.814063 0.818479 0.819334 0.824895 0.826637 0.826786 0.835349 0.836657 0.840692 0.844977 0.846043 0.851587 0.853199 0.856397 0.860150 0.864547 0.866257 0.869322 0.872387 0.874519 0.873743 0.873888 0.877110 0.877733 0.879581 0.883327 0.886997 0.885185 0.888352 0.891235 0.893659 0.896495 0.899958 0.900293 0.904674 0.906504 0.910020 0.914696 0.917621 0.921457 0.924849 0.927895 0.927942 0.931585 0.932384 0.936277 0.939144 0.940056 0.942253 0.945381 0.948483 0.950720 0.953135 0.956082 0.959237 0.962056 0.964518 0.966999 0.969820 0.972430 0.975286 0.978453 0.982433 0.984144))
(time 0)
(channel blue)
(curve
       (curve-type free)
       (n-points 17)
       (points 34 -1.0 -1.0 -1.0 -1.0 -1.0 -1.0 -1.0 -1.0 -1.0 -1.0 -1.0 -1.0 -1.0 -1.0 -1.0 -1.0 -1.0 -1.0 -1.0 -1.0 -1.0 -1.0 -1.0 -1.0 -1.0 -1.0 -1.0 -1.0 -1.0 -1.0 -1.0 -1.0 -1.0 -1.0)
       (n-samples 256)
       (samples 256 0.107843 0.107843 0.087843 0.088889 0.095736 0.094985 0.101428 0.098622 0.099451 0.099771 0.101701 0.100493 0.103717 0.104574 0.106275 0.107674 0.107983 0.109709 0.111565 0.112219 0.114768 0.115991 0.116804 0.118185 0.121215 0.121712 0.123548 0.125358 0.127537 0.128970 0.130600 0.132774 0.135813 0.137678 0.140243 0.141165 0.145157 0.145837 0.148583 0.151864 0.154503 0.157434 0.159410 0.163816 0.165834 0.167985 0.170115 0.173995 0.176830 0.180689 0.182998 0.186533 0.190592 0.193986 0.196657 0.200768 0.205110 0.207804 0.212368 0.216472 0.221185 0.226453 0.231007 0.233246 0.238699 0.244141 0.248320 0.252503 0.255941 0.261398 0.266513 0.270175 0.275398 0.280375 0.284350 0.289634 0.293372 0.300185 0.306120 0.311358 0.317428 0.324062 0.329524 0.335971 0.341553 0.346718 0.353770 0.357353 0.365459 0.371467 0.377407 0.383608 0.388610 0.394080 0.398510 0.405380 0.410934 0.415933 0.421973 0.426382 0.430723 0.436665 0.441208 0.446488 0.451963 0.455490 0.461700 0.467107 0.470321 0.476923 0.481096 0.485848 0.489633 0.495815 0.499182 0.505412 0.509891 0.514152 0.520538 0.521896 0.528300 0.531657 0.537463 0.538767 0.546826 0.551475 0.555851 0.558941 0.562978 0.567910 0.570701 0.575628 0.578858 0.581628 0.587899 0.586764 0.594373 0.594685 0.597892 0.607024 0.607914 0.605547 0.613161 0.614815 0.621702 0.627462 0.627426 0.634346 0.635158 0.639897 0.637683 0.649480 0.645401 0.656518 0.657031 0.661333 0.667782 0.662629 0.677322 0.672936 0.679626 0.682471 0.689010 0.691750 0.692138 0.696477 0.702594 0.703176 0.710952 0.715709 0.716920 0.719841 0.726405 0.730207 0.729289 0.736171 0.740165 0.744108 0.746873 0.754939 0.755870 0.756355 0.762579 0.768578 0.771920 0.773776 0.779296 0.784682 0.786070 0.786121 0.790058 0.795885 0.799456 0.800977 0.803508 0.806218 0.814897 0.818302 0.817337 0.822229 0.827354 0.829680 0.833889 0.835215 0.836665 0.840509 0.841284 0.845332 0.844509 0.850374 0.849858 0.851856 0.856469 0.857699 0.859266 0.863746 0.868763 0.868523 0.870218 0.873163 0.878292 0.881603 0.883496 0.887394 0.888970 0.892593 0.899600 0.905866 0.906822 0.909793 0.910735 0.913100 0.914414 0.917329 0.920579 0.923850 0.927285 0.929789 0.931535 0.933491 0.937110 0.938806 0.943266 0.944664 0.948271 0.950594 0.953221 0.955709 0.959362 0.962134 0.964784 0.967740 0.971184 0.975135 0.981394 0.981151))
(time 0)
(channel alpha)
(curve
       (curve-type free)
       (n-points 17)
       (points 34 -1.0 -1.0 -1.0 -1.0 -1.0 -1.0 -1.0 -1.0 -1.0 -1.0 -1.0 -1.0 -1.0 -1.0 -1.0 -1.0 -1.0 -1.0 -1.0 -1.0 -1.0 -1.0 -1.0 -1.0 -1.0 -1.0 -1.0 -1.0 -1.0 -1.0 -1.0 -1.0 -1.0 -1.0)
       (n-samples 256)
       (samples 256 0.000000 0.003922 0.007843 0.011765 0.015686 0.019608 0.023529 0.027451 0.031373 0.035294 0.039216 0.043137 0.047059 0.050980 0.054902 0.058824 0.062745 0.066667 0.070588 0.074510 0.078431 0.082353 0.086275 0.090196 0.094118 0.098039 0.101961 0.105882 0.109804 0.113725 0.117647 0.121569 0.125490 0.129412 0.133333 0.137255 0.141176 0.145098 0.149020 0.152941 0.156863 0.160784 0.164706 0.168627 0.172549 0.176471 0.180392 0.184314 0.188235 0.192157 0.196078 0.200000 0.203922 0.207843 0.211765 0.215686 0.219608 0.223529 0.227451 0.231373 0.235294 0.239216 0.243137 0.247059 0.250980 0.254902 0.258824 0.262745 0.266667 0.270588 0.274510 0.278431 0.282353 0.286275 0.290196 0.294118 0.298039 0.301961 0.305882 0.309804 0.313725 0.317647 0.321569 0.325490 0.329412 0.333333 0.337255 0.341176 0.345098 0.349020 0.352941 0.356863 0.360784 0.364706 0.368627 0.372549 0.376471 0.380392 0.384314 0.388235 0.392157 0.396078 0.400000 0.403922 0.407843 0.411765 0.415686 0.419608 0.423529 0.427451 0.431373 0.435294 0.439216 0.443137 0.447059 0.450980 0.454902 0.458824 0.462745 0.466667 0.470588 0.474510 0.478431 0.482353 0.486275 0.490196 0.494118 0.498039 0.501961 0.505882 0.509804 0.513725 0.517647 0.521569 0.525490 0.529412 0.533333 0.537255 0.541176 0.545098 0.549020 0.552941 0.556863 0.560784 0.564706 0.568627 0.572549 0.576471 0.580392 0.584314 0.588235 0.592157 0.596078 0.600000 0.603922 0.607843 0.611765 0.615686 0.619608 0.623529 0.627451 0.631373 0.635294 0.639216 0.643137 0.647059 0.650980 0.654902 0.658824 0.662745 0.666667 0.670588 0.674510 0.678431 0.682353 0.686275 0.690196 0.694118 0.698039 0.701961 0.705882 0.709804 0.713725 0.717647 0.721569 0.725490 0.729412 0.733333 0.737255 0.741176 0.745098 0.749020 0.752941 0.756863 0.760784 0.764706 0.768627 0.772549 0.776471 0.780392 0.784314 0.788235 0.792157 0.796078 0.800000 0.803922 0.807843 0.811765 0.815686 0.819608 0.823529 0.827451 0.831373 0.835294 0.839216 0.843137 0.847059 0.850980 0.854902 0.858824 0.862745 0.866667 0.870588 0.874510 0.878431 0.882353 0.886275 0.890196 0.894118 0.898039 0.901961 0.905882 0.909804 0.913725 0.917647 0.921569 0.925490 0.929412 0.933333 0.937255 0.941176 0.945098 0.949020 0.952941 0.956863 0.960784 0.964706 0.968627 0.972549 0.976471 0.980392 0.984314 0.988235 0.992157 0.996078 1.000000))
# end of curves tool settings
