# GIMP curves tool settings

(time 0)
(channel value)
(curve
       (curve-type free)
       (n-points 17)
       (points 34 -1.0 -1.0 -1.0 -1.0 -1.0 -1.0 -1.0 -1.0 -1.0 -1.0 -1.0 -1.0 -1.0 -1.0 -1.0 -1.0 -1.0 -1.0 -1.0 -1.0 -1.0 -1.0 -1.0 -1.0 -1.0 -1.0 -1.0 -1.0 -1.0 -1.0 -1.0 -1.0 -1.0 -1.0)
       (n-samples 256)
       (samples 256 0.000000 0.003922 0.007843 0.011765 0.015686 0.019608 0.023529 0.027451 0.031373 0.035294 0.039216 0.043137 0.047059 0.050980 0.054902 0.058824 0.062745 0.066667 0.070588 0.074510 0.078431 0.082353 0.086275 0.090196 0.094118 0.098039 0.101961 0.105882 0.109804 0.113725 0.117647 0.121569 0.125490 0.129412 0.133333 0.137255 0.141176 0.145098 0.149020 0.152941 0.156863 0.160784 0.164706 0.168627 0.172549 0.176471 0.180392 0.184314 0.188235 0.192157 0.196078 0.200000 0.203922 0.207843 0.211765 0.215686 0.219608 0.223529 0.227451 0.231373 0.235294 0.239216 0.243137 0.247059 0.250980 0.254902 0.258824 0.262745 0.266667 0.270588 0.274510 0.278431 0.282353 0.286275 0.290196 0.294118 0.298039 0.301961 0.305882 0.309804 0.313725 0.317647 0.321569 0.325490 0.329412 0.333333 0.337255 0.341176 0.345098 0.349020 0.352941 0.356863 0.360784 0.364706 0.368627 0.372549 0.376471 0.380392 0.384314 0.388235 0.392157 0.396078 0.400000 0.403922 0.407843 0.411765 0.415686 0.419608 0.423529 0.427451 0.431373 0.435294 0.439216 0.443137 0.447059 0.450980 0.454902 0.458824 0.462745 0.466667 0.470588 0.474510 0.478431 0.482353 0.486275 0.490196 0.494118 0.498039 0.501961 0.505882 0.509804 0.513725 0.517647 0.521569 0.525490 0.529412 0.533333 0.537255 0.541176 0.545098 0.549020 0.552941 0.556863 0.560784 0.564706 0.568627 0.572549 0.576471 0.580392 0.584314 0.588235 0.592157 0.596078 0.600000 0.603922 0.607843 0.611765 0.615686 0.619608 0.623529 0.627451 0.631373 0.635294 0.639216 0.643137 0.647059 0.650980 0.654902 0.658824 0.662745 0.666667 0.670588 0.674510 0.678431 0.682353 0.686275 0.690196 0.694118 0.698039 0.701961 0.705882 0.709804 0.713725 0.717647 0.721569 0.725490 0.729412 0.733333 0.737255 0.741176 0.745098 0.749020 0.752941 0.756863 0.760784 0.764706 0.768627 0.772549 0.776471 0.780392 0.784314 0.788235 0.792157 0.796078 0.800000 0.803922 0.807843 0.811765 0.815686 0.819608 0.823529 0.827451 0.831373 0.835294 0.839216 0.843137 0.847059 0.850980 0.854902 0.858824 0.862745 0.866667 0.870588 0.874510 0.878431 0.882353 0.886275 0.890196 0.894118 0.898039 0.901961 0.905882 0.909804 0.913725 0.917647 0.921569 0.925490 0.929412 0.933333 0.937255 0.941176 0.945098 0.949020 0.952941 0.956863 0.960784 0.964706 0.968627 0.972549 0.976471 0.980392 0.984314 0.988235 0.992157 0.996078 1.000000))
(time 0)
(channel red)
(curve
       (curve-type free)
       (n-points 17)
       (points 34 -1.0 -1.0 -1.0 -1.0 -1.0 -1.0 -1.0 -1.0 -1.0 -1.0 -1.0 -1.0 -1.0 -1.0 -1.0 -1.0 -1.0 -1.0 -1.0 -1.0 -1.0 -1.0 -1.0 -1.0 -1.0 -1.0 -1.0 -1.0 -1.0 -1.0 -1.0 -1.0 -1.0 -1.0)
       (n-samples 256)
       (samples 256 0.074592 0.079089 0.076513 0.076566 0.077776 0.078016 0.077024 0.078908 0.077864 0.079232 0.079941 0.079494 0.080967 0.080788 0.080816 0.081626 0.081746 0.082900 0.082676 0.082984 0.083203 0.084194 0.085821 0.088216 0.088911 0.089943 0.091987 0.092165 0.093840 0.094031 0.097830 0.099762 0.099944 0.100596 0.103707 0.104922 0.106723 0.110086 0.113509 0.114089 0.116144 0.120121 0.121452 0.125519 0.127581 0.129888 0.133058 0.137598 0.139901 0.141727 0.146354 0.149393 0.153299 0.156127 0.160297 0.163862 0.168035 0.172365 0.175788 0.182138 0.185456 0.189961 0.195042 0.199532 0.205106 0.210223 0.215464 0.221343 0.226782 0.232313 0.238157 0.243908 0.249946 0.256300 0.263738 0.270542 0.277530 0.284716 0.291453 0.299263 0.305437 0.312678 0.319307 0.326601 0.333928 0.340739 0.347393 0.353858 0.360210 0.367636 0.374062 0.380115 0.385904 0.393190 0.398987 0.405363 0.411376 0.417739 0.423762 0.430293 0.436659 0.441730 0.447908 0.453714 0.459292 0.464656 0.470719 0.476162 0.482178 0.487649 0.492511 0.498302 0.503527 0.508870 0.513693 0.519678 0.524587 0.529622 0.534552 0.540216 0.545033 0.549612 0.553941 0.559636 0.565004 0.569242 0.574102 0.578431 0.583142 0.587719 0.592085 0.597258 0.602050 0.606412 0.611277 0.615172 0.620163 0.624829 0.629117 0.633709 0.637913 0.642358 0.646932 0.650792 0.655311 0.659641 0.663795 0.667682 0.671091 0.676208 0.679679 0.683660 0.686905 0.691458 0.695704 0.699074 0.702724 0.707221 0.711161 0.714319 0.718625 0.722068 0.726280 0.730354 0.733680 0.737348 0.741034 0.743295 0.746885 0.750267 0.753439 0.757245 0.759516 0.763103 0.766362 0.769527 0.771791 0.774859 0.778068 0.780186 0.783836 0.786238 0.789296 0.792711 0.795166 0.797262 0.799593 0.802035 0.805350 0.808245 0.811267 0.814270 0.816648 0.819396 0.821416 0.823517 0.826587 0.830796 0.832053 0.836360 0.836938 0.840830 0.842654 0.845306 0.847332 0.850856 0.851991 0.855212 0.858098 0.859103 0.861889 0.862787 0.866394 0.869407 0.870810 0.872615 0.876158 0.879271 0.880761 0.883367 0.884736 0.887116 0.888489 0.891462 0.892653 0.895992 0.897568 0.899471 0.901422 0.903604 0.904786 0.907675 0.909579 0.911403 0.912574 0.915841 0.917064 0.919299 0.922233 0.925242 0.926391 0.929362 0.931096 0.933947 0.936947 0.939087 0.942220 0.945368 0.947699 0.951070 0.953767 0.956763 0.959766 0.962693 0.966029 0.968451))
(time 0)
(channel green)
(curve
       (curve-type free)
       (n-points 17)
       (points 34 -1.0 -1.0 -1.0 -1.0 -1.0 -1.0 -1.0 -1.0 -1.0 -1.0 -1.0 -1.0 -1.0 -1.0 -1.0 -1.0 -1.0 -1.0 -1.0 -1.0 -1.0 -1.0 -1.0 -1.0 -1.0 -1.0 -1.0 -1.0 -1.0 -1.0 -1.0 -1.0 -1.0 -1.0)
       (n-samples 256)
       (samples 256 0.115227 0.104700 0.107094 0.107715 0.112183 0.110080 0.110301 0.111202 0.109712 0.110512 0.111286 0.112263 0.112226 0.113998 0.114297 0.115615 0.117250 0.118854 0.119773 0.120699 0.122155 0.123986 0.125474 0.127309 0.128445 0.130426 0.132952 0.134752 0.136507 0.139151 0.142027 0.143543 0.147694 0.149132 0.152299 0.155121 0.156730 0.160270 0.162259 0.165403 0.168962 0.171719 0.174894 0.177767 0.180572 0.184762 0.187338 0.191146 0.194528 0.198386 0.201876 0.206080 0.209428 0.211728 0.216565 0.220473 0.224435 0.228206 0.232957 0.237292 0.241363 0.246596 0.251227 0.255282 0.259984 0.264530 0.269357 0.273934 0.278664 0.283897 0.288164 0.293562 0.298801 0.304159 0.308589 0.313993 0.319071 0.324083 0.329203 0.334452 0.339263 0.344960 0.349615 0.355475 0.360159 0.365254 0.370804 0.375174 0.379930 0.385462 0.390605 0.395445 0.400465 0.405331 0.410485 0.415705 0.420691 0.425531 0.431006 0.436127 0.441108 0.446406 0.450393 0.456221 0.461177 0.465637 0.470560 0.474832 0.479924 0.484190 0.488312 0.492621 0.497953 0.501802 0.506424 0.510440 0.515729 0.520357 0.524706 0.529699 0.534029 0.538399 0.542703 0.547052 0.551981 0.556339 0.560271 0.565107 0.568806 0.574012 0.578678 0.582603 0.587359 0.591609 0.595818 0.600074 0.604293 0.608422 0.613434 0.617918 0.622030 0.626043 0.630134 0.635154 0.639100 0.642804 0.647482 0.651028 0.656063 0.658885 0.663487 0.666963 0.671604 0.675307 0.679585 0.683184 0.686400 0.690301 0.694438 0.698354 0.702618 0.706541 0.710450 0.714429 0.718009 0.721469 0.725644 0.728050 0.732790 0.736307 0.739337 0.743377 0.747299 0.749318 0.753378 0.756137 0.758345 0.761788 0.763327 0.767718 0.768771 0.772369 0.775940 0.779034 0.780956 0.785056 0.787532 0.790791 0.794098 0.797242 0.799622 0.803863 0.806976 0.808603 0.813128 0.817174 0.820045 0.823043 0.825967 0.828506 0.831604 0.834132 0.836110 0.839724 0.842448 0.843730 0.847120 0.850595 0.853913 0.854697 0.856961 0.859612 0.862525 0.864759 0.866840 0.869585 0.871732 0.874144 0.876305 0.879091 0.882633 0.884228 0.886567 0.888945 0.891010 0.893197 0.894916 0.898644 0.900332 0.902084 0.904978 0.906444 0.909346 0.911756 0.914685 0.915737 0.917736 0.920069 0.923254 0.925110 0.927680 0.929248 0.931999 0.934637 0.936588 0.939430 0.942729 0.946014 0.948911 0.951924 0.954936 0.958105 0.960952 0.963953 0.966737 0.968298))
(time 0)
(channel blue)
(curve
       (curve-type free)
       (n-points 17)
       (points 34 -1.0 -1.0 -1.0 -1.0 -1.0 -1.0 -1.0 -1.0 -1.0 -1.0 -1.0 -1.0 -1.0 -1.0 -1.0 -1.0 -1.0 -1.0 -1.0 -1.0 -1.0 -1.0 -1.0 -1.0 -1.0 -1.0 -1.0 -1.0 -1.0 -1.0 -1.0 -1.0 -1.0 -1.0)
       (n-samples 256)
       (samples 256 0.077051 0.065303 0.065940 0.093295 0.106556 0.098353 0.116353 0.114922 0.117448 0.116128 0.116952 0.117775 0.118302 0.117351 0.119501 0.119361 0.118476 0.119947 0.120875 0.121532 0.123586 0.123997 0.124672 0.127111 0.127610 0.128154 0.128932 0.130913 0.132271 0.133550 0.136088 0.137575 0.138788 0.141510 0.141977 0.144591 0.147849 0.148252 0.150637 0.153893 0.156039 0.158022 0.159622 0.163188 0.165820 0.169173 0.170398 0.173599 0.177874 0.179356 0.182661 0.185394 0.188341 0.192367 0.195237 0.198842 0.202367 0.206239 0.210045 0.213620 0.217852 0.221531 0.225691 0.230383 0.234716 0.238887 0.243876 0.248350 0.253191 0.257977 0.263077 0.268035 0.273396 0.278554 0.283910 0.289170 0.294076 0.299838 0.304988 0.310695 0.316269 0.322553 0.327537 0.333593 0.339264 0.345292 0.350451 0.355902 0.362117 0.367238 0.372340 0.378174 0.383531 0.388990 0.394591 0.399832 0.405024 0.409866 0.415773 0.420109 0.425075 0.431160 0.436111 0.441673 0.446459 0.451755 0.457349 0.462424 0.467595 0.472633 0.477550 0.483147 0.487990 0.492966 0.498101 0.502099 0.507130 0.511968 0.516699 0.520817 0.525479 0.529501 0.534751 0.540374 0.544216 0.549175 0.553538 0.558090 0.562630 0.567092 0.572060 0.576554 0.581273 0.585146 0.589353 0.593790 0.599134 0.603140 0.606934 0.611693 0.615439 0.619912 0.623897 0.627037 0.631409 0.635497 0.639634 0.643702 0.647905 0.650764 0.655524 0.659969 0.663729 0.668826 0.672317 0.675088 0.679978 0.684220 0.687384 0.691874 0.694461 0.699453 0.702517 0.706568 0.710630 0.713372 0.717740 0.720306 0.724351 0.727982 0.730905 0.734946 0.737972 0.741974 0.745677 0.748438 0.752111 0.755710 0.759861 0.762109 0.765373 0.769976 0.772449 0.774811 0.778030 0.781997 0.784683 0.786678 0.791530 0.793921 0.797875 0.801290 0.804668 0.807567 0.810874 0.814607 0.816770 0.819844 0.823873 0.826058 0.829539 0.832563 0.836865 0.840087 0.842843 0.844071 0.848666 0.849988 0.852188 0.855009 0.857786 0.860539 0.862324 0.866175 0.867287 0.869802 0.872983 0.876288 0.878233 0.880183 0.882636 0.886506 0.888335 0.889685 0.892415 0.895934 0.897771 0.899284 0.902580 0.905963 0.907493 0.909987 0.912500 0.913855 0.915806 0.918446 0.920897 0.922814 0.925408 0.927682 0.929185 0.931550 0.933913 0.936793 0.940087 0.942018 0.944802 0.948514 0.952063 0.955312 0.958597 0.961982 0.964875 0.967828 0.969825 0.971569))
(time 0)
(channel alpha)
(curve
       (curve-type free)
       (n-points 17)
       (points 34 -1.0 -1.0 -1.0 -1.0 -1.0 -1.0 -1.0 -1.0 -1.0 -1.0 -1.0 -1.0 -1.0 -1.0 -1.0 -1.0 -1.0 -1.0 -1.0 -1.0 -1.0 -1.0 -1.0 -1.0 -1.0 -1.0 -1.0 -1.0 -1.0 -1.0 -1.0 -1.0 -1.0 -1.0)
       (n-samples 256)
       (samples 256 0.000000 0.003922 0.007843 0.011765 0.015686 0.019608 0.023529 0.027451 0.031373 0.035294 0.039216 0.043137 0.047059 0.050980 0.054902 0.058824 0.062745 0.066667 0.070588 0.074510 0.078431 0.082353 0.086275 0.090196 0.094118 0.098039 0.101961 0.105882 0.109804 0.113725 0.117647 0.121569 0.125490 0.129412 0.133333 0.137255 0.141176 0.145098 0.149020 0.152941 0.156863 0.160784 0.164706 0.168627 0.172549 0.176471 0.180392 0.184314 0.188235 0.192157 0.196078 0.200000 0.203922 0.207843 0.211765 0.215686 0.219608 0.223529 0.227451 0.231373 0.235294 0.239216 0.243137 0.247059 0.250980 0.254902 0.258824 0.262745 0.266667 0.270588 0.274510 0.278431 0.282353 0.286275 0.290196 0.294118 0.298039 0.301961 0.305882 0.309804 0.313725 0.317647 0.321569 0.325490 0.329412 0.333333 0.337255 0.341176 0.345098 0.349020 0.352941 0.356863 0.360784 0.364706 0.368627 0.372549 0.376471 0.380392 0.384314 0.388235 0.392157 0.396078 0.400000 0.403922 0.407843 0.411765 0.415686 0.419608 0.423529 0.427451 0.431373 0.435294 0.439216 0.443137 0.447059 0.450980 0.454902 0.458824 0.462745 0.466667 0.470588 0.474510 0.478431 0.482353 0.486275 0.490196 0.494118 0.498039 0.501961 0.505882 0.509804 0.513725 0.517647 0.521569 0.525490 0.529412 0.533333 0.537255 0.541176 0.545098 0.549020 0.552941 0.556863 0.560784 0.564706 0.568627 0.572549 0.576471 0.580392 0.584314 0.588235 0.592157 0.596078 0.600000 0.603922 0.607843 0.611765 0.615686 0.619608 0.623529 0.627451 0.631373 0.635294 0.639216 0.643137 0.647059 0.650980 0.654902 0.658824 0.662745 0.666667 0.670588 0.674510 0.678431 0.682353 0.686275 0.690196 0.694118 0.698039 0.701961 0.705882 0.709804 0.713725 0.717647 0.721569 0.725490 0.729412 0.733333 0.737255 0.741176 0.745098 0.749020 0.752941 0.756863 0.760784 0.764706 0.768627 0.772549 0.776471 0.780392 0.784314 0.788235 0.792157 0.796078 0.800000 0.803922 0.807843 0.811765 0.815686 0.819608 0.823529 0.827451 0.831373 0.835294 0.839216 0.843137 0.847059 0.850980 0.854902 0.858824 0.862745 0.866667 0.870588 0.874510 0.878431 0.882353 0.886275 0.890196 0.894118 0.898039 0.901961 0.905882 0.909804 0.913725 0.917647 0.921569 0.925490 0.929412 0.933333 0.937255 0.941176 0.945098 0.949020 0.952941 0.956863 0.960784 0.964706 0.968627 0.972549 0.976471 0.980392 0.984314 0.988235 0.992157 0.996078 1.000000))
# end of curves tool settings
