# GIMP curves tool settings

(time 0)
(channel value)
(curve
       (curve-type free)
       (n-points 17)
       (points 34 -1.0 -1.0 -1.0 -1.0 -1.0 -1.0 -1.0 -1.0 -1.0 -1.0 -1.0 -1.0 -1.0 -1.0 -1.0 -1.0 -1.0 -1.0 -1.0 -1.0 -1.0 -1.0 -1.0 -1.0 -1.0 -1.0 -1.0 -1.0 -1.0 -1.0 -1.0 -1.0 -1.0 -1.0)
       (n-samples 256)
       (samples 256 0.000000 0.003922 0.007843 0.011765 0.015686 0.019608 0.023529 0.027451 0.031373 0.035294 0.039216 0.043137 0.047059 0.050980 0.054902 0.058824 0.062745 0.066667 0.070588 0.074510 0.078431 0.082353 0.086275 0.090196 0.094118 0.098039 0.101961 0.105882 0.109804 0.113725 0.117647 0.121569 0.125490 0.129412 0.133333 0.137255 0.141176 0.145098 0.149020 0.152941 0.156863 0.160784 0.164706 0.168627 0.172549 0.176471 0.180392 0.184314 0.188235 0.192157 0.196078 0.200000 0.203922 0.207843 0.211765 0.215686 0.219608 0.223529 0.227451 0.231373 0.235294 0.239216 0.243137 0.247059 0.250980 0.254902 0.258824 0.262745 0.266667 0.270588 0.274510 0.278431 0.282353 0.286275 0.290196 0.294118 0.298039 0.301961 0.305882 0.309804 0.313725 0.317647 0.321569 0.325490 0.329412 0.333333 0.337255 0.341176 0.345098 0.349020 0.352941 0.356863 0.360784 0.364706 0.368627 0.372549 0.376471 0.380392 0.384314 0.388235 0.392157 0.396078 0.400000 0.403922 0.407843 0.411765 0.415686 0.419608 0.423529 0.427451 0.431373 0.435294 0.439216 0.443137 0.447059 0.450980 0.454902 0.458824 0.462745 0.466667 0.470588 0.474510 0.478431 0.482353 0.486275 0.490196 0.494118 0.498039 0.501961 0.505882 0.509804 0.513725 0.517647 0.521569 0.525490 0.529412 0.533333 0.537255 0.541176 0.545098 0.549020 0.552941 0.556863 0.560784 0.564706 0.568627 0.572549 0.576471 0.580392 0.584314 0.588235 0.592157 0.596078 0.600000 0.603922 0.607843 0.611765 0.615686 0.619608 0.623529 0.627451 0.631373 0.635294 0.639216 0.643137 0.647059 0.650980 0.654902 0.658824 0.662745 0.666667 0.670588 0.674510 0.678431 0.682353 0.686275 0.690196 0.694118 0.698039 0.701961 0.705882 0.709804 0.713725 0.717647 0.721569 0.725490 0.729412 0.733333 0.737255 0.741176 0.745098 0.749020 0.752941 0.756863 0.760784 0.764706 0.768627 0.772549 0.776471 0.780392 0.784314 0.788235 0.792157 0.796078 0.800000 0.803922 0.807843 0.811765 0.815686 0.819608 0.823529 0.827451 0.831373 0.835294 0.839216 0.843137 0.847059 0.850980 0.854902 0.858824 0.862745 0.866667 0.870588 0.874510 0.878431 0.882353 0.886275 0.890196 0.894118 0.898039 0.901961 0.905882 0.909804 0.913725 0.917647 0.921569 0.925490 0.929412 0.933333 0.937255 0.941176 0.945098 0.949020 0.952941 0.956863 0.960784 0.964706 0.968627 0.972549 0.976471 0.980392 0.984314 0.988235 0.992157 0.996078 1.000000))
(time 0)
(channel red)
(curve
       (curve-type free)
       (n-points 17)
       (points 34 -1.0 -1.0 -1.0 -1.0 -1.0 -1.0 -1.0 -1.0 -1.0 -1.0 -1.0 -1.0 -1.0 -1.0 -1.0 -1.0 -1.0 -1.0 -1.0 -1.0 -1.0 -1.0 -1.0 -1.0 -1.0 -1.0 -1.0 -1.0 -1.0 -1.0 -1.0 -1.0 -1.0 -1.0)
       (n-samples 256)
       (samples 256 0.025627 0.027998 0.029765 0.032101 0.032656 0.034512 0.034912 0.037009 0.038139 0.039652 0.040881 0.042053 0.043545 0.044711 0.045908 0.046624 0.047370 0.047770 0.047968 0.048146 0.048324 0.048787 0.049809 0.050801 0.051449 0.052829 0.054361 0.055788 0.057624 0.059806 0.061434 0.063733 0.066064 0.067773 0.070576 0.072609 0.075052 0.077555 0.079466 0.082927 0.085411 0.088643 0.090682 0.094537 0.096922 0.100167 0.103464 0.106195 0.110267 0.114137 0.116319 0.119609 0.121968 0.124661 0.127048 0.130301 0.132158 0.135580 0.138685 0.141345 0.139901 0.136589 0.135843 0.135241 0.136863 0.138559 0.140794 0.137645 0.130256 0.127842 0.136117 0.139889 0.142370 0.146716 0.142837 0.147010 0.142563 0.134892 0.144762 0.143364 0.147742 0.150934 0.154113 0.158405 0.154751 0.159232 0.161497 0.169703 0.176869 0.179320 0.188612 0.194546 0.202125 0.213040 0.215372 0.225011 0.230863 0.238647 0.242512 0.251510 0.255314 0.262831 0.271642 0.273203 0.273223 0.279736 0.288252 0.293707 0.306428 0.320836 0.326536 0.319688 0.312369 0.312609 0.326145 0.320806 0.319767 0.339700 0.363828 0.351094 0.349180 0.354694 0.366384 0.372405 0.375234 0.377671 0.391302 0.403335 0.409517 0.411302 0.422060 0.438947 0.440333 0.439830 0.444994 0.452437 0.455244 0.461680 0.469942 0.475001 0.484261 0.490414 0.498807 0.506391 0.512281 0.512072 0.516169 0.524618 0.533160 0.538119 0.542891 0.545618 0.554100 0.561839 0.569045 0.571977 0.575637 0.582547 0.590555 0.601797 0.610137 0.614548 0.620400 0.624749 0.627231 0.639542 0.651878 0.656477 0.658591 0.657235 0.663354 0.669669 0.678273 0.685889 0.690874 0.694938 0.701589 0.709613 0.709588 0.714721 0.719713 0.724130 0.728182 0.735041 0.746302 0.752218 0.757895 0.757737 0.768086 0.775640 0.781213 0.783942 0.791008 0.791787 0.794882 0.800528 0.803783 0.807643 0.814353 0.816435 0.821899 0.824818 0.832237 0.835125 0.843572 0.848326 0.845194 0.851150 0.852481 0.855863 0.860430 0.867550 0.868787 0.874658 0.876436 0.881300 0.881082 0.884120 0.891247 0.897531 0.903153 0.906104 0.906740 0.910654 0.912627 0.913050 0.914069 0.915373 0.914146 0.916192 0.916165 0.916727 0.915246 0.916291 0.918663 0.918527 0.920495 0.921178 0.925335 0.926952 0.930012 0.936292 0.938172 0.940677 0.942013 0.945217 0.947558 0.949914 0.953138 0.955781 0.963446 0.969148 0.978720 0.981982 0.988047 0.991375))
(time 0)
(channel green)
(curve
       (curve-type free)
       (n-points 17)
       (points 34 -1.0 -1.0 -1.0 -1.0 -1.0 -1.0 -1.0 -1.0 -1.0 -1.0 -1.0 -1.0 -1.0 -1.0 -1.0 -1.0 -1.0 -1.0 -1.0 -1.0 -1.0 -1.0 -1.0 -1.0 -1.0 -1.0 -1.0 -1.0 -1.0 -1.0 -1.0 -1.0 -1.0 -1.0)
       (n-samples 256)
       (samples 256 0.034178 0.038491 0.038981 0.039415 0.040997 0.041099 0.042862 0.042995 0.044151 0.046243 0.047324 0.050107 0.051267 0.053156 0.053936 0.055436 0.056993 0.058451 0.059973 0.061501 0.063837 0.066493 0.068347 0.070319 0.071931 0.073815 0.075852 0.077870 0.080042 0.082026 0.085154 0.088146 0.089865 0.092744 0.095845 0.098048 0.101472 0.104473 0.107397 0.110198 0.112986 0.115906 0.118350 0.121238 0.124899 0.127914 0.130515 0.132237 0.134847 0.137176 0.139551 0.142845 0.146353 0.150626 0.154592 0.157752 0.161892 0.165594 0.169263 0.173405 0.177490 0.181206 0.184664 0.189108 0.193341 0.197890 0.202422 0.207181 0.211279 0.216196 0.221256 0.225684 0.230578 0.235378 0.239946 0.244581 0.250011 0.255221 0.259759 0.265058 0.270664 0.275787 0.280453 0.286331 0.292145 0.295918 0.302186 0.308177 0.312828 0.318325 0.324333 0.329777 0.335140 0.339697 0.345354 0.351093 0.356562 0.362109 0.369002 0.374700 0.379822 0.383754 0.387882 0.392482 0.397649 0.403757 0.407479 0.411713 0.414114 0.418629 0.423973 0.428910 0.432357 0.435917 0.443211 0.447052 0.450183 0.454264 0.459812 0.466129 0.470765 0.477266 0.482816 0.485183 0.488663 0.492952 0.499229 0.504151 0.506218 0.509373 0.514042 0.521022 0.523875 0.527268 0.530946 0.533742 0.539253 0.541917 0.546484 0.551848 0.557559 0.561130 0.564414 0.567123 0.572350 0.575794 0.578549 0.583154 0.587360 0.590620 0.595500 0.598126 0.599234 0.601739 0.604349 0.605458 0.610134 0.614732 0.618416 0.621290 0.624499 0.629376 0.635628 0.641001 0.645200 0.650328 0.656797 0.661281 0.666804 0.670701 0.675179 0.679401 0.683479 0.688980 0.693472 0.697062 0.700844 0.705207 0.710651 0.716818 0.721711 0.726324 0.729237 0.734252 0.738218 0.742971 0.748100 0.750930 0.754420 0.758482 0.762657 0.766748 0.770143 0.773868 0.778024 0.783127 0.788521 0.791653 0.794586 0.797268 0.800890 0.805187 0.809166 0.812691 0.816461 0.819066 0.824726 0.827624 0.832982 0.838006 0.841972 0.845011 0.849053 0.851081 0.853293 0.856563 0.859665 0.862990 0.864475 0.867126 0.871049 0.873742 0.875917 0.879954 0.883486 0.885679 0.888696 0.891841 0.896118 0.898822 0.901467 0.903562 0.906726 0.908439 0.911351 0.913173 0.914400 0.918369 0.921087 0.924112 0.926736 0.929794 0.932800 0.935957 0.938214 0.941556 0.944102 0.947627 0.949978 0.950688 0.951860 0.956364 0.958543 0.957023 0.965913 0.971090))
(time 0)
(channel blue)
(curve
       (curve-type free)
       (n-points 17)
       (points 34 -1.0 -1.0 -1.0 -1.0 -1.0 -1.0 -1.0 -1.0 -1.0 -1.0 -1.0 -1.0 -1.0 -1.0 -1.0 -1.0 -1.0 -1.0 -1.0 -1.0 -1.0 -1.0 -1.0 -1.0 -1.0 -1.0 -1.0 -1.0 -1.0 -1.0 -1.0 -1.0 -1.0 -1.0)
       (n-samples 256)
       (samples 256 0.044203 0.047066 0.048694 0.049485 0.050319 0.052005 0.052102 0.053542 0.055094 0.055445 0.056317 0.057621 0.059144 0.060175 0.062537 0.063926 0.065300 0.067339 0.069200 0.070404 0.071671 0.073314 0.074938 0.076698 0.078681 0.081069 0.082798 0.084537 0.086869 0.088318 0.090563 0.093975 0.095053 0.098801 0.101472 0.103590 0.104859 0.107245 0.109652 0.111694 0.114300 0.116649 0.120064 0.121673 0.125546 0.127778 0.129534 0.135690 0.138585 0.139943 0.144811 0.148048 0.151232 0.155935 0.159684 0.164030 0.167556 0.171889 0.176612 0.180283 0.184999 0.188039 0.192218 0.195740 0.199845 0.204048 0.208479 0.213136 0.219714 0.225954 0.231235 0.236757 0.242444 0.248146 0.253218 0.258632 0.264031 0.268310 0.273454 0.278431 0.282785 0.287166 0.291802 0.296254 0.300524 0.305248 0.309602 0.312925 0.320085 0.325496 0.328730 0.333493 0.342359 0.346549 0.352728 0.359012 0.362900 0.368591 0.372810 0.375593 0.381729 0.385877 0.390891 0.394451 0.399765 0.408335 0.412829 0.417406 0.425853 0.432892 0.435785 0.441743 0.447596 0.453917 0.460632 0.466671 0.472465 0.476860 0.480607 0.489611 0.494194 0.506991 0.515645 0.522535 0.531974 0.535856 0.544231 0.550847 0.555890 0.560204 0.563030 0.567494 0.569841 0.573774 0.579289 0.584838 0.591791 0.596890 0.602474 0.607768 0.611873 0.616655 0.620595 0.624290 0.627689 0.632000 0.636651 0.640263 0.644188 0.648050 0.651476 0.655875 0.659007 0.662386 0.666137 0.670718 0.674429 0.679154 0.682533 0.686836 0.690738 0.694403 0.698422 0.701795 0.705922 0.709342 0.712834 0.717427 0.721057 0.724323 0.727719 0.731133 0.735399 0.739085 0.743587 0.746773 0.751068 0.755469 0.760271 0.764639 0.768606 0.770770 0.774202 0.778602 0.781971 0.784703 0.789432 0.793446 0.794579 0.798864 0.801790 0.803924 0.806550 0.809092 0.810505 0.813005 0.815703 0.818457 0.821789 0.823957 0.825402 0.826476 0.829060 0.830747 0.832792 0.835219 0.836482 0.838256 0.840527 0.844020 0.845571 0.847465 0.849968 0.852343 0.854038 0.855869 0.856994 0.859093 0.860813 0.862516 0.864336 0.867066 0.870067 0.872910 0.874959 0.876767 0.879172 0.882353 0.883829 0.886013 0.887580 0.890730 0.892879 0.896977 0.899702 0.902633 0.905724 0.908707 0.909330 0.911100 0.913372 0.915726 0.918057 0.919666 0.922012 0.923156 0.926098 0.928673 0.931295 0.934348 0.937151 0.937633 0.939136 0.940783 0.945098 0.952941))
(time 0)
(channel alpha)
(curve
       (curve-type free)
       (n-points 17)
       (points 34 -1.0 -1.0 -1.0 -1.0 -1.0 -1.0 -1.0 -1.0 -1.0 -1.0 -1.0 -1.0 -1.0 -1.0 -1.0 -1.0 -1.0 -1.0 -1.0 -1.0 -1.0 -1.0 -1.0 -1.0 -1.0 -1.0 -1.0 -1.0 -1.0 -1.0 -1.0 -1.0 -1.0 -1.0)
       (n-samples 256)
       (samples 256 0.000000 0.003922 0.007843 0.011765 0.015686 0.019608 0.023529 0.027451 0.031373 0.035294 0.039216 0.043137 0.047059 0.050980 0.054902 0.058824 0.062745 0.066667 0.070588 0.074510 0.078431 0.082353 0.086275 0.090196 0.094118 0.098039 0.101961 0.105882 0.109804 0.113725 0.117647 0.121569 0.125490 0.129412 0.133333 0.137255 0.141176 0.145098 0.149020 0.152941 0.156863 0.160784 0.164706 0.168627 0.172549 0.176471 0.180392 0.184314 0.188235 0.192157 0.196078 0.200000 0.203922 0.207843 0.211765 0.215686 0.219608 0.223529 0.227451 0.231373 0.235294 0.239216 0.243137 0.247059 0.250980 0.254902 0.258824 0.262745 0.266667 0.270588 0.274510 0.278431 0.282353 0.286275 0.290196 0.294118 0.298039 0.301961 0.305882 0.309804 0.313725 0.317647 0.321569 0.325490 0.329412 0.333333 0.337255 0.341176 0.345098 0.349020 0.352941 0.356863 0.360784 0.364706 0.368627 0.372549 0.376471 0.380392 0.384314 0.388235 0.392157 0.396078 0.400000 0.403922 0.407843 0.411765 0.415686 0.419608 0.423529 0.427451 0.431373 0.435294 0.439216 0.443137 0.447059 0.450980 0.454902 0.458824 0.462745 0.466667 0.470588 0.474510 0.478431 0.482353 0.486275 0.490196 0.494118 0.498039 0.501961 0.505882 0.509804 0.513725 0.517647 0.521569 0.525490 0.529412 0.533333 0.537255 0.541176 0.545098 0.549020 0.552941 0.556863 0.560784 0.564706 0.568627 0.572549 0.576471 0.580392 0.584314 0.588235 0.592157 0.596078 0.600000 0.603922 0.607843 0.611765 0.615686 0.619608 0.623529 0.627451 0.631373 0.635294 0.639216 0.643137 0.647059 0.650980 0.654902 0.658824 0.662745 0.666667 0.670588 0.674510 0.678431 0.682353 0.686275 0.690196 0.694118 0.698039 0.701961 0.705882 0.709804 0.713725 0.717647 0.721569 0.725490 0.729412 0.733333 0.737255 0.741176 0.745098 0.749020 0.752941 0.756863 0.760784 0.764706 0.768627 0.772549 0.776471 0.780392 0.784314 0.788235 0.792157 0.796078 0.800000 0.803922 0.807843 0.811765 0.815686 0.819608 0.823529 0.827451 0.831373 0.835294 0.839216 0.843137 0.847059 0.850980 0.854902 0.858824 0.862745 0.866667 0.870588 0.874510 0.878431 0.882353 0.886275 0.890196 0.894118 0.898039 0.901961 0.905882 0.909804 0.913725 0.917647 0.921569 0.925490 0.929412 0.933333 0.937255 0.941176 0.945098 0.949020 0.952941 0.956863 0.960784 0.964706 0.968627 0.972549 0.976471 0.980392 0.984314 0.988235 0.992157 0.996078 1.000000))
# end of curves tool settings
