# GIMP curves tool settings

(time 0)
(channel value)
(curve
       (curve-type free)
       (n-points 17)
       (points 34 -1.0 -1.0 -1.0 -1.0 -1.0 -1.0 -1.0 -1.0 -1.0 -1.0 -1.0 -1.0 -1.0 -1.0 -1.0 -1.0 -1.0 -1.0 -1.0 -1.0 -1.0 -1.0 -1.0 -1.0 -1.0 -1.0 -1.0 -1.0 -1.0 -1.0 -1.0 -1.0 -1.0 -1.0)
       (n-samples 256)
       (samples 256 0.000000 0.003922 0.007843 0.011765 0.015686 0.019608 0.023529 0.027451 0.031373 0.035294 0.039216 0.043137 0.047059 0.050980 0.054902 0.058824 0.062745 0.066667 0.070588 0.074510 0.078431 0.082353 0.086275 0.090196 0.094118 0.098039 0.101961 0.105882 0.109804 0.113725 0.117647 0.121569 0.125490 0.129412 0.133333 0.137255 0.141176 0.145098 0.149020 0.152941 0.156863 0.160784 0.164706 0.168627 0.172549 0.176471 0.180392 0.184314 0.188235 0.192157 0.196078 0.200000 0.203922 0.207843 0.211765 0.215686 0.219608 0.223529 0.227451 0.231373 0.235294 0.239216 0.243137 0.247059 0.250980 0.254902 0.258824 0.262745 0.266667 0.270588 0.274510 0.278431 0.282353 0.286275 0.290196 0.294118 0.298039 0.301961 0.305882 0.309804 0.313725 0.317647 0.321569 0.325490 0.329412 0.333333 0.337255 0.341176 0.345098 0.349020 0.352941 0.356863 0.360784 0.364706 0.368627 0.372549 0.376471 0.380392 0.384314 0.388235 0.392157 0.396078 0.400000 0.403922 0.407843 0.411765 0.415686 0.419608 0.423529 0.427451 0.431373 0.435294 0.439216 0.443137 0.447059 0.450980 0.454902 0.458824 0.462745 0.466667 0.470588 0.474510 0.478431 0.482353 0.486275 0.490196 0.494118 0.498039 0.501961 0.505882 0.509804 0.513725 0.517647 0.521569 0.525490 0.529412 0.533333 0.537255 0.541176 0.545098 0.549020 0.552941 0.556863 0.560784 0.564706 0.568627 0.572549 0.576471 0.580392 0.584314 0.588235 0.592157 0.596078 0.600000 0.603922 0.607843 0.611765 0.615686 0.619608 0.623529 0.627451 0.631373 0.635294 0.639216 0.643137 0.647059 0.650980 0.654902 0.658824 0.662745 0.666667 0.670588 0.674510 0.678431 0.682353 0.686275 0.690196 0.694118 0.698039 0.701961 0.705882 0.709804 0.713725 0.717647 0.721569 0.725490 0.729412 0.733333 0.737255 0.741176 0.745098 0.749020 0.752941 0.756863 0.760784 0.764706 0.768627 0.772549 0.776471 0.780392 0.784314 0.788235 0.792157 0.796078 0.800000 0.803922 0.807843 0.811765 0.815686 0.819608 0.823529 0.827451 0.831373 0.835294 0.839216 0.843137 0.847059 0.850980 0.854902 0.858824 0.862745 0.866667 0.870588 0.874510 0.878431 0.882353 0.886275 0.890196 0.894118 0.898039 0.901961 0.905882 0.909804 0.913725 0.917647 0.921569 0.925490 0.929412 0.933333 0.937255 0.941176 0.945098 0.949020 0.952941 0.956863 0.960784 0.964706 0.968627 0.972549 0.976471 0.980392 0.984314 0.988235 0.992157 0.996078 1.000000))
(time 0)
(channel red)
(curve
       (curve-type free)
       (n-points 17)
       (points 34 -1.0 -1.0 -1.0 -1.0 -1.0 -1.0 -1.0 -1.0 -1.0 -1.0 -1.0 -1.0 -1.0 -1.0 -1.0 -1.0 -1.0 -1.0 -1.0 -1.0 -1.0 -1.0 -1.0 -1.0 -1.0 -1.0 -1.0 -1.0 -1.0 -1.0 -1.0 -1.0 -1.0 -1.0)
       (n-samples 256)
       (samples 256 0.022071 0.012353 0.011652 0.013394 0.012666 0.014812 0.017946 0.017402 0.019363 0.022041 0.022890 0.022575 0.022797 0.024931 0.026865 0.028575 0.030200 0.030625 0.032595 0.034142 0.036032 0.036608 0.037903 0.039559 0.041201 0.042453 0.043851 0.045475 0.046953 0.048916 0.050122 0.051820 0.053989 0.057565 0.059027 0.060922 0.062089 0.065315 0.067305 0.070069 0.071640 0.074655 0.076828 0.079080 0.081529 0.084412 0.087051 0.089542 0.092088 0.093792 0.097982 0.099436 0.101237 0.104442 0.107292 0.109070 0.111811 0.115386 0.118498 0.122651 0.124248 0.127436 0.130880 0.136415 0.140829 0.144971 0.148290 0.152618 0.156056 0.158463 0.165413 0.170586 0.174167 0.176249 0.182306 0.187624 0.192323 0.196955 0.201812 0.207660 0.212920 0.217887 0.223441 0.228297 0.232883 0.238025 0.242800 0.247781 0.252653 0.257675 0.262186 0.268458 0.274316 0.280593 0.285495 0.291289 0.296254 0.302087 0.307300 0.311575 0.316118 0.321438 0.326944 0.332339 0.337254 0.341782 0.347672 0.354005 0.358135 0.364091 0.369035 0.375216 0.379425 0.384220 0.389966 0.396242 0.401376 0.407044 0.412319 0.419061 0.425114 0.430704 0.435489 0.441050 0.446572 0.453005 0.459684 0.463982 0.468563 0.472844 0.478043 0.484249 0.488842 0.494689 0.498372 0.503027 0.508059 0.512518 0.518010 0.523290 0.527999 0.532868 0.537062 0.542008 0.546584 0.551246 0.554725 0.558110 0.562312 0.566201 0.571081 0.576393 0.580419 0.585873 0.591071 0.597426 0.603405 0.607091 0.613539 0.617558 0.624032 0.627867 0.631929 0.635602 0.640996 0.645475 0.649969 0.655746 0.657627 0.662049 0.665940 0.670947 0.676973 0.680193 0.686474 0.690005 0.695323 0.700319 0.704241 0.707839 0.715258 0.718290 0.722747 0.727179 0.732196 0.735078 0.741524 0.744047 0.749043 0.754960 0.758851 0.764459 0.769396 0.772586 0.776428 0.782095 0.786310 0.790864 0.794589 0.797812 0.801782 0.806903 0.810862 0.814005 0.817135 0.821509 0.824853 0.829957 0.833912 0.836827 0.839721 0.843955 0.847554 0.850094 0.854518 0.858075 0.859923 0.865250 0.867417 0.872119 0.875596 0.878191 0.882193 0.885126 0.889348 0.892142 0.895327 0.898911 0.902634 0.906549 0.910075 0.913976 0.917255 0.920723 0.924882 0.927776 0.930409 0.933764 0.935704 0.938622 0.941452 0.944664 0.947202 0.950113 0.953204 0.956787 0.961702 0.963206 0.968776 0.971024 0.975314 0.978450 0.981382 0.985691 0.988917 0.990046))
(time 0)
(channel green)
(curve
       (curve-type free)
       (n-points 17)
       (points 34 -1.0 -1.0 -1.0 -1.0 -1.0 -1.0 -1.0 -1.0 -1.0 -1.0 -1.0 -1.0 -1.0 -1.0 -1.0 -1.0 -1.0 -1.0 -1.0 -1.0 -1.0 -1.0 -1.0 -1.0 -1.0 -1.0 -1.0 -1.0 -1.0 -1.0 -1.0 -1.0 -1.0 -1.0)
       (n-samples 256)
       (samples 256 0.017654 0.018693 0.020144 0.022791 0.025260 0.027037 0.028600 0.030471 0.032453 0.034697 0.036247 0.037824 0.040235 0.042098 0.045702 0.046513 0.048720 0.050948 0.051857 0.053830 0.055405 0.057090 0.058817 0.060538 0.062018 0.063377 0.065274 0.066818 0.069375 0.071662 0.073942 0.076189 0.078322 0.080302 0.083180 0.086394 0.089285 0.092124 0.095002 0.097580 0.101510 0.105010 0.107259 0.110852 0.114444 0.116392 0.121124 0.123919 0.129413 0.133002 0.137190 0.140372 0.144665 0.149385 0.152438 0.156174 0.161176 0.162639 0.166618 0.171696 0.173319 0.178120 0.183065 0.187238 0.189920 0.192319 0.196494 0.199241 0.202336 0.206225 0.208456 0.210973 0.214125 0.217819 0.221275 0.224402 0.228002 0.233442 0.237886 0.242177 0.246330 0.250369 0.256167 0.260994 0.265932 0.270736 0.275426 0.280187 0.284841 0.289625 0.295394 0.300348 0.306479 0.311175 0.316154 0.320158 0.324313 0.328160 0.333500 0.337905 0.343249 0.348184 0.354194 0.359667 0.365045 0.369963 0.376014 0.381093 0.386671 0.390926 0.396348 0.402678 0.407524 0.412862 0.418196 0.423294 0.428950 0.433353 0.438167 0.444037 0.448819 0.452474 0.459086 0.465244 0.469413 0.475142 0.480291 0.483902 0.488509 0.493927 0.498116 0.502588 0.505974 0.511067 0.517578 0.522415 0.527783 0.533172 0.537766 0.543558 0.547941 0.551828 0.556048 0.561226 0.567078 0.572215 0.576656 0.581799 0.587207 0.589875 0.595737 0.600426 0.607495 0.612727 0.617047 0.621083 0.624590 0.629650 0.635350 0.641484 0.647571 0.652558 0.658839 0.661885 0.666465 0.672154 0.677605 0.682447 0.687640 0.692045 0.698065 0.701696 0.707372 0.712313 0.716490 0.721798 0.726640 0.730748 0.734425 0.738900 0.742820 0.747553 0.752375 0.757033 0.761846 0.766011 0.770654 0.774234 0.778916 0.782924 0.786641 0.791246 0.794538 0.800829 0.806402 0.811847 0.814753 0.819311 0.823155 0.826853 0.829474 0.832814 0.836884 0.840736 0.843803 0.847441 0.850842 0.853628 0.856366 0.859545 0.862748 0.865365 0.868279 0.871299 0.874202 0.877195 0.880968 0.882688 0.886155 0.889475 0.892852 0.895160 0.897818 0.900421 0.903684 0.906854 0.910852 0.913725 0.919106 0.924728 0.932106 0.936327 0.942745 0.944188 0.949098 0.950721 0.950845 0.953470 0.958320 0.957485 0.961543 0.965411 0.966825 0.967540 0.968321 0.972458 0.974029 0.974564 0.978340 0.980072 0.980392 0.983820 0.986157 0.987807 0.989896 0.991960))
(time 0)
(channel blue)
(curve
       (curve-type free)
       (n-points 17)
       (points 34 -1.0 -1.0 -1.0 -1.0 -1.0 -1.0 -1.0 -1.0 -1.0 -1.0 -1.0 -1.0 -1.0 -1.0 -1.0 -1.0 -1.0 -1.0 -1.0 -1.0 -1.0 -1.0 -1.0 -1.0 -1.0 -1.0 -1.0 -1.0 -1.0 -1.0 -1.0 -1.0 -1.0 -1.0)
       (n-samples 256)
       (samples 256 0.037265 0.039575 0.039537 0.041844 0.045098 0.049610 0.052931 0.056097 0.059944 0.063275 0.066187 0.069019 0.072208 0.074093 0.076847 0.079703 0.081389 0.084337 0.087206 0.090827 0.093179 0.095566 0.098212 0.100436 0.102553 0.106396 0.107921 0.111034 0.114273 0.117227 0.119149 0.122613 0.124625 0.127544 0.131760 0.135014 0.139248 0.142357 0.146751 0.150322 0.153666 0.158176 0.162139 0.166345 0.169765 0.173376 0.176882 0.180990 0.184173 0.188072 0.192427 0.196166 0.200000 0.203927 0.207582 0.211867 0.215866 0.219828 0.224245 0.228900 0.232998 0.237310 0.241070 0.245628 0.250098 0.254379 0.259188 0.262890 0.267363 0.272312 0.276981 0.281538 0.286519 0.290706 0.295387 0.299775 0.304391 0.308677 0.312956 0.317937 0.322456 0.327217 0.331984 0.337020 0.341258 0.345827 0.351206 0.355389 0.360611 0.365250 0.369808 0.374072 0.378484 0.383289 0.388451 0.393348 0.397314 0.401838 0.407415 0.412522 0.417095 0.421887 0.427351 0.431942 0.436280 0.440494 0.445073 0.450635 0.454315 0.459143 0.463533 0.467921 0.472888 0.478486 0.482867 0.487514 0.491563 0.496261 0.500816 0.504375 0.509377 0.513717 0.519062 0.523609 0.526747 0.530328 0.534685 0.538539 0.542294 0.547704 0.552402 0.556114 0.559647 0.564535 0.569307 0.573937 0.579519 0.584108 0.587912 0.593619 0.597804 0.601490 0.605750 0.610730 0.616264 0.621740 0.626100 0.631499 0.637266 0.642335 0.647885 0.651708 0.657008 0.663216 0.667145 0.672628 0.677443 0.681772 0.686751 0.691221 0.695986 0.700205 0.703743 0.708926 0.712669 0.717153 0.721349 0.726130 0.729994 0.733751 0.737844 0.741790 0.746207 0.748895 0.753662 0.758182 0.761088 0.765442 0.768769 0.772799 0.776858 0.779875 0.782659 0.785392 0.789577 0.790496 0.793954 0.796283 0.798214 0.800175 0.803170 0.803256 0.803405 0.810055 0.811469 0.812989 0.817697 0.817121 0.820205 0.826220 0.828988 0.833171 0.832433 0.835559 0.841546 0.839449 0.845076 0.847623 0.852068 0.851658 0.854338 0.858241 0.861052 0.866045 0.869003 0.868843 0.871930 0.876202 0.875585 0.881566 0.880985 0.885063 0.889398 0.890717 0.893740 0.896048 0.898587 0.899151 0.898667 0.905146 0.906874 0.907955 0.911536 0.913100 0.917404 0.921001 0.920479 0.922648 0.928124 0.927749 0.930355 0.931068 0.934254 0.934210 0.935866 0.937327 0.939064 0.942285 0.942434 0.943385 0.943634 0.946296 0.948291 0.948784 0.951034 0.957608))
(time 0)
(channel alpha)
(curve
       (curve-type free)
       (n-points 17)
       (points 34 -1.0 -1.0 -1.0 -1.0 -1.0 -1.0 -1.0 -1.0 -1.0 -1.0 -1.0 -1.0 -1.0 -1.0 -1.0 -1.0 -1.0 -1.0 -1.0 -1.0 -1.0 -1.0 -1.0 -1.0 -1.0 -1.0 -1.0 -1.0 -1.0 -1.0 -1.0 -1.0 -1.0 -1.0)
       (n-samples 256)
       (samples 256 0.000000 0.003922 0.007843 0.011765 0.015686 0.019608 0.023529 0.027451 0.031373 0.035294 0.039216 0.043137 0.047059 0.050980 0.054902 0.058824 0.062745 0.066667 0.070588 0.074510 0.078431 0.082353 0.086275 0.090196 0.094118 0.098039 0.101961 0.105882 0.109804 0.113725 0.117647 0.121569 0.125490 0.129412 0.133333 0.137255 0.141176 0.145098 0.149020 0.152941 0.156863 0.160784 0.164706 0.168627 0.172549 0.176471 0.180392 0.184314 0.188235 0.192157 0.196078 0.200000 0.203922 0.207843 0.211765 0.215686 0.219608 0.223529 0.227451 0.231373 0.235294 0.239216 0.243137 0.247059 0.250980 0.254902 0.258824 0.262745 0.266667 0.270588 0.274510 0.278431 0.282353 0.286275 0.290196 0.294118 0.298039 0.301961 0.305882 0.309804 0.313725 0.317647 0.321569 0.325490 0.329412 0.333333 0.337255 0.341176 0.345098 0.349020 0.352941 0.356863 0.360784 0.364706 0.368627 0.372549 0.376471 0.380392 0.384314 0.388235 0.392157 0.396078 0.400000 0.403922 0.407843 0.411765 0.415686 0.419608 0.423529 0.427451 0.431373 0.435294 0.439216 0.443137 0.447059 0.450980 0.454902 0.458824 0.462745 0.466667 0.470588 0.474510 0.478431 0.482353 0.486275 0.490196 0.494118 0.498039 0.501961 0.505882 0.509804 0.513725 0.517647 0.521569 0.525490 0.529412 0.533333 0.537255 0.541176 0.545098 0.549020 0.552941 0.556863 0.560784 0.564706 0.568627 0.572549 0.576471 0.580392 0.584314 0.588235 0.592157 0.596078 0.600000 0.603922 0.607843 0.611765 0.615686 0.619608 0.623529 0.627451 0.631373 0.635294 0.639216 0.643137 0.647059 0.650980 0.654902 0.658824 0.662745 0.666667 0.670588 0.674510 0.678431 0.682353 0.686275 0.690196 0.694118 0.698039 0.701961 0.705882 0.709804 0.713725 0.717647 0.721569 0.725490 0.729412 0.733333 0.737255 0.741176 0.745098 0.749020 0.752941 0.756863 0.760784 0.764706 0.768627 0.772549 0.776471 0.780392 0.784314 0.788235 0.792157 0.796078 0.800000 0.803922 0.807843 0.811765 0.815686 0.819608 0.823529 0.827451 0.831373 0.835294 0.839216 0.843137 0.847059 0.850980 0.854902 0.858824 0.862745 0.866667 0.870588 0.874510 0.878431 0.882353 0.886275 0.890196 0.894118 0.898039 0.901961 0.905882 0.909804 0.913725 0.917647 0.921569 0.925490 0.929412 0.933333 0.937255 0.941176 0.945098 0.949020 0.952941 0.956863 0.960784 0.964706 0.968627 0.972549 0.976471 0.980392 0.984314 0.988235 0.992157 0.996078 1.000000))
# end of curves tool settings
