# GIMP curves tool settings

(time 0)
(channel value)
(curve
       (curve-type free)
       (n-points 17)
       (points 34 -1.0 -1.0 -1.0 -1.0 -1.0 -1.0 -1.0 -1.0 -1.0 -1.0 -1.0 -1.0 -1.0 -1.0 -1.0 -1.0 -1.0 -1.0 -1.0 -1.0 -1.0 -1.0 -1.0 -1.0 -1.0 -1.0 -1.0 -1.0 -1.0 -1.0 -1.0 -1.0 -1.0 -1.0)
       (n-samples 256)
       (samples 256 0.000000 0.003922 0.007843 0.011765 0.015686 0.019608 0.023529 0.027451 0.031373 0.035294 0.039216 0.043137 0.047059 0.050980 0.054902 0.058824 0.062745 0.066667 0.070588 0.074510 0.078431 0.082353 0.086275 0.090196 0.094118 0.098039 0.101961 0.105882 0.109804 0.113725 0.117647 0.121569 0.125490 0.129412 0.133333 0.137255 0.141176 0.145098 0.149020 0.152941 0.156863 0.160784 0.164706 0.168627 0.172549 0.176471 0.180392 0.184314 0.188235 0.192157 0.196078 0.200000 0.203922 0.207843 0.211765 0.215686 0.219608 0.223529 0.227451 0.231373 0.235294 0.239216 0.243137 0.247059 0.250980 0.254902 0.258824 0.262745 0.266667 0.270588 0.274510 0.278431 0.282353 0.286275 0.290196 0.294118 0.298039 0.301961 0.305882 0.309804 0.313725 0.317647 0.321569 0.325490 0.329412 0.333333 0.337255 0.341176 0.345098 0.349020 0.352941 0.356863 0.360784 0.364706 0.368627 0.372549 0.376471 0.380392 0.384314 0.388235 0.392157 0.396078 0.400000 0.403922 0.407843 0.411765 0.415686 0.419608 0.423529 0.427451 0.431373 0.435294 0.439216 0.443137 0.447059 0.450980 0.454902 0.458824 0.462745 0.466667 0.470588 0.474510 0.478431 0.482353 0.486275 0.490196 0.494118 0.498039 0.501961 0.505882 0.509804 0.513725 0.517647 0.521569 0.525490 0.529412 0.533333 0.537255 0.541176 0.545098 0.549020 0.552941 0.556863 0.560784 0.564706 0.568627 0.572549 0.576471 0.580392 0.584314 0.588235 0.592157 0.596078 0.600000 0.603922 0.607843 0.611765 0.615686 0.619608 0.623529 0.627451 0.631373 0.635294 0.639216 0.643137 0.647059 0.650980 0.654902 0.658824 0.662745 0.666667 0.670588 0.674510 0.678431 0.682353 0.686275 0.690196 0.694118 0.698039 0.701961 0.705882 0.709804 0.713725 0.717647 0.721569 0.725490 0.729412 0.733333 0.737255 0.741176 0.745098 0.749020 0.752941 0.756863 0.760784 0.764706 0.768627 0.772549 0.776471 0.780392 0.784314 0.788235 0.792157 0.796078 0.800000 0.803922 0.807843 0.811765 0.815686 0.819608 0.823529 0.827451 0.831373 0.835294 0.839216 0.843137 0.847059 0.850980 0.854902 0.858824 0.862745 0.866667 0.870588 0.874510 0.878431 0.882353 0.886275 0.890196 0.894118 0.898039 0.901961 0.905882 0.909804 0.913725 0.917647 0.921569 0.925490 0.929412 0.933333 0.937255 0.941176 0.945098 0.949020 0.952941 0.956863 0.960784 0.964706 0.968627 0.972549 0.976471 0.980392 0.984314 0.988235 0.992157 0.996078 1.000000))
(time 0)
(channel red)
(curve
       (curve-type free)
       (n-points 17)
       (points 34 -1.0 -1.0 -1.0 -1.0 -1.0 -1.0 -1.0 -1.0 -1.0 -1.0 -1.0 -1.0 -1.0 -1.0 -1.0 -1.0 -1.0 -1.0 -1.0 -1.0 -1.0 -1.0 -1.0 -1.0 -1.0 -1.0 -1.0 -1.0 -1.0 -1.0 -1.0 -1.0 -1.0 -1.0)
       (n-samples 256)
       (samples 256 0.003954 0.004332 0.005162 0.005572 0.005767 0.005897 0.005907 0.005891 0.005946 0.006266 0.006704 0.006947 0.007034 0.007549 0.007754 0.008087 0.008323 0.008017 0.008296 0.008128 0.008835 0.008224 0.008131 0.007989 0.007671 0.007683 0.007781 0.007762 0.007678 0.007838 0.007988 0.008838 0.008801 0.009173 0.009034 0.010364 0.010705 0.011502 0.012364 0.012607 0.012815 0.013818 0.015460 0.016446 0.017792 0.018834 0.022314 0.026957 0.030689 0.034706 0.038238 0.043001 0.051288 0.057813 0.068285 0.075491 0.083750 0.092492 0.102468 0.107656 0.115125 0.120385 0.130021 0.138253 0.146773 0.150243 0.158254 0.165466 0.174001 0.182853 0.186350 0.194346 0.199868 0.206640 0.214502 0.220986 0.227349 0.233856 0.241118 0.245522 0.256414 0.264712 0.270307 0.276996 0.284451 0.291721 0.297601 0.303714 0.309504 0.314721 0.320203 0.326142 0.331253 0.339654 0.345035 0.348831 0.353244 0.357359 0.364872 0.370736 0.374739 0.380102 0.387246 0.392097 0.401670 0.410721 0.420118 0.424570 0.430495 0.434033 0.439419 0.445842 0.452717 0.462308 0.472123 0.478399 0.485530 0.491702 0.496458 0.504735 0.513540 0.520657 0.525459 0.530761 0.537936 0.541126 0.544761 0.551616 0.555693 0.561765 0.567122 0.573378 0.579557 0.585475 0.591874 0.596197 0.599800 0.605620 0.610819 0.615267 0.620475 0.626388 0.631380 0.635241 0.640362 0.644582 0.653040 0.656745 0.659945 0.666063 0.672183 0.677144 0.681325 0.685721 0.690394 0.692740 0.697121 0.698585 0.701818 0.705168 0.702605 0.702211 0.704684 0.708771 0.711507 0.712178 0.712854 0.712857 0.714074 0.714065 0.714108 0.711741 0.715051 0.720059 0.721572 0.724435 0.730921 0.733923 0.732352 0.729534 0.732861 0.749882 0.782705 0.807888 0.816747 0.819659 0.826716 0.830536 0.835671 0.840925 0.845168 0.848109 0.852704 0.856273 0.859907 0.864264 0.867448 0.869577 0.872165 0.877764 0.879490 0.881856 0.884125 0.886608 0.890071 0.891474 0.895021 0.897709 0.898627 0.899113 0.901865 0.905122 0.910145 0.911288 0.915539 0.918243 0.920434 0.923699 0.926059 0.928488 0.930300 0.934047 0.934698 0.937976 0.940283 0.944444 0.947633 0.949394 0.952170 0.953482 0.955812 0.956925 0.959053 0.959422 0.961765 0.961365 0.964973 0.964655 0.968117 0.969451 0.972413 0.974226 0.974554 0.975980 0.976616 0.978482 0.979769 0.980090 0.980765 0.981510 0.982889 0.983653 0.985402 0.985450 0.986398 0.988383))
(time 0)
(channel green)
(curve
       (curve-type free)
       (n-points 17)
       (points 34 -1.0 -1.0 -1.0 -1.0 -1.0 -1.0 -1.0 -1.0 -1.0 -1.0 -1.0 -1.0 -1.0 -1.0 -1.0 -1.0 -1.0 -1.0 -1.0 -1.0 -1.0 -1.0 -1.0 -1.0 -1.0 -1.0 -1.0 -1.0 -1.0 -1.0 -1.0 -1.0 -1.0 -1.0)
       (n-samples 256)
       (samples 256 0.070588 0.070588 0.070588 0.070588 0.070588 0.070588 0.070588 0.070588 0.070588 0.070588 0.070588 0.070588 0.070588 0.070588 0.054902 0.079412 0.055556 0.058039 0.057516 0.058824 0.058824 0.060131 0.072712 0.074317 0.074014 0.074923 0.082196 0.089295 0.090921 0.095341 0.095829 0.098909 0.101222 0.101352 0.105991 0.108843 0.111286 0.113047 0.114797 0.116795 0.120334 0.122929 0.127173 0.128969 0.133026 0.136210 0.139170 0.141943 0.145081 0.147895 0.150020 0.153746 0.156347 0.160340 0.162682 0.166166 0.170100 0.174221 0.177197 0.181005 0.183986 0.188181 0.191322 0.195554 0.200200 0.205082 0.209397 0.214606 0.220928 0.225908 0.230394 0.234759 0.239418 0.244270 0.250040 0.254507 0.258025 0.262617 0.267329 0.272695 0.277189 0.283124 0.287869 0.293257 0.299280 0.305419 0.310881 0.316636 0.322622 0.328365 0.334370 0.339725 0.346015 0.353041 0.359180 0.364833 0.371596 0.378369 0.383796 0.390374 0.396405 0.402591 0.408439 0.414728 0.420728 0.426640 0.432976 0.439699 0.445553 0.451497 0.457658 0.462618 0.469162 0.475330 0.480559 0.486717 0.491950 0.497355 0.503402 0.509822 0.515504 0.521521 0.527405 0.532777 0.538902 0.544310 0.548869 0.552420 0.559287 0.564289 0.568599 0.574202 0.580564 0.584369 0.591520 0.597171 0.601624 0.605879 0.611512 0.615599 0.619480 0.624674 0.630361 0.634935 0.639552 0.644733 0.650271 0.653916 0.659069 0.663906 0.668971 0.673215 0.677758 0.681966 0.686521 0.691268 0.694516 0.696594 0.699607 0.702585 0.706657 0.710976 0.713623 0.716639 0.719156 0.722347 0.723835 0.726327 0.729676 0.732962 0.735639 0.736732 0.741166 0.743485 0.746964 0.751442 0.753167 0.756491 0.760592 0.765345 0.768557 0.772264 0.775116 0.779319 0.783557 0.786634 0.789394 0.791947 0.794556 0.797263 0.799259 0.803157 0.804963 0.808958 0.810838 0.813165 0.816904 0.818963 0.821619 0.824204 0.826357 0.827720 0.831188 0.832758 0.834108 0.836361 0.838607 0.840406 0.842243 0.844531 0.847452 0.851154 0.855800 0.859835 0.864816 0.867904 0.871307 0.874824 0.878106 0.881129 0.884957 0.887878 0.889794 0.894988 0.897480 0.899569 0.900814 0.903529 0.908659 0.910160 0.913142 0.917076 0.920439 0.919770 0.922125 0.924326 0.928129 0.930326 0.937284 0.940199 0.940724 0.942060 0.944280 0.951422 0.951584 0.954692 0.960532 0.962050 0.965323 0.967454 0.970874 0.972130 0.975031 0.975853 0.978944 0.982139))
(time 0)
(channel blue)
(curve
       (curve-type free)
       (n-points 17)
       (points 34 -1.0 -1.0 -1.0 -1.0 -1.0 -1.0 -1.0 -1.0 -1.0 -1.0 -1.0 -1.0 -1.0 -1.0 -1.0 -1.0 -1.0 -1.0 -1.0 -1.0 -1.0 -1.0 -1.0 -1.0 -1.0 -1.0 -1.0 -1.0 -1.0 -1.0 -1.0 -1.0 -1.0 -1.0)
       (n-samples 256)
       (samples 256 0.027451 0.027451 0.027451 0.027451 0.027451 0.027451 0.027451 0.027451 0.027451 0.027451 0.027451 0.027451 0.027451 0.027451 0.027451 0.027451 0.027451 0.027451 0.027451 0.027451 0.049020 0.050980 0.083660 0.081699 0.078788 0.066254 0.071989 0.079458 0.081074 0.073725 0.077688 0.085513 0.088965 0.091244 0.092668 0.095967 0.101061 0.104646 0.107892 0.109401 0.113408 0.116991 0.115946 0.119156 0.120562 0.121984 0.123154 0.125578 0.127558 0.129977 0.132910 0.138040 0.141535 0.146468 0.150678 0.155396 0.160299 0.163294 0.167518 0.168911 0.172569 0.172928 0.175949 0.178605 0.182383 0.187776 0.194035 0.201178 0.208605 0.214537 0.220241 0.223576 0.224191 0.222712 0.222454 0.226172 0.230175 0.235932 0.243397 0.249748 0.256857 0.262465 0.268843 0.276087 0.284485 0.289662 0.295818 0.300926 0.306429 0.311027 0.317325 0.322734 0.328456 0.335625 0.339031 0.344617 0.350218 0.357197 0.362343 0.367253 0.373760 0.380010 0.386041 0.392030 0.399398 0.404212 0.408814 0.413923 0.419527 0.425983 0.433128 0.438814 0.443898 0.450340 0.457243 0.463246 0.469225 0.475153 0.481835 0.487903 0.493089 0.499254 0.506419 0.511934 0.518276 0.524706 0.531166 0.536311 0.542330 0.547234 0.552445 0.558226 0.565304 0.569601 0.574707 0.581207 0.587674 0.594381 0.598055 0.604459 0.610598 0.616395 0.622263 0.626558 0.629613 0.636326 0.640531 0.647259 0.651680 0.656413 0.661466 0.667356 0.671143 0.677507 0.680139 0.686023 0.689616 0.694583 0.699300 0.703902 0.709164 0.713805 0.720529 0.724670 0.729190 0.732251 0.737089 0.742209 0.748242 0.752200 0.757411 0.762403 0.767895 0.771145 0.776443 0.780672 0.783907 0.787297 0.790999 0.794774 0.798306 0.801439 0.805000 0.808409 0.811704 0.815797 0.818938 0.822492 0.826339 0.828963 0.831590 0.834607 0.838432 0.840966 0.842588 0.843915 0.844345 0.844287 0.844324 0.846264 0.848564 0.850344 0.852453 0.852810 0.854988 0.855421 0.855818 0.854700 0.857958 0.858130 0.859415 0.862741 0.863293 0.864998 0.867744 0.870501 0.872824 0.874855 0.876951 0.879379 0.881854 0.883719 0.885731 0.887858 0.890704 0.893160 0.894879 0.897302 0.899997 0.902753 0.904674 0.905806 0.905845 0.907501 0.908512 0.910860 0.911884 0.913468 0.914943 0.916630 0.916426 0.919866 0.922224 0.927711 0.929952 0.930228 0.932654 0.942911 0.946374 0.949041 0.950331 0.954465 0.955581 0.956719 0.959829 0.962408))
(time 0)
(channel alpha)
(curve
       (curve-type free)
       (n-points 17)
       (points 34 -1.0 -1.0 -1.0 -1.0 -1.0 -1.0 -1.0 -1.0 -1.0 -1.0 -1.0 -1.0 -1.0 -1.0 -1.0 -1.0 -1.0 -1.0 -1.0 -1.0 -1.0 -1.0 -1.0 -1.0 -1.0 -1.0 -1.0 -1.0 -1.0 -1.0 -1.0 -1.0 -1.0 -1.0)
       (n-samples 256)
       (samples 256 0.000000 0.003922 0.007843 0.011765 0.015686 0.019608 0.023529 0.027451 0.031373 0.035294 0.039216 0.043137 0.047059 0.050980 0.054902 0.058824 0.062745 0.066667 0.070588 0.074510 0.078431 0.082353 0.086275 0.090196 0.094118 0.098039 0.101961 0.105882 0.109804 0.113725 0.117647 0.121569 0.125490 0.129412 0.133333 0.137255 0.141176 0.145098 0.149020 0.152941 0.156863 0.160784 0.164706 0.168627 0.172549 0.176471 0.180392 0.184314 0.188235 0.192157 0.196078 0.200000 0.203922 0.207843 0.211765 0.215686 0.219608 0.223529 0.227451 0.231373 0.235294 0.239216 0.243137 0.247059 0.250980 0.254902 0.258824 0.262745 0.266667 0.270588 0.274510 0.278431 0.282353 0.286275 0.290196 0.294118 0.298039 0.301961 0.305882 0.309804 0.313725 0.317647 0.321569 0.325490 0.329412 0.333333 0.337255 0.341176 0.345098 0.349020 0.352941 0.356863 0.360784 0.364706 0.368627 0.372549 0.376471 0.380392 0.384314 0.388235 0.392157 0.396078 0.400000 0.403922 0.407843 0.411765 0.415686 0.419608 0.423529 0.427451 0.431373 0.435294 0.439216 0.443137 0.447059 0.450980 0.454902 0.458824 0.462745 0.466667 0.470588 0.474510 0.478431 0.482353 0.486275 0.490196 0.494118 0.498039 0.501961 0.505882 0.509804 0.513725 0.517647 0.521569 0.525490 0.529412 0.533333 0.537255 0.541176 0.545098 0.549020 0.552941 0.556863 0.560784 0.564706 0.568627 0.572549 0.576471 0.580392 0.584314 0.588235 0.592157 0.596078 0.600000 0.603922 0.607843 0.611765 0.615686 0.619608 0.623529 0.627451 0.631373 0.635294 0.639216 0.643137 0.647059 0.650980 0.654902 0.658824 0.662745 0.666667 0.670588 0.674510 0.678431 0.682353 0.686275 0.690196 0.694118 0.698039 0.701961 0.705882 0.709804 0.713725 0.717647 0.721569 0.725490 0.729412 0.733333 0.737255 0.741176 0.745098 0.749020 0.752941 0.756863 0.760784 0.764706 0.768627 0.772549 0.776471 0.780392 0.784314 0.788235 0.792157 0.796078 0.800000 0.803922 0.807843 0.811765 0.815686 0.819608 0.823529 0.827451 0.831373 0.835294 0.839216 0.843137 0.847059 0.850980 0.854902 0.858824 0.862745 0.866667 0.870588 0.874510 0.878431 0.882353 0.886275 0.890196 0.894118 0.898039 0.901961 0.905882 0.909804 0.913725 0.917647 0.921569 0.925490 0.929412 0.933333 0.937255 0.941176 0.945098 0.949020 0.952941 0.956863 0.960784 0.964706 0.968627 0.972549 0.976471 0.980392 0.984314 0.988235 0.992157 0.996078 1.000000))
# end of curves tool settings
