# GIMP curves tool settings

(time 0)
(channel value)
(curve
       (curve-type free)
       (n-points 17)
       (points 34 -1.0 -1.0 -1.0 -1.0 -1.0 -1.0 -1.0 -1.0 -1.0 -1.0 -1.0 -1.0 -1.0 -1.0 -1.0 -1.0 -1.0 -1.0 -1.0 -1.0 -1.0 -1.0 -1.0 -1.0 -1.0 -1.0 -1.0 -1.0 -1.0 -1.0 -1.0 -1.0 -1.0 -1.0)
       (n-samples 256)
       (samples 256 0.000000 0.003922 0.007843 0.011765 0.015686 0.019608 0.023529 0.027451 0.031373 0.035294 0.039216 0.043137 0.047059 0.050980 0.054902 0.058824 0.062745 0.066667 0.070588 0.074510 0.078431 0.082353 0.086275 0.090196 0.094118 0.098039 0.101961 0.105882 0.109804 0.113725 0.117647 0.121569 0.125490 0.129412 0.133333 0.137255 0.141176 0.145098 0.149020 0.152941 0.156863 0.160784 0.164706 0.168627 0.172549 0.176471 0.180392 0.184314 0.188235 0.192157 0.196078 0.200000 0.203922 0.207843 0.211765 0.215686 0.219608 0.223529 0.227451 0.231373 0.235294 0.239216 0.243137 0.247059 0.250980 0.254902 0.258824 0.262745 0.266667 0.270588 0.274510 0.278431 0.282353 0.286275 0.290196 0.294118 0.298039 0.301961 0.305882 0.309804 0.313725 0.317647 0.321569 0.325490 0.329412 0.333333 0.337255 0.341176 0.345098 0.349020 0.352941 0.356863 0.360784 0.364706 0.368627 0.372549 0.376471 0.380392 0.384314 0.388235 0.392157 0.396078 0.400000 0.403922 0.407843 0.411765 0.415686 0.419608 0.423529 0.427451 0.431373 0.435294 0.439216 0.443137 0.447059 0.450980 0.454902 0.458824 0.462745 0.466667 0.470588 0.474510 0.478431 0.482353 0.486275 0.490196 0.494118 0.498039 0.501961 0.505882 0.509804 0.513725 0.517647 0.521569 0.525490 0.529412 0.533333 0.537255 0.541176 0.545098 0.549020 0.552941 0.556863 0.560784 0.564706 0.568627 0.572549 0.576471 0.580392 0.584314 0.588235 0.592157 0.596078 0.600000 0.603922 0.607843 0.611765 0.615686 0.619608 0.623529 0.627451 0.631373 0.635294 0.639216 0.643137 0.647059 0.650980 0.654902 0.658824 0.662745 0.666667 0.670588 0.674510 0.678431 0.682353 0.686275 0.690196 0.694118 0.698039 0.701961 0.705882 0.709804 0.713725 0.717647 0.721569 0.725490 0.729412 0.733333 0.737255 0.741176 0.745098 0.749020 0.752941 0.756863 0.760784 0.764706 0.768627 0.772549 0.776471 0.780392 0.784314 0.788235 0.792157 0.796078 0.800000 0.803922 0.807843 0.811765 0.815686 0.819608 0.823529 0.827451 0.831373 0.835294 0.839216 0.843137 0.847059 0.850980 0.854902 0.858824 0.862745 0.866667 0.870588 0.874510 0.878431 0.882353 0.886275 0.890196 0.894118 0.898039 0.901961 0.905882 0.909804 0.913725 0.917647 0.921569 0.925490 0.929412 0.933333 0.937255 0.941176 0.945098 0.949020 0.952941 0.956863 0.960784 0.964706 0.968627 0.972549 0.976471 0.980392 0.984314 0.988235 0.992157 0.996078 1.000000))
(time 0)
(channel red)
(curve
       (curve-type free)
       (n-points 17)
       (points 34 -1.0 -1.0 -1.0 -1.0 -1.0 -1.0 -1.0 -1.0 -1.0 -1.0 -1.0 -1.0 -1.0 -1.0 -1.0 -1.0 -1.0 -1.0 -1.0 -1.0 -1.0 -1.0 -1.0 -1.0 -1.0 -1.0 -1.0 -1.0 -1.0 -1.0 -1.0 -1.0 -1.0 -1.0)
       (n-samples 256)
       (samples 256 0.098401 0.120628 0.123339 0.146344 0.163912 0.182685 0.201748 0.220986 0.224961 0.249621 0.270323 0.266607 0.288962 0.291182 0.292650 0.314693 0.305717 0.312505 0.327717 0.322758 0.324675 0.315466 0.314143 0.298800 0.265342 0.278099 0.301634 0.309437 0.298921 0.320929 0.323458 0.337807 0.342550 0.349627 0.353480 0.343821 0.351390 0.352798 0.363833 0.370469 0.375956 0.367759 0.379295 0.372489 0.374065 0.381558 0.378522 0.375617 0.353813 0.336231 0.320950 0.309750 0.291849 0.283852 0.266047 0.267190 0.269407 0.266423 0.272242 0.275733 0.274304 0.286117 0.286144 0.289632 0.294052 0.300107 0.307968 0.323039 0.338930 0.344865 0.353874 0.361031 0.370038 0.380770 0.389340 0.399083 0.405242 0.418077 0.426982 0.434345 0.444266 0.448274 0.458401 0.461199 0.467182 0.473598 0.477334 0.484800 0.491343 0.495271 0.500706 0.506140 0.508281 0.513333 0.519568 0.524108 0.527971 0.532626 0.536314 0.538167 0.540722 0.545090 0.547991 0.547533 0.551349 0.553234 0.559435 0.563308 0.569054 0.576713 0.579352 0.581741 0.584881 0.590620 0.595982 0.600066 0.602466 0.605547 0.609245 0.610593 0.614465 0.620583 0.624295 0.630276 0.632292 0.636040 0.637765 0.637026 0.635600 0.635855 0.634560 0.635403 0.637388 0.639768 0.640306 0.643938 0.645806 0.651483 0.654760 0.659961 0.661259 0.664588 0.667809 0.671776 0.673316 0.676948 0.681010 0.683138 0.685993 0.685908 0.690900 0.690756 0.695885 0.695346 0.694460 0.698995 0.702405 0.702724 0.706155 0.708474 0.712101 0.714828 0.718201 0.719335 0.722018 0.724436 0.728145 0.729917 0.731620 0.736214 0.737524 0.741941 0.744005 0.746032 0.748419 0.751877 0.754571 0.757949 0.760583 0.764636 0.768724 0.770648 0.773435 0.775546 0.779759 0.783016 0.786582 0.789819 0.793057 0.795778 0.798620 0.801115 0.804307 0.807822 0.810406 0.812834 0.815253 0.818340 0.821672 0.823492 0.825820 0.828166 0.831512 0.834291 0.836721 0.839386 0.841954 0.844910 0.847952 0.850156 0.852512 0.855272 0.858166 0.860070 0.862465 0.865399 0.867962 0.870935 0.873346 0.876526 0.879452 0.882537 0.884753 0.887351 0.890117 0.892022 0.894553 0.896952 0.899453 0.901601 0.903935 0.906620 0.909593 0.911719 0.914093 0.916917 0.918918 0.921800 0.924269 0.925404 0.928107 0.929689 0.930366 0.930724 0.933792 0.932629 0.934977 0.935448 0.933278 0.934678 0.936017 0.932657 0.938151 0.950000 0.976471 0.966176))
(time 0)
(channel green)
(curve
       (curve-type free)
       (n-points 17)
       (points 34 -1.0 -1.0 -1.0 -1.0 -1.0 -1.0 -1.0 -1.0 -1.0 -1.0 -1.0 -1.0 -1.0 -1.0 -1.0 -1.0 -1.0 -1.0 -1.0 -1.0 -1.0 -1.0 -1.0 -1.0 -1.0 -1.0 -1.0 -1.0 -1.0 -1.0 -1.0 -1.0 -1.0 -1.0)
       (n-samples 256)
       (samples 256 0.004052 0.002353 0.008627 0.016993 0.018954 0.036275 0.043137 0.030392 0.040196 0.059608 0.056209 0.050196 0.050420 0.050980 0.054902 0.062745 0.031373 0.054118 0.061176 0.057843 0.068954 0.072059 0.078824 0.062745 0.090196 0.085490 0.117647 0.092157 0.101471 0.107758 0.110282 0.116506 0.121760 0.125888 0.127843 0.126536 0.136601 0.141407 0.148752 0.147625 0.153671 0.152661 0.167962 0.169697 0.171355 0.174610 0.177624 0.185894 0.191349 0.195196 0.196983 0.203834 0.211734 0.217582 0.222932 0.223019 0.228922 0.231436 0.236049 0.240789 0.245853 0.251225 0.254807 0.259957 0.263989 0.268851 0.273030 0.278109 0.283383 0.289309 0.294635 0.300215 0.306156 0.312518 0.318825 0.323378 0.329112 0.334054 0.339439 0.346289 0.351937 0.356919 0.362765 0.368952 0.374442 0.379172 0.384579 0.390809 0.396462 0.402265 0.406902 0.412542 0.417961 0.422446 0.429130 0.433160 0.439006 0.444196 0.449533 0.453578 0.458492 0.464651 0.469321 0.473945 0.478489 0.483733 0.487955 0.492800 0.496859 0.501991 0.507482 0.511685 0.515981 0.519512 0.524742 0.528096 0.532596 0.536612 0.541302 0.544177 0.548204 0.553026 0.556873 0.561851 0.565405 0.568831 0.572576 0.575682 0.579679 0.583112 0.587143 0.590149 0.595944 0.598557 0.603001 0.606213 0.610415 0.613396 0.616745 0.619315 0.623586 0.626701 0.631678 0.635527 0.638395 0.641630 0.645944 0.649433 0.652361 0.656243 0.659368 0.663082 0.666521 0.670478 0.672810 0.676722 0.679433 0.683116 0.686995 0.690999 0.694507 0.698076 0.702634 0.706366 0.709632 0.712713 0.716023 0.719974 0.722598 0.726182 0.728726 0.731929 0.735391 0.738532 0.742210 0.746415 0.749962 0.753342 0.757286 0.760484 0.763629 0.766288 0.769894 0.773519 0.776432 0.779702 0.783906 0.787897 0.790947 0.793587 0.796307 0.799556 0.803529 0.807162 0.809315 0.812030 0.814824 0.818327 0.821755 0.822921 0.825264 0.827690 0.830873 0.833374 0.835109 0.837954 0.840991 0.844783 0.847581 0.849046 0.851805 0.854068 0.856421 0.858965 0.861013 0.863425 0.865409 0.868203 0.870246 0.871978 0.874269 0.876539 0.878508 0.880667 0.882866 0.884985 0.887615 0.890191 0.892491 0.894825 0.897305 0.899857 0.902577 0.904790 0.907056 0.909479 0.912447 0.914395 0.917177 0.918987 0.922318 0.925510 0.928428 0.931333 0.934033 0.935916 0.938691 0.941083 0.942950 0.944502 0.946732 0.949542 0.950564 0.952430 0.964706 0.970308))
(time 0)
(channel blue)
(curve
       (curve-type free)
       (n-points 17)
       (points 34 -1.0 -1.0 -1.0 -1.0 -1.0 -1.0 -1.0 -1.0 -1.0 -1.0 -1.0 -1.0 -1.0 -1.0 -1.0 -1.0 -1.0 -1.0 -1.0 -1.0 -1.0 -1.0 -1.0 -1.0 -1.0 -1.0 -1.0 -1.0 -1.0 -1.0 -1.0 -1.0 -1.0 -1.0)
       (n-samples 256)
       (samples 256 0.143912 0.174097 0.179064 0.186756 0.172910 0.171405 0.165826 0.191950 0.150151 0.132723 0.162868 0.168547 0.140305 0.149020 0.144972 0.132538 0.128465 0.158514 0.162418 0.149420 0.161596 0.148609 0.161850 0.154474 0.157480 0.160901 0.160521 0.180526 0.181299 0.173237 0.194294 0.179703 0.189632 0.174654 0.165546 0.161323 0.156512 0.161600 0.159775 0.155283 0.159505 0.154969 0.160443 0.161240 0.165035 0.167678 0.172402 0.177333 0.183962 0.188157 0.196422 0.202401 0.208453 0.215507 0.222769 0.227540 0.237764 0.246057 0.251475 0.261649 0.270143 0.275569 0.281468 0.289735 0.296041 0.302544 0.310666 0.315654 0.326319 0.333799 0.339599 0.344196 0.350204 0.358630 0.362594 0.370729 0.375359 0.382780 0.388730 0.391620 0.398305 0.404210 0.408597 0.414647 0.422139 0.426974 0.434105 0.440023 0.444904 0.450049 0.454537 0.458533 0.465610 0.469958 0.475388 0.480064 0.486486 0.492447 0.497020 0.500555 0.504895 0.507377 0.512341 0.516476 0.521722 0.525314 0.529508 0.534465 0.540487 0.544191 0.549778 0.554410 0.560453 0.565563 0.570163 0.575044 0.577651 0.583282 0.587686 0.591432 0.595808 0.600204 0.604983 0.606883 0.611105 0.615755 0.619321 0.623992 0.627132 0.632334 0.634794 0.641320 0.645115 0.647955 0.653474 0.656329 0.659777 0.663709 0.667374 0.671304 0.675355 0.679690 0.682535 0.686428 0.688417 0.692061 0.695189 0.697997 0.700299 0.703265 0.705144 0.707998 0.710418 0.712164 0.715786 0.718919 0.719975 0.723313 0.724765 0.725616 0.728832 0.730792 0.732279 0.735469 0.737566 0.740163 0.742069 0.746517 0.748811 0.750391 0.753880 0.756476 0.759076 0.762519 0.765609 0.768406 0.771742 0.775090 0.778198 0.779801 0.782589 0.784146 0.785955 0.788647 0.790608 0.794661 0.798071 0.800907 0.803244 0.807551 0.811809 0.816423 0.819329 0.820182 0.823708 0.826508 0.829415 0.830298 0.832012 0.834211 0.837213 0.840201 0.841705 0.844063 0.847485 0.851611 0.854826 0.856423 0.858473 0.861084 0.863911 0.865893 0.867892 0.870365 0.873698 0.875865 0.876799 0.879114 0.881285 0.884758 0.888488 0.890861 0.892701 0.896345 0.898927 0.901648 0.903007 0.905987 0.908582 0.910822 0.914057 0.915707 0.917214 0.917113 0.920365 0.921872 0.924732 0.926870 0.928259 0.931378 0.933074 0.935147 0.937995 0.938438 0.941950 0.945154 0.947463 0.947462 0.949940 0.950802 0.959695 0.946405 0.946405 0.946405 0.946405 0.946405))
(time 0)
(channel alpha)
(curve
       (curve-type free)
       (n-points 17)
       (points 34 -1.0 -1.0 -1.0 -1.0 -1.0 -1.0 -1.0 -1.0 -1.0 -1.0 -1.0 -1.0 -1.0 -1.0 -1.0 -1.0 -1.0 -1.0 -1.0 -1.0 -1.0 -1.0 -1.0 -1.0 -1.0 -1.0 -1.0 -1.0 -1.0 -1.0 -1.0 -1.0 -1.0 -1.0)
       (n-samples 256)
       (samples 256 0.000000 0.003922 0.007843 0.011765 0.015686 0.019608 0.023529 0.027451 0.031373 0.035294 0.039216 0.043137 0.047059 0.050980 0.054902 0.058824 0.062745 0.066667 0.070588 0.074510 0.078431 0.082353 0.086275 0.090196 0.094118 0.098039 0.101961 0.105882 0.109804 0.113725 0.117647 0.121569 0.125490 0.129412 0.133333 0.137255 0.141176 0.145098 0.149020 0.152941 0.156863 0.160784 0.164706 0.168627 0.172549 0.176471 0.180392 0.184314 0.188235 0.192157 0.196078 0.200000 0.203922 0.207843 0.211765 0.215686 0.219608 0.223529 0.227451 0.231373 0.235294 0.239216 0.243137 0.247059 0.250980 0.254902 0.258824 0.262745 0.266667 0.270588 0.274510 0.278431 0.282353 0.286275 0.290196 0.294118 0.298039 0.301961 0.305882 0.309804 0.313725 0.317647 0.321569 0.325490 0.329412 0.333333 0.337255 0.341176 0.345098 0.349020 0.352941 0.356863 0.360784 0.364706 0.368627 0.372549 0.376471 0.380392 0.384314 0.388235 0.392157 0.396078 0.400000 0.403922 0.407843 0.411765 0.415686 0.419608 0.423529 0.427451 0.431373 0.435294 0.439216 0.443137 0.447059 0.450980 0.454902 0.458824 0.462745 0.466667 0.470588 0.474510 0.478431 0.482353 0.486275 0.490196 0.494118 0.498039 0.501961 0.505882 0.509804 0.513725 0.517647 0.521569 0.525490 0.529412 0.533333 0.537255 0.541176 0.545098 0.549020 0.552941 0.556863 0.560784 0.564706 0.568627 0.572549 0.576471 0.580392 0.584314 0.588235 0.592157 0.596078 0.600000 0.603922 0.607843 0.611765 0.615686 0.619608 0.623529 0.627451 0.631373 0.635294 0.639216 0.643137 0.647059 0.650980 0.654902 0.658824 0.662745 0.666667 0.670588 0.674510 0.678431 0.682353 0.686275 0.690196 0.694118 0.698039 0.701961 0.705882 0.709804 0.713725 0.717647 0.721569 0.725490 0.729412 0.733333 0.737255 0.741176 0.745098 0.749020 0.752941 0.756863 0.760784 0.764706 0.768627 0.772549 0.776471 0.780392 0.784314 0.788235 0.792157 0.796078 0.800000 0.803922 0.807843 0.811765 0.815686 0.819608 0.823529 0.827451 0.831373 0.835294 0.839216 0.843137 0.847059 0.850980 0.854902 0.858824 0.862745 0.866667 0.870588 0.874510 0.878431 0.882353 0.886275 0.890196 0.894118 0.898039 0.901961 0.905882 0.909804 0.913725 0.917647 0.921569 0.925490 0.929412 0.933333 0.937255 0.941176 0.945098 0.949020 0.952941 0.956863 0.960784 0.964706 0.968627 0.972549 0.976471 0.980392 0.984314 0.988235 0.992157 0.996078 1.000000))
# end of curves tool settings
