# GIMP curves tool settings

(time 0)
(channel value)
(curve
       (curve-type free)
       (n-points 17)
       (points 34 -1.0 -1.0 -1.0 -1.0 -1.0 -1.0 -1.0 -1.0 -1.0 -1.0 -1.0 -1.0 -1.0 -1.0 -1.0 -1.0 -1.0 -1.0 -1.0 -1.0 -1.0 -1.0 -1.0 -1.0 -1.0 -1.0 -1.0 -1.0 -1.0 -1.0 -1.0 -1.0 -1.0 -1.0)
       (n-samples 256)
       (samples 256 0.000000 0.003922 0.007843 0.011765 0.015686 0.019608 0.023529 0.027451 0.031373 0.035294 0.039216 0.043137 0.047059 0.050980 0.054902 0.058824 0.062745 0.066667 0.070588 0.074510 0.078431 0.082353 0.086275 0.090196 0.094118 0.098039 0.101961 0.105882 0.109804 0.113725 0.117647 0.121569 0.125490 0.129412 0.133333 0.137255 0.141176 0.145098 0.149020 0.152941 0.156863 0.160784 0.164706 0.168627 0.172549 0.176471 0.180392 0.184314 0.188235 0.192157 0.196078 0.200000 0.203922 0.207843 0.211765 0.215686 0.219608 0.223529 0.227451 0.231373 0.235294 0.239216 0.243137 0.247059 0.250980 0.254902 0.258824 0.262745 0.266667 0.270588 0.274510 0.278431 0.282353 0.286275 0.290196 0.294118 0.298039 0.301961 0.305882 0.309804 0.313725 0.317647 0.321569 0.325490 0.329412 0.333333 0.337255 0.341176 0.345098 0.349020 0.352941 0.356863 0.360784 0.364706 0.368627 0.372549 0.376471 0.380392 0.384314 0.388235 0.392157 0.396078 0.400000 0.403922 0.407843 0.411765 0.415686 0.419608 0.423529 0.427451 0.431373 0.435294 0.439216 0.443137 0.447059 0.450980 0.454902 0.458824 0.462745 0.466667 0.470588 0.474510 0.478431 0.482353 0.486275 0.490196 0.494118 0.498039 0.501961 0.505882 0.509804 0.513725 0.517647 0.521569 0.525490 0.529412 0.533333 0.537255 0.541176 0.545098 0.549020 0.552941 0.556863 0.560784 0.564706 0.568627 0.572549 0.576471 0.580392 0.584314 0.588235 0.592157 0.596078 0.600000 0.603922 0.607843 0.611765 0.615686 0.619608 0.623529 0.627451 0.631373 0.635294 0.639216 0.643137 0.647059 0.650980 0.654902 0.658824 0.662745 0.666667 0.670588 0.674510 0.678431 0.682353 0.686275 0.690196 0.694118 0.698039 0.701961 0.705882 0.709804 0.713725 0.717647 0.721569 0.725490 0.729412 0.733333 0.737255 0.741176 0.745098 0.749020 0.752941 0.756863 0.760784 0.764706 0.768627 0.772549 0.776471 0.780392 0.784314 0.788235 0.792157 0.796078 0.800000 0.803922 0.807843 0.811765 0.815686 0.819608 0.823529 0.827451 0.831373 0.835294 0.839216 0.843137 0.847059 0.850980 0.854902 0.858824 0.862745 0.866667 0.870588 0.874510 0.878431 0.882353 0.886275 0.890196 0.894118 0.898039 0.901961 0.905882 0.909804 0.913725 0.917647 0.921569 0.925490 0.929412 0.933333 0.937255 0.941176 0.945098 0.949020 0.952941 0.956863 0.960784 0.964706 0.968627 0.972549 0.976471 0.980392 0.984314 0.988235 0.992157 0.996078 1.000000))
(time 0)
(channel red)
(curve
       (curve-type free)
       (n-points 17)
       (points 34 -1.0 -1.0 -1.0 -1.0 -1.0 -1.0 -1.0 -1.0 -1.0 -1.0 -1.0 -1.0 -1.0 -1.0 -1.0 -1.0 -1.0 -1.0 -1.0 -1.0 -1.0 -1.0 -1.0 -1.0 -1.0 -1.0 -1.0 -1.0 -1.0 -1.0 -1.0 -1.0 -1.0 -1.0)
       (n-samples 256)
       (samples 256 0.002423 0.003195 0.004616 0.007463 0.011099 0.011870 0.012546 0.012116 0.011436 0.011814 0.012919 0.013538 0.013763 0.014545 0.015690 0.016335 0.017435 0.018864 0.019921 0.021127 0.022185 0.023618 0.025453 0.027090 0.029386 0.031397 0.033563 0.036282 0.038938 0.041761 0.044932 0.048180 0.051902 0.054987 0.058096 0.061365 0.064167 0.067388 0.070235 0.072721 0.076130 0.079305 0.082877 0.086333 0.090149 0.093601 0.097502 0.101456 0.105241 0.109242 0.113537 0.116945 0.121200 0.124098 0.128061 0.132497 0.136484 0.139798 0.145006 0.148389 0.152109 0.156780 0.161316 0.165685 0.169074 0.173302 0.176578 0.180970 0.185890 0.190665 0.195206 0.199709 0.204989 0.209733 0.215238 0.220408 0.226195 0.229668 0.235422 0.241468 0.246162 0.252382 0.257461 0.263076 0.267135 0.272477 0.276541 0.282921 0.287059 0.292898 0.298056 0.302915 0.308165 0.312334 0.319777 0.323038 0.327710 0.333565 0.337875 0.343066 0.347040 0.351671 0.356026 0.360953 0.367183 0.372464 0.377563 0.382521 0.388863 0.394540 0.399120 0.403456 0.408111 0.413633 0.416949 0.422475 0.427245 0.432566 0.436804 0.441528 0.446185 0.450518 0.455301 0.459736 0.465674 0.468628 0.474424 0.479244 0.485472 0.490526 0.494105 0.499621 0.503348 0.507346 0.511767 0.517121 0.520853 0.525103 0.529623 0.533808 0.537175 0.542486 0.545005 0.549463 0.552549 0.557601 0.558934 0.563430 0.569380 0.572467 0.576499 0.581629 0.584921 0.589000 0.593461 0.597962 0.603029 0.606680 0.612105 0.616471 0.622250 0.625657 0.629910 0.634063 0.638324 0.642792 0.645392 0.648365 0.651292 0.655974 0.659219 0.659573 0.661625 0.664228 0.667596 0.670208 0.673217 0.676599 0.676960 0.681324 0.684287 0.688355 0.691071 0.695611 0.698405 0.703584 0.707000 0.710629 0.713450 0.716432 0.720185 0.720681 0.719654 0.722884 0.721412 0.723975 0.725882 0.730256 0.735168 0.737577 0.741420 0.744896 0.749111 0.756226 0.760095 0.763375 0.768606 0.775097 0.778726 0.782653 0.784429 0.787793 0.791433 0.795302 0.799390 0.806533 0.812328 0.818493 0.821880 0.827064 0.830570 0.833966 0.837818 0.840344 0.842851 0.847517 0.849928 0.854050 0.857258 0.861821 0.867213 0.871343 0.876328 0.880967 0.886398 0.891661 0.895702 0.899478 0.902649 0.905864 0.908724 0.910588 0.912154 0.914419 0.915661 0.919132 0.919100 0.920999 0.919917 0.923662 0.928800 0.932370 0.935469 0.935014 0.931590 0.953101))
(time 0)
(channel green)
(curve
       (curve-type free)
       (n-points 17)
       (points 34 -1.0 -1.0 -1.0 -1.0 -1.0 -1.0 -1.0 -1.0 -1.0 -1.0 -1.0 -1.0 -1.0 -1.0 -1.0 -1.0 -1.0 -1.0 -1.0 -1.0 -1.0 -1.0 -1.0 -1.0 -1.0 -1.0 -1.0 -1.0 -1.0 -1.0 -1.0 -1.0 -1.0 -1.0)
       (n-samples 256)
       (samples 256 0.012082 0.013376 0.014334 0.015506 0.016722 0.018004 0.019474 0.021228 0.022156 0.023838 0.025240 0.025984 0.027281 0.028828 0.030375 0.032347 0.034303 0.036038 0.037625 0.039151 0.041172 0.043213 0.045512 0.047578 0.049560 0.052013 0.054414 0.056889 0.059199 0.061557 0.064238 0.066611 0.069042 0.071745 0.074804 0.077907 0.081147 0.084341 0.087479 0.091009 0.094454 0.098010 0.102236 0.106278 0.109909 0.113825 0.117346 0.121489 0.125188 0.129055 0.133398 0.137371 0.141638 0.145960 0.149170 0.152693 0.155928 0.159817 0.163911 0.167383 0.171084 0.175657 0.179977 0.184735 0.188634 0.192703 0.196546 0.200961 0.203989 0.207965 0.212380 0.216167 0.219535 0.225588 0.228632 0.232899 0.237386 0.241763 0.245939 0.249686 0.254933 0.259685 0.262678 0.266699 0.272220 0.275395 0.278499 0.283523 0.287042 0.292568 0.293391 0.296756 0.301229 0.306189 0.311293 0.315383 0.321202 0.326826 0.332215 0.338060 0.342043 0.346592 0.352508 0.357589 0.362742 0.367826 0.372022 0.378454 0.381819 0.386338 0.390534 0.394804 0.399994 0.405557 0.408755 0.414148 0.418494 0.421378 0.427823 0.433143 0.438293 0.443376 0.448110 0.454937 0.458602 0.464246 0.470007 0.476335 0.481271 0.486195 0.492120 0.496655 0.501448 0.506981 0.511805 0.516452 0.521250 0.525106 0.530889 0.534579 0.540004 0.543549 0.549005 0.553454 0.557869 0.561666 0.566000 0.570980 0.574590 0.579447 0.583946 0.587534 0.592193 0.596838 0.601721 0.606419 0.609636 0.613435 0.617789 0.620212 0.623980 0.627887 0.631072 0.633338 0.636110 0.639383 0.641486 0.644305 0.646339 0.647217 0.649556 0.651282 0.654116 0.654559 0.655680 0.659140 0.661383 0.662076 0.661687 0.663148 0.665319 0.666709 0.669147 0.672407 0.676162 0.678916 0.683845 0.686949 0.691873 0.697846 0.702876 0.707683 0.713041 0.719506 0.723146 0.725350 0.729679 0.734900 0.739470 0.742954 0.748571 0.752621 0.760233 0.765263 0.772123 0.778230 0.783261 0.789340 0.793693 0.798617 0.801708 0.804532 0.808905 0.811208 0.812697 0.812605 0.815219 0.816786 0.817875 0.820971 0.826086 0.834484 0.840692 0.845888 0.852648 0.856624 0.864003 0.870051 0.875756 0.879118 0.882377 0.886062 0.890950 0.893131 0.897680 0.902445 0.900840 0.906038 0.904124 0.912045 0.915686 0.911230 0.924955 0.922157 0.920471 0.924871 0.929739 0.934118 0.918627 0.955294 0.935116 0.955392 0.942484 0.969281 0.952941 0.961569))
(time 0)
(channel blue)
(curve
       (curve-type free)
       (n-points 17)
       (points 34 -1.0 -1.0 -1.0 -1.0 -1.0 -1.0 -1.0 -1.0 -1.0 -1.0 -1.0 -1.0 -1.0 -1.0 -1.0 -1.0 -1.0 -1.0 -1.0 -1.0 -1.0 -1.0 -1.0 -1.0 -1.0 -1.0 -1.0 -1.0 -1.0 -1.0 -1.0 -1.0 -1.0 -1.0)
       (n-samples 256)
       (samples 256 0.013539 0.015139 0.016369 0.017908 0.019786 0.021405 0.022819 0.024368 0.025270 0.025987 0.027362 0.028775 0.030677 0.032250 0.034215 0.035835 0.037901 0.040065 0.042354 0.044084 0.045921 0.048020 0.050166 0.052100 0.054771 0.057326 0.059410 0.061895 0.064055 0.066526 0.068917 0.071303 0.074223 0.076578 0.079626 0.082631 0.085478 0.088584 0.091766 0.094943 0.098204 0.100858 0.104317 0.107728 0.111246 0.114697 0.117993 0.121469 0.125213 0.128790 0.132514 0.135856 0.139797 0.143117 0.147388 0.150685 0.155702 0.159752 0.163074 0.167932 0.172214 0.176652 0.180186 0.185290 0.189761 0.193486 0.197035 0.202468 0.206474 0.210730 0.216019 0.219954 0.224417 0.228935 0.234331 0.238541 0.243993 0.249985 0.255510 0.259933 0.264923 0.268817 0.273260 0.277170 0.280846 0.283487 0.287956 0.290878 0.296514 0.300164 0.305086 0.309521 0.313621 0.317559 0.322653 0.326635 0.332383 0.337627 0.341834 0.347947 0.351555 0.356045 0.361261 0.366928 0.370897 0.376259 0.381308 0.384867 0.390371 0.394650 0.399345 0.402799 0.407294 0.411423 0.416381 0.421625 0.425599 0.429865 0.434576 0.440253 0.445900 0.450675 0.455418 0.459900 0.463112 0.469570 0.474948 0.479984 0.482613 0.488586 0.492768 0.496294 0.501804 0.506679 0.510025 0.516161 0.519512 0.523972 0.529212 0.534319 0.538894 0.544657 0.548717 0.554559 0.558285 0.562332 0.567420 0.573226 0.576120 0.581270 0.586222 0.590841 0.594751 0.598107 0.600299 0.603937 0.607405 0.608741 0.614774 0.619325 0.623620 0.625897 0.628578 0.631618 0.632870 0.635618 0.635881 0.637317 0.639218 0.640246 0.643132 0.645531 0.647178 0.648812 0.652578 0.653464 0.657605 0.662509 0.664911 0.668810 0.673629 0.676594 0.684932 0.689576 0.693436 0.698643 0.703626 0.707724 0.710039 0.715139 0.720849 0.728186 0.735619 0.743732 0.752426 0.759590 0.767681 0.773964 0.779404 0.784090 0.788303 0.792166 0.796021 0.800279 0.804858 0.808401 0.811936 0.815065 0.817816 0.821750 0.825476 0.827065 0.829614 0.832420 0.835832 0.837534 0.839852 0.843094 0.848782 0.855279 0.861596 0.866891 0.871908 0.876981 0.881116 0.884582 0.887044 0.889617 0.892666 0.895639 0.898334 0.899256 0.899690 0.904907 0.909973 0.910290 0.911796 0.917186 0.921097 0.922380 0.929920 0.933007 0.928431 0.939522 0.936087 0.934614 0.943365 0.953197 0.953159 0.955656 0.967945 0.955462 0.952430 0.968410 0.964706 0.976697))
(time 0)
(channel alpha)
(curve
       (curve-type free)
       (n-points 17)
       (points 34 -1.0 -1.0 -1.0 -1.0 -1.0 -1.0 -1.0 -1.0 -1.0 -1.0 -1.0 -1.0 -1.0 -1.0 -1.0 -1.0 -1.0 -1.0 -1.0 -1.0 -1.0 -1.0 -1.0 -1.0 -1.0 -1.0 -1.0 -1.0 -1.0 -1.0 -1.0 -1.0 -1.0 -1.0)
       (n-samples 256)
       (samples 256 0.000000 0.003922 0.007843 0.011765 0.015686 0.019608 0.023529 0.027451 0.031373 0.035294 0.039216 0.043137 0.047059 0.050980 0.054902 0.058824 0.062745 0.066667 0.070588 0.074510 0.078431 0.082353 0.086275 0.090196 0.094118 0.098039 0.101961 0.105882 0.109804 0.113725 0.117647 0.121569 0.125490 0.129412 0.133333 0.137255 0.141176 0.145098 0.149020 0.152941 0.156863 0.160784 0.164706 0.168627 0.172549 0.176471 0.180392 0.184314 0.188235 0.192157 0.196078 0.200000 0.203922 0.207843 0.211765 0.215686 0.219608 0.223529 0.227451 0.231373 0.235294 0.239216 0.243137 0.247059 0.250980 0.254902 0.258824 0.262745 0.266667 0.270588 0.274510 0.278431 0.282353 0.286275 0.290196 0.294118 0.298039 0.301961 0.305882 0.309804 0.313725 0.317647 0.321569 0.325490 0.329412 0.333333 0.337255 0.341176 0.345098 0.349020 0.352941 0.356863 0.360784 0.364706 0.368627 0.372549 0.376471 0.380392 0.384314 0.388235 0.392157 0.396078 0.400000 0.403922 0.407843 0.411765 0.415686 0.419608 0.423529 0.427451 0.431373 0.435294 0.439216 0.443137 0.447059 0.450980 0.454902 0.458824 0.462745 0.466667 0.470588 0.474510 0.478431 0.482353 0.486275 0.490196 0.494118 0.498039 0.501961 0.505882 0.509804 0.513725 0.517647 0.521569 0.525490 0.529412 0.533333 0.537255 0.541176 0.545098 0.549020 0.552941 0.556863 0.560784 0.564706 0.568627 0.572549 0.576471 0.580392 0.584314 0.588235 0.592157 0.596078 0.600000 0.603922 0.607843 0.611765 0.615686 0.619608 0.623529 0.627451 0.631373 0.635294 0.639216 0.643137 0.647059 0.650980 0.654902 0.658824 0.662745 0.666667 0.670588 0.674510 0.678431 0.682353 0.686275 0.690196 0.694118 0.698039 0.701961 0.705882 0.709804 0.713725 0.717647 0.721569 0.725490 0.729412 0.733333 0.737255 0.741176 0.745098 0.749020 0.752941 0.756863 0.760784 0.764706 0.768627 0.772549 0.776471 0.780392 0.784314 0.788235 0.792157 0.796078 0.800000 0.803922 0.807843 0.811765 0.815686 0.819608 0.823529 0.827451 0.831373 0.835294 0.839216 0.843137 0.847059 0.850980 0.854902 0.858824 0.862745 0.866667 0.870588 0.874510 0.878431 0.882353 0.886275 0.890196 0.894118 0.898039 0.901961 0.905882 0.909804 0.913725 0.917647 0.921569 0.925490 0.929412 0.933333 0.937255 0.941176 0.945098 0.949020 0.952941 0.956863 0.960784 0.964706 0.968627 0.972549 0.976471 0.980392 0.984314 0.988235 0.992157 0.996078 1.000000))
# end of curves tool settings
