# GIMP curves tool settings

(time 0)
(channel value)
(curve
       (curve-type free)
       (n-points 17)
       (points 34 -1.0 -1.0 -1.0 -1.0 -1.0 -1.0 -1.0 -1.0 -1.0 -1.0 -1.0 -1.0 -1.0 -1.0 -1.0 -1.0 -1.0 -1.0 -1.0 -1.0 -1.0 -1.0 -1.0 -1.0 -1.0 -1.0 -1.0 -1.0 -1.0 -1.0 -1.0 -1.0 -1.0 -1.0)
       (n-samples 256)
       (samples 256 0.000000 0.003922 0.007843 0.011765 0.015686 0.019608 0.023529 0.027451 0.031373 0.035294 0.039216 0.043137 0.047059 0.050980 0.054902 0.058824 0.062745 0.066667 0.070588 0.074510 0.078431 0.082353 0.086275 0.090196 0.094118 0.098039 0.101961 0.105882 0.109804 0.113725 0.117647 0.121569 0.125490 0.129412 0.133333 0.137255 0.141176 0.145098 0.149020 0.152941 0.156863 0.160784 0.164706 0.168627 0.172549 0.176471 0.180392 0.184314 0.188235 0.192157 0.196078 0.200000 0.203922 0.207843 0.211765 0.215686 0.219608 0.223529 0.227451 0.231373 0.235294 0.239216 0.243137 0.247059 0.250980 0.254902 0.258824 0.262745 0.266667 0.270588 0.274510 0.278431 0.282353 0.286275 0.290196 0.294118 0.298039 0.301961 0.305882 0.309804 0.313725 0.317647 0.321569 0.325490 0.329412 0.333333 0.337255 0.341176 0.345098 0.349020 0.352941 0.356863 0.360784 0.364706 0.368627 0.372549 0.376471 0.380392 0.384314 0.388235 0.392157 0.396078 0.400000 0.403922 0.407843 0.411765 0.415686 0.419608 0.423529 0.427451 0.431373 0.435294 0.439216 0.443137 0.447059 0.450980 0.454902 0.458824 0.462745 0.466667 0.470588 0.474510 0.478431 0.482353 0.486275 0.490196 0.494118 0.498039 0.501961 0.505882 0.509804 0.513725 0.517647 0.521569 0.525490 0.529412 0.533333 0.537255 0.541176 0.545098 0.549020 0.552941 0.556863 0.560784 0.564706 0.568627 0.572549 0.576471 0.580392 0.584314 0.588235 0.592157 0.596078 0.600000 0.603922 0.607843 0.611765 0.615686 0.619608 0.623529 0.627451 0.631373 0.635294 0.639216 0.643137 0.647059 0.650980 0.654902 0.658824 0.662745 0.666667 0.670588 0.674510 0.678431 0.682353 0.686275 0.690196 0.694118 0.698039 0.701961 0.705882 0.709804 0.713725 0.717647 0.721569 0.725490 0.729412 0.733333 0.737255 0.741176 0.745098 0.749020 0.752941 0.756863 0.760784 0.764706 0.768627 0.772549 0.776471 0.780392 0.784314 0.788235 0.792157 0.796078 0.800000 0.803922 0.807843 0.811765 0.815686 0.819608 0.823529 0.827451 0.831373 0.835294 0.839216 0.843137 0.847059 0.850980 0.854902 0.858824 0.862745 0.866667 0.870588 0.874510 0.878431 0.882353 0.886275 0.890196 0.894118 0.898039 0.901961 0.905882 0.909804 0.913725 0.917647 0.921569 0.925490 0.929412 0.933333 0.937255 0.941176 0.945098 0.949020 0.952941 0.956863 0.960784 0.964706 0.968627 0.972549 0.976471 0.980392 0.984314 0.988235 0.992157 0.996078 1.000000))
(time 0)
(channel red)
(curve
       (curve-type free)
       (n-points 17)
       (points 34 -1.0 -1.0 -1.0 -1.0 -1.0 -1.0 -1.0 -1.0 -1.0 -1.0 -1.0 -1.0 -1.0 -1.0 -1.0 -1.0 -1.0 -1.0 -1.0 -1.0 -1.0 -1.0 -1.0 -1.0 -1.0 -1.0 -1.0 -1.0 -1.0 -1.0 -1.0 -1.0 -1.0 -1.0)
       (n-samples 256)
       (samples 256 0.004191 0.005967 0.007045 0.008510 0.009702 0.011356 0.012334 0.013740 0.015030 0.016317 0.017965 0.019029 0.020223 0.021891 0.023983 0.025313 0.027473 0.029032 0.030406 0.032662 0.034505 0.036533 0.038280 0.040897 0.043242 0.045768 0.047905 0.050348 0.053651 0.056170 0.058772 0.061514 0.064430 0.068269 0.071391 0.074415 0.078352 0.081758 0.085603 0.089324 0.092755 0.096987 0.101171 0.104691 0.109056 0.113158 0.116894 0.121719 0.125950 0.130389 0.134775 0.139506 0.144264 0.149434 0.154375 0.159562 0.165082 0.169920 0.174724 0.181391 0.185825 0.191995 0.197231 0.203022 0.208573 0.213903 0.219588 0.225551 0.231985 0.237381 0.243069 0.249815 0.255357 0.260763 0.267184 0.274127 0.279116 0.285431 0.290912 0.297592 0.304161 0.310214 0.317812 0.323228 0.329529 0.334802 0.341223 0.347705 0.354858 0.360587 0.367720 0.372598 0.378828 0.385121 0.390938 0.397605 0.402413 0.408356 0.415293 0.419832 0.425635 0.430574 0.436968 0.442278 0.447999 0.452229 0.456356 0.460598 0.467027 0.472310 0.476638 0.480515 0.485273 0.490629 0.495892 0.499780 0.505907 0.510688 0.516236 0.519303 0.525988 0.530776 0.534682 0.541731 0.544245 0.551246 0.555337 0.558912 0.566572 0.570011 0.576276 0.579646 0.586510 0.592190 0.594666 0.598152 0.605630 0.607861 0.613763 0.617954 0.621696 0.625719 0.631619 0.634325 0.638660 0.643552 0.649579 0.652714 0.656808 0.660776 0.664970 0.667118 0.669907 0.674824 0.678436 0.682655 0.685608 0.689437 0.693821 0.696872 0.699839 0.704208 0.705097 0.711825 0.716300 0.721080 0.721966 0.724297 0.729412 0.734769 0.738759 0.741716 0.744702 0.747884 0.749087 0.754544 0.757015 0.757993 0.762774 0.764079 0.771882 0.774885 0.778496 0.783010 0.785628 0.786049 0.785200 0.791632 0.794091 0.792136 0.793961 0.792988 0.795678 0.795582 0.799404 0.801877 0.806119 0.809960 0.811783 0.813241 0.818534 0.821980 0.825662 0.829101 0.832698 0.835290 0.839510 0.842306 0.845114 0.849429 0.851834 0.854110 0.857616 0.859536 0.863121 0.868257 0.870865 0.873030 0.876814 0.877921 0.884686 0.889254 0.892534 0.891658 0.899959 0.901391 0.905556 0.908565 0.911039 0.914732 0.916926 0.920624 0.923680 0.926855 0.930413 0.934305 0.937688 0.942313 0.945057 0.948358 0.951425 0.953960 0.957510 0.960570 0.963858 0.967056 0.970592 0.974049 0.977558 0.981288 0.984747 0.987593 0.989524 0.991803 0.993250 0.990412))
(time 0)
(channel green)
(curve
       (curve-type free)
       (n-points 17)
       (points 34 -1.0 -1.0 -1.0 -1.0 -1.0 -1.0 -1.0 -1.0 -1.0 -1.0 -1.0 -1.0 -1.0 -1.0 -1.0 -1.0 -1.0 -1.0 -1.0 -1.0 -1.0 -1.0 -1.0 -1.0 -1.0 -1.0 -1.0 -1.0 -1.0 -1.0 -1.0 -1.0 -1.0 -1.0)
       (n-samples 256)
       (samples 256 0.013172 0.013782 0.014806 0.016901 0.018011 0.019767 0.021156 0.023519 0.024079 0.025779 0.027910 0.029905 0.031359 0.033455 0.034758 0.037229 0.039311 0.041367 0.043760 0.045491 0.047570 0.049976 0.051821 0.053763 0.056276 0.058919 0.061806 0.063671 0.066183 0.069050 0.071331 0.074129 0.076874 0.079489 0.082403 0.085103 0.088469 0.091751 0.094302 0.097682 0.101280 0.104764 0.107666 0.111458 0.115345 0.118992 0.122760 0.126207 0.130457 0.134301 0.138857 0.143032 0.147498 0.152124 0.156770 0.161385 0.166253 0.170518 0.175660 0.180896 0.185861 0.190941 0.195936 0.201589 0.206486 0.212950 0.217814 0.223722 0.229510 0.235597 0.241274 0.247109 0.253126 0.258749 0.264699 0.271560 0.277439 0.284612 0.289708 0.296358 0.302774 0.308646 0.314461 0.321221 0.327871 0.333802 0.340549 0.347176 0.353022 0.359805 0.366462 0.372741 0.378582 0.384876 0.391165 0.398067 0.402979 0.410070 0.415159 0.421045 0.426879 0.432639 0.437697 0.443968 0.449012 0.454318 0.459895 0.465083 0.470958 0.475799 0.480028 0.485742 0.490887 0.496723 0.501046 0.506247 0.511643 0.516757 0.521881 0.526634 0.530574 0.536025 0.540798 0.544941 0.548652 0.554028 0.558826 0.562553 0.567000 0.571258 0.575659 0.580568 0.584911 0.588969 0.593283 0.596352 0.600729 0.605946 0.609715 0.614475 0.617047 0.622052 0.627846 0.631669 0.636470 0.638858 0.644038 0.647668 0.651458 0.656369 0.660161 0.665058 0.670478 0.673383 0.678850 0.682065 0.686421 0.690535 0.695058 0.699408 0.701168 0.704998 0.708321 0.710485 0.715296 0.718322 0.722092 0.726451 0.727329 0.735372 0.737217 0.738642 0.744668 0.748458 0.750793 0.752685 0.757671 0.761745 0.763738 0.770297 0.773346 0.775590 0.779158 0.784314 0.785292 0.790081 0.793781 0.795479 0.796232 0.802884 0.805512 0.808870 0.811785 0.815502 0.817560 0.818148 0.824218 0.826304 0.825850 0.830948 0.829881 0.830250 0.833671 0.836083 0.843191 0.846581 0.844457 0.844473 0.848701 0.850705 0.853577 0.856928 0.857948 0.861376 0.862907 0.864536 0.866401 0.868929 0.871367 0.876219 0.880068 0.883195 0.885012 0.889034 0.890307 0.894818 0.897389 0.902682 0.906217 0.909044 0.912747 0.916587 0.918961 0.921539 0.924783 0.927786 0.933459 0.935556 0.940164 0.942673 0.946701 0.951169 0.954855 0.958403 0.962601 0.966396 0.970247 0.973776 0.977756 0.981046 0.984052 0.986921 0.989270 0.991623 0.992977 0.990728))
(time 0)
(channel blue)
(curve
       (curve-type free)
       (n-points 17)
       (points 34 -1.0 -1.0 -1.0 -1.0 -1.0 -1.0 -1.0 -1.0 -1.0 -1.0 -1.0 -1.0 -1.0 -1.0 -1.0 -1.0 -1.0 -1.0 -1.0 -1.0 -1.0 -1.0 -1.0 -1.0 -1.0 -1.0 -1.0 -1.0 -1.0 -1.0 -1.0 -1.0 -1.0 -1.0)
       (n-samples 256)
       (samples 256 0.017355 0.020914 0.022153 0.024235 0.026138 0.028312 0.030843 0.032964 0.034860 0.037025 0.038661 0.040880 0.043245 0.044870 0.048045 0.050081 0.052676 0.054616 0.057020 0.059917 0.062855 0.065877 0.068867 0.071491 0.074612 0.077824 0.081051 0.084122 0.087864 0.090758 0.094942 0.098426 0.102392 0.106710 0.110147 0.114576 0.119055 0.122054 0.126391 0.130541 0.134393 0.138960 0.144337 0.148892 0.153497 0.158603 0.162854 0.168223 0.174830 0.178485 0.185043 0.188343 0.193486 0.198145 0.202612 0.206970 0.212870 0.217157 0.220663 0.225606 0.230855 0.234286 0.239376 0.244652 0.248757 0.254679 0.257977 0.262898 0.267583 0.271541 0.275983 0.279988 0.283928 0.288781 0.294480 0.300440 0.302909 0.309251 0.314113 0.319636 0.324248 0.329498 0.335601 0.339545 0.344176 0.349659 0.355385 0.360032 0.366328 0.372340 0.378101 0.382995 0.387622 0.392268 0.397223 0.404337 0.408203 0.413885 0.418336 0.423895 0.427796 0.432522 0.438078 0.442579 0.446192 0.450220 0.453447 0.460409 0.463482 0.469152 0.471890 0.478213 0.481005 0.485457 0.488906 0.494264 0.496708 0.501967 0.505319 0.509114 0.515939 0.518074 0.520017 0.524534 0.529883 0.534827 0.537335 0.538174 0.543782 0.544510 0.547335 0.553489 0.556326 0.558835 0.561831 0.566352 0.567981 0.570664 0.574351 0.581356 0.582657 0.588206 0.591130 0.592178 0.596152 0.601562 0.604132 0.606895 0.611955 0.618503 0.621083 0.620610 0.626537 0.631830 0.636455 0.638348 0.642729 0.649725 0.652302 0.656157 0.660456 0.665052 0.667424 0.670029 0.673283 0.680192 0.682669 0.687354 0.689325 0.691895 0.696776 0.698167 0.702258 0.708555 0.709957 0.714433 0.717827 0.723073 0.726294 0.731519 0.735685 0.738316 0.740961 0.747069 0.745305 0.750137 0.755039 0.757472 0.758846 0.764659 0.763922 0.768979 0.771120 0.777686 0.780959 0.781891 0.787349 0.789461 0.794746 0.793881 0.801245 0.802535 0.809622 0.812428 0.814160 0.818627 0.822061 0.827003 0.832627 0.833273 0.836423 0.840408 0.845178 0.845318 0.852009 0.852069 0.858061 0.862017 0.865428 0.870561 0.871298 0.875468 0.878715 0.881644 0.884452 0.886526 0.887355 0.887412 0.889862 0.892417 0.896535 0.899625 0.902664 0.906485 0.909349 0.911322 0.915733 0.921055 0.923158 0.927072 0.930167 0.933965 0.939560 0.940899 0.945996 0.948571 0.954719 0.957121 0.960592 0.966169 0.970791 0.977643 0.983136 0.986490 0.988606 0.988377))
(time 0)
(channel alpha)
(curve
       (curve-type free)
       (n-points 17)
       (points 34 -1.0 -1.0 -1.0 -1.0 -1.0 -1.0 -1.0 -1.0 -1.0 -1.0 -1.0 -1.0 -1.0 -1.0 -1.0 -1.0 -1.0 -1.0 -1.0 -1.0 -1.0 -1.0 -1.0 -1.0 -1.0 -1.0 -1.0 -1.0 -1.0 -1.0 -1.0 -1.0 -1.0 -1.0)
       (n-samples 256)
       (samples 256 0.000000 0.003922 0.007843 0.011765 0.015686 0.019608 0.023529 0.027451 0.031373 0.035294 0.039216 0.043137 0.047059 0.050980 0.054902 0.058824 0.062745 0.066667 0.070588 0.074510 0.078431 0.082353 0.086275 0.090196 0.094118 0.098039 0.101961 0.105882 0.109804 0.113725 0.117647 0.121569 0.125490 0.129412 0.133333 0.137255 0.141176 0.145098 0.149020 0.152941 0.156863 0.160784 0.164706 0.168627 0.172549 0.176471 0.180392 0.184314 0.188235 0.192157 0.196078 0.200000 0.203922 0.207843 0.211765 0.215686 0.219608 0.223529 0.227451 0.231373 0.235294 0.239216 0.243137 0.247059 0.250980 0.254902 0.258824 0.262745 0.266667 0.270588 0.274510 0.278431 0.282353 0.286275 0.290196 0.294118 0.298039 0.301961 0.305882 0.309804 0.313725 0.317647 0.321569 0.325490 0.329412 0.333333 0.337255 0.341176 0.345098 0.349020 0.352941 0.356863 0.360784 0.364706 0.368627 0.372549 0.376471 0.380392 0.384314 0.388235 0.392157 0.396078 0.400000 0.403922 0.407843 0.411765 0.415686 0.419608 0.423529 0.427451 0.431373 0.435294 0.439216 0.443137 0.447059 0.450980 0.454902 0.458824 0.462745 0.466667 0.470588 0.474510 0.478431 0.482353 0.486275 0.490196 0.494118 0.498039 0.501961 0.505882 0.509804 0.513725 0.517647 0.521569 0.525490 0.529412 0.533333 0.537255 0.541176 0.545098 0.549020 0.552941 0.556863 0.560784 0.564706 0.568627 0.572549 0.576471 0.580392 0.584314 0.588235 0.592157 0.596078 0.600000 0.603922 0.607843 0.611765 0.615686 0.619608 0.623529 0.627451 0.631373 0.635294 0.639216 0.643137 0.647059 0.650980 0.654902 0.658824 0.662745 0.666667 0.670588 0.674510 0.678431 0.682353 0.686275 0.690196 0.694118 0.698039 0.701961 0.705882 0.709804 0.713725 0.717647 0.721569 0.725490 0.729412 0.733333 0.737255 0.741176 0.745098 0.749020 0.752941 0.756863 0.760784 0.764706 0.768627 0.772549 0.776471 0.780392 0.784314 0.788235 0.792157 0.796078 0.800000 0.803922 0.807843 0.811765 0.815686 0.819608 0.823529 0.827451 0.831373 0.835294 0.839216 0.843137 0.847059 0.850980 0.854902 0.858824 0.862745 0.866667 0.870588 0.874510 0.878431 0.882353 0.886275 0.890196 0.894118 0.898039 0.901961 0.905882 0.909804 0.913725 0.917647 0.921569 0.925490 0.929412 0.933333 0.937255 0.941176 0.945098 0.949020 0.952941 0.956863 0.960784 0.964706 0.968627 0.972549 0.976471 0.980392 0.984314 0.988235 0.992157 0.996078 1.000000))
# end of curves tool settings
