# GIMP curves tool settings

(time 0)
(channel value)
(curve
       (curve-type free)
       (n-points 17)
       (points 34 -1.0 -1.0 -1.0 -1.0 -1.0 -1.0 -1.0 -1.0 -1.0 -1.0 -1.0 -1.0 -1.0 -1.0 -1.0 -1.0 -1.0 -1.0 -1.0 -1.0 -1.0 -1.0 -1.0 -1.0 -1.0 -1.0 -1.0 -1.0 -1.0 -1.0 -1.0 -1.0 -1.0 -1.0)
       (n-samples 256)
       (samples 256 0.000000 0.003922 0.007843 0.011765 0.015686 0.019608 0.023529 0.027451 0.031373 0.035294 0.039216 0.043137 0.047059 0.050980 0.054902 0.058824 0.062745 0.066667 0.070588 0.074510 0.078431 0.082353 0.086275 0.090196 0.094118 0.098039 0.101961 0.105882 0.109804 0.113725 0.117647 0.121569 0.125490 0.129412 0.133333 0.137255 0.141176 0.145098 0.149020 0.152941 0.156863 0.160784 0.164706 0.168627 0.172549 0.176471 0.180392 0.184314 0.188235 0.192157 0.196078 0.200000 0.203922 0.207843 0.211765 0.215686 0.219608 0.223529 0.227451 0.231373 0.235294 0.239216 0.243137 0.247059 0.250980 0.254902 0.258824 0.262745 0.266667 0.270588 0.274510 0.278431 0.282353 0.286275 0.290196 0.294118 0.298039 0.301961 0.305882 0.309804 0.313725 0.317647 0.321569 0.325490 0.329412 0.333333 0.337255 0.341176 0.345098 0.349020 0.352941 0.356863 0.360784 0.364706 0.368627 0.372549 0.376471 0.380392 0.384314 0.388235 0.392157 0.396078 0.400000 0.403922 0.407843 0.411765 0.415686 0.419608 0.423529 0.427451 0.431373 0.435294 0.439216 0.443137 0.447059 0.450980 0.454902 0.458824 0.462745 0.466667 0.470588 0.474510 0.478431 0.482353 0.486275 0.490196 0.494118 0.498039 0.501961 0.505882 0.509804 0.513725 0.517647 0.521569 0.525490 0.529412 0.533333 0.537255 0.541176 0.545098 0.549020 0.552941 0.556863 0.560784 0.564706 0.568627 0.572549 0.576471 0.580392 0.584314 0.588235 0.592157 0.596078 0.600000 0.603922 0.607843 0.611765 0.615686 0.619608 0.623529 0.627451 0.631373 0.635294 0.639216 0.643137 0.647059 0.650980 0.654902 0.658824 0.662745 0.666667 0.670588 0.674510 0.678431 0.682353 0.686275 0.690196 0.694118 0.698039 0.701961 0.705882 0.709804 0.713725 0.717647 0.721569 0.725490 0.729412 0.733333 0.737255 0.741176 0.745098 0.749020 0.752941 0.756863 0.760784 0.764706 0.768627 0.772549 0.776471 0.780392 0.784314 0.788235 0.792157 0.796078 0.800000 0.803922 0.807843 0.811765 0.815686 0.819608 0.823529 0.827451 0.831373 0.835294 0.839216 0.843137 0.847059 0.850980 0.854902 0.858824 0.862745 0.866667 0.870588 0.874510 0.878431 0.882353 0.886275 0.890196 0.894118 0.898039 0.901961 0.905882 0.909804 0.913725 0.917647 0.921569 0.925490 0.929412 0.933333 0.937255 0.941176 0.945098 0.949020 0.952941 0.956863 0.960784 0.964706 0.968627 0.972549 0.976471 0.980392 0.984314 0.988235 0.992157 0.996078 1.000000))
(time 0)
(channel red)
(curve
       (curve-type free)
       (n-points 17)
       (points 34 -1.0 -1.0 -1.0 -1.0 -1.0 -1.0 -1.0 -1.0 -1.0 -1.0 -1.0 -1.0 -1.0 -1.0 -1.0 -1.0 -1.0 -1.0 -1.0 -1.0 -1.0 -1.0 -1.0 -1.0 -1.0 -1.0 -1.0 -1.0 -1.0 -1.0 -1.0 -1.0 -1.0 -1.0)
       (n-samples 256)
       (samples 256 0.010381 0.008654 0.008951 0.009838 0.009599 0.012217 0.013030 0.014143 0.015482 0.015434 0.016273 0.017867 0.019640 0.021140 0.023022 0.024896 0.027111 0.029040 0.031168 0.033773 0.036431 0.039235 0.042589 0.046238 0.048709 0.052084 0.055092 0.058415 0.061088 0.064469 0.067658 0.071124 0.073878 0.077824 0.081379 0.084539 0.087785 0.091615 0.094946 0.099644 0.102651 0.107096 0.110771 0.114398 0.118020 0.122052 0.125085 0.129315 0.132523 0.135960 0.140005 0.143107 0.146524 0.150490 0.154831 0.159196 0.164089 0.168409 0.173112 0.176891 0.181894 0.185868 0.190083 0.193659 0.198446 0.202663 0.207068 0.212882 0.216562 0.221893 0.226015 0.231309 0.236579 0.241630 0.246620 0.249384 0.255171 0.259930 0.264152 0.268975 0.272131 0.276797 0.280399 0.282998 0.286762 0.289975 0.292393 0.297137 0.301639 0.305825 0.310979 0.315277 0.319842 0.324450 0.331438 0.336118 0.341665 0.342051 0.341457 0.340721 0.338888 0.336624 0.338396 0.340913 0.348437 0.357359 0.370319 0.382539 0.395808 0.407052 0.414071 0.418791 0.420484 0.422307 0.424128 0.425969 0.429434 0.434033 0.439041 0.443699 0.450377 0.457416 0.466992 0.475469 0.481498 0.488950 0.494135 0.501856 0.506228 0.510812 0.515353 0.520575 0.523218 0.528299 0.534063 0.535579 0.538336 0.543439 0.547021 0.551677 0.555933 0.558328 0.562082 0.566934 0.571132 0.575834 0.581114 0.584397 0.590428 0.592829 0.597464 0.600836 0.606609 0.610664 0.614978 0.618438 0.623977 0.627073 0.628786 0.633826 0.636557 0.639478 0.644206 0.647275 0.650528 0.652824 0.657168 0.663223 0.668592 0.675284 0.679877 0.684131 0.688980 0.692932 0.696421 0.698608 0.702351 0.704543 0.706459 0.709165 0.711913 0.715019 0.718180 0.720288 0.723161 0.725368 0.727528 0.730682 0.733971 0.736901 0.739832 0.743103 0.746255 0.749971 0.753592 0.756646 0.760378 0.763574 0.766740 0.769975 0.772793 0.775728 0.778647 0.781522 0.784350 0.787563 0.790921 0.793665 0.796545 0.799492 0.802870 0.805192 0.808207 0.810951 0.813624 0.816282 0.819014 0.821927 0.824192 0.826674 0.829114 0.831798 0.833872 0.837022 0.840636 0.844533 0.848790 0.852218 0.855663 0.858583 0.861713 0.865447 0.868344 0.872405 0.877808 0.883451 0.888332 0.892475 0.897167 0.903735 0.910286 0.916507 0.922978 0.932780 0.937312 0.939895 0.942329 0.935011 0.919229 0.911463 0.914733 0.919341 0.923667 0.929020 0.934151 0.941389))
(time 0)
(channel green)
(curve
       (curve-type free)
       (n-points 17)
       (points 34 -1.0 -1.0 -1.0 -1.0 -1.0 -1.0 -1.0 -1.0 -1.0 -1.0 -1.0 -1.0 -1.0 -1.0 -1.0 -1.0 -1.0 -1.0 -1.0 -1.0 -1.0 -1.0 -1.0 -1.0 -1.0 -1.0 -1.0 -1.0 -1.0 -1.0 -1.0 -1.0 -1.0 -1.0)
       (n-samples 256)
       (samples 256 0.058474 0.066121 0.069955 0.071814 0.072777 0.075262 0.077456 0.079672 0.081828 0.084255 0.086291 0.088662 0.090286 0.092576 0.094041 0.095356 0.096164 0.097555 0.098342 0.099219 0.100720 0.101728 0.103276 0.105045 0.106332 0.108067 0.109393 0.111282 0.112986 0.114647 0.116954 0.118979 0.120907 0.122763 0.124664 0.126642 0.129094 0.130874 0.133507 0.135045 0.137048 0.139395 0.141813 0.144169 0.147263 0.149732 0.153255 0.155847 0.158884 0.162134 0.166096 0.169130 0.172290 0.175652 0.178718 0.182073 0.185737 0.189335 0.192040 0.195910 0.199573 0.203214 0.207651 0.211394 0.215388 0.218855 0.223235 0.226456 0.230953 0.235534 0.240221 0.243854 0.248056 0.252567 0.256677 0.260548 0.265409 0.270395 0.274716 0.279816 0.284126 0.288572 0.293412 0.297730 0.302230 0.307167 0.312288 0.318474 0.324278 0.329593 0.334789 0.339893 0.344773 0.349884 0.354683 0.359444 0.364124 0.368927 0.373852 0.379645 0.384175 0.389061 0.393848 0.398731 0.403365 0.407246 0.411820 0.416422 0.420106 0.424991 0.429521 0.433719 0.437554 0.442353 0.446611 0.450636 0.455050 0.458868 0.462623 0.465789 0.470438 0.474440 0.477790 0.481732 0.485820 0.489028 0.491395 0.494318 0.498289 0.501974 0.507516 0.511764 0.516239 0.520502 0.524422 0.529411 0.533852 0.539260 0.543434 0.547714 0.551878 0.556515 0.560432 0.565761 0.569245 0.573882 0.577228 0.582439 0.587598 0.592130 0.598334 0.603584 0.608088 0.612296 0.617323 0.621593 0.626750 0.632756 0.636477 0.641713 0.645936 0.649893 0.654281 0.658090 0.662576 0.667381 0.672407 0.677326 0.681725 0.687395 0.691472 0.696796 0.701354 0.706083 0.710383 0.714588 0.718120 0.722452 0.725468 0.728508 0.732455 0.735422 0.738926 0.741623 0.744764 0.747438 0.749988 0.752846 0.756268 0.760354 0.763506 0.767388 0.771390 0.775486 0.779087 0.782667 0.786588 0.789834 0.793388 0.796757 0.800443 0.803787 0.807240 0.810380 0.813837 0.817274 0.820099 0.823239 0.826195 0.829518 0.832520 0.835711 0.838759 0.841755 0.844888 0.847623 0.850817 0.853545 0.856241 0.859165 0.861625 0.864116 0.865877 0.868422 0.870910 0.873270 0.875371 0.877146 0.879529 0.881859 0.884831 0.887879 0.890912 0.893805 0.897445 0.900164 0.903192 0.906428 0.909874 0.912978 0.915414 0.918242 0.921471 0.924614 0.927578 0.930644 0.933224 0.935930 0.937882 0.939287 0.939960 0.943821 0.940502 0.952157 0.963137 0.953922))
(time 0)
(channel blue)
(curve
       (curve-type free)
       (n-points 17)
       (points 34 -1.0 -1.0 -1.0 -1.0 -1.0 -1.0 -1.0 -1.0 -1.0 -1.0 -1.0 -1.0 -1.0 -1.0 -1.0 -1.0 -1.0 -1.0 -1.0 -1.0 -1.0 -1.0 -1.0 -1.0 -1.0 -1.0 -1.0 -1.0 -1.0 -1.0 -1.0 -1.0 -1.0 -1.0)
       (n-samples 256)
       (samples 256 0.085306 0.083012 0.077384 0.080900 0.082511 0.080282 0.082873 0.086615 0.086415 0.087891 0.086884 0.089593 0.093836 0.094594 0.099302 0.100391 0.103959 0.105590 0.107982 0.110644 0.111989 0.113056 0.115021 0.116233 0.117736 0.119250 0.121858 0.124211 0.127145 0.129717 0.132135 0.133695 0.134235 0.135334 0.136118 0.138451 0.140731 0.145133 0.147943 0.151723 0.155101 0.158512 0.161474 0.163898 0.166855 0.169650 0.172315 0.174283 0.175469 0.177334 0.179124 0.183245 0.186520 0.189301 0.191865 0.196224 0.198777 0.200854 0.203145 0.204327 0.206956 0.207252 0.206713 0.205926 0.205811 0.207025 0.207038 0.207770 0.207847 0.209550 0.210121 0.210493 0.212516 0.215210 0.217419 0.221148 0.225293 0.226832 0.229340 0.231417 0.237501 0.243376 0.248733 0.253550 0.259006 0.262922 0.268513 0.276689 0.284687 0.294411 0.301048 0.308273 0.314262 0.321961 0.327550 0.333096 0.340236 0.347823 0.355616 0.359666 0.366508 0.370478 0.377155 0.384003 0.390176 0.396180 0.404185 0.408906 0.412669 0.419284 0.422886 0.429458 0.429940 0.430827 0.435568 0.438641 0.439220 0.441539 0.443544 0.447299 0.452386 0.460282 0.467332 0.472800 0.478331 0.482269 0.487991 0.496345 0.501055 0.507424 0.511982 0.516492 0.523609 0.528729 0.533493 0.538582 0.541100 0.546750 0.549461 0.552091 0.556154 0.562020 0.568118 0.572580 0.576012 0.579760 0.584596 0.588726 0.594021 0.600968 0.606741 0.612564 0.618330 0.623392 0.627657 0.632783 0.636951 0.641725 0.647255 0.649478 0.653894 0.658837 0.663916 0.668581 0.672105 0.676977 0.681250 0.685264 0.689325 0.694105 0.697761 0.702758 0.707221 0.710082 0.712927 0.716067 0.719622 0.722252 0.724190 0.727116 0.729250 0.731780 0.734291 0.736440 0.739564 0.742266 0.743553 0.745918 0.748380 0.751167 0.753840 0.756556 0.759588 0.762471 0.765657 0.768744 0.772004 0.775035 0.777907 0.780950 0.783814 0.786719 0.789437 0.792528 0.795250 0.798259 0.801213 0.804171 0.806734 0.809647 0.812431 0.815259 0.817934 0.820299 0.823130 0.825640 0.828556 0.831021 0.833609 0.836282 0.838989 0.841741 0.844100 0.846939 0.849977 0.852491 0.855040 0.857833 0.859947 0.862495 0.864764 0.867439 0.869997 0.873326 0.877383 0.880299 0.884428 0.888274 0.892928 0.897243 0.900608 0.904101 0.907571 0.910495 0.914385 0.917988 0.920444 0.922153 0.926154 0.928187 0.927960 0.929351 0.929564 0.932904 0.930999 0.935490))
(time 0)
(channel alpha)
(curve
       (curve-type free)
       (n-points 17)
       (points 34 -1.0 -1.0 -1.0 -1.0 -1.0 -1.0 -1.0 -1.0 -1.0 -1.0 -1.0 -1.0 -1.0 -1.0 -1.0 -1.0 -1.0 -1.0 -1.0 -1.0 -1.0 -1.0 -1.0 -1.0 -1.0 -1.0 -1.0 -1.0 -1.0 -1.0 -1.0 -1.0 -1.0 -1.0)
       (n-samples 256)
       (samples 256 0.000000 0.003922 0.007843 0.011765 0.015686 0.019608 0.023529 0.027451 0.031373 0.035294 0.039216 0.043137 0.047059 0.050980 0.054902 0.058824 0.062745 0.066667 0.070588 0.074510 0.078431 0.082353 0.086275 0.090196 0.094118 0.098039 0.101961 0.105882 0.109804 0.113725 0.117647 0.121569 0.125490 0.129412 0.133333 0.137255 0.141176 0.145098 0.149020 0.152941 0.156863 0.160784 0.164706 0.168627 0.172549 0.176471 0.180392 0.184314 0.188235 0.192157 0.196078 0.200000 0.203922 0.207843 0.211765 0.215686 0.219608 0.223529 0.227451 0.231373 0.235294 0.239216 0.243137 0.247059 0.250980 0.254902 0.258824 0.262745 0.266667 0.270588 0.274510 0.278431 0.282353 0.286275 0.290196 0.294118 0.298039 0.301961 0.305882 0.309804 0.313725 0.317647 0.321569 0.325490 0.329412 0.333333 0.337255 0.341176 0.345098 0.349020 0.352941 0.356863 0.360784 0.364706 0.368627 0.372549 0.376471 0.380392 0.384314 0.388235 0.392157 0.396078 0.400000 0.403922 0.407843 0.411765 0.415686 0.419608 0.423529 0.427451 0.431373 0.435294 0.439216 0.443137 0.447059 0.450980 0.454902 0.458824 0.462745 0.466667 0.470588 0.474510 0.478431 0.482353 0.486275 0.490196 0.494118 0.498039 0.501961 0.505882 0.509804 0.513725 0.517647 0.521569 0.525490 0.529412 0.533333 0.537255 0.541176 0.545098 0.549020 0.552941 0.556863 0.560784 0.564706 0.568627 0.572549 0.576471 0.580392 0.584314 0.588235 0.592157 0.596078 0.600000 0.603922 0.607843 0.611765 0.615686 0.619608 0.623529 0.627451 0.631373 0.635294 0.639216 0.643137 0.647059 0.650980 0.654902 0.658824 0.662745 0.666667 0.670588 0.674510 0.678431 0.682353 0.686275 0.690196 0.694118 0.698039 0.701961 0.705882 0.709804 0.713725 0.717647 0.721569 0.725490 0.729412 0.733333 0.737255 0.741176 0.745098 0.749020 0.752941 0.756863 0.760784 0.764706 0.768627 0.772549 0.776471 0.780392 0.784314 0.788235 0.792157 0.796078 0.800000 0.803922 0.807843 0.811765 0.815686 0.819608 0.823529 0.827451 0.831373 0.835294 0.839216 0.843137 0.847059 0.850980 0.854902 0.858824 0.862745 0.866667 0.870588 0.874510 0.878431 0.882353 0.886275 0.890196 0.894118 0.898039 0.901961 0.905882 0.909804 0.913725 0.917647 0.921569 0.925490 0.929412 0.933333 0.937255 0.941176 0.945098 0.949020 0.952941 0.956863 0.960784 0.964706 0.968627 0.972549 0.976471 0.980392 0.984314 0.988235 0.992157 0.996078 1.000000))
# end of curves tool settings
