# GIMP curves tool settings

(time 0)
(channel value)
(curve
       (curve-type free)
       (n-points 17)
       (points 34 -1.0 -1.0 -1.0 -1.0 -1.0 -1.0 -1.0 -1.0 -1.0 -1.0 -1.0 -1.0 -1.0 -1.0 -1.0 -1.0 -1.0 -1.0 -1.0 -1.0 -1.0 -1.0 -1.0 -1.0 -1.0 -1.0 -1.0 -1.0 -1.0 -1.0 -1.0 -1.0 -1.0 -1.0)
       (n-samples 256)
       (samples 256 0.000000 0.003922 0.007843 0.011765 0.015686 0.019608 0.023529 0.027451 0.031373 0.035294 0.039216 0.043137 0.047059 0.050980 0.054902 0.058824 0.062745 0.066667 0.070588 0.074510 0.078431 0.082353 0.086275 0.090196 0.094118 0.098039 0.101961 0.105882 0.109804 0.113725 0.117647 0.121569 0.125490 0.129412 0.133333 0.137255 0.141176 0.145098 0.149020 0.152941 0.156863 0.160784 0.164706 0.168627 0.172549 0.176471 0.180392 0.184314 0.188235 0.192157 0.196078 0.200000 0.203922 0.207843 0.211765 0.215686 0.219608 0.223529 0.227451 0.231373 0.235294 0.239216 0.243137 0.247059 0.250980 0.254902 0.258824 0.262745 0.266667 0.270588 0.274510 0.278431 0.282353 0.286275 0.290196 0.294118 0.298039 0.301961 0.305882 0.309804 0.313725 0.317647 0.321569 0.325490 0.329412 0.333333 0.337255 0.341176 0.345098 0.349020 0.352941 0.356863 0.360784 0.364706 0.368627 0.372549 0.376471 0.380392 0.384314 0.388235 0.392157 0.396078 0.400000 0.403922 0.407843 0.411765 0.415686 0.419608 0.423529 0.427451 0.431373 0.435294 0.439216 0.443137 0.447059 0.450980 0.454902 0.458824 0.462745 0.466667 0.470588 0.474510 0.478431 0.482353 0.486275 0.490196 0.494118 0.498039 0.501961 0.505882 0.509804 0.513725 0.517647 0.521569 0.525490 0.529412 0.533333 0.537255 0.541176 0.545098 0.549020 0.552941 0.556863 0.560784 0.564706 0.568627 0.572549 0.576471 0.580392 0.584314 0.588235 0.592157 0.596078 0.600000 0.603922 0.607843 0.611765 0.615686 0.619608 0.623529 0.627451 0.631373 0.635294 0.639216 0.643137 0.647059 0.650980 0.654902 0.658824 0.662745 0.666667 0.670588 0.674510 0.678431 0.682353 0.686275 0.690196 0.694118 0.698039 0.701961 0.705882 0.709804 0.713725 0.717647 0.721569 0.725490 0.729412 0.733333 0.737255 0.741176 0.745098 0.749020 0.752941 0.756863 0.760784 0.764706 0.768627 0.772549 0.776471 0.780392 0.784314 0.788235 0.792157 0.796078 0.800000 0.803922 0.807843 0.811765 0.815686 0.819608 0.823529 0.827451 0.831373 0.835294 0.839216 0.843137 0.847059 0.850980 0.854902 0.858824 0.862745 0.866667 0.870588 0.874510 0.878431 0.882353 0.886275 0.890196 0.894118 0.898039 0.901961 0.905882 0.909804 0.913725 0.917647 0.921569 0.925490 0.929412 0.933333 0.937255 0.941176 0.945098 0.949020 0.952941 0.956863 0.960784 0.964706 0.968627 0.972549 0.976471 0.980392 0.984314 0.988235 0.992157 0.996078 1.000000))
(time 0)
(channel red)
(curve
       (curve-type free)
       (n-points 17)
       (points 34 -1.0 -1.0 -1.0 -1.0 -1.0 -1.0 -1.0 -1.0 -1.0 -1.0 -1.0 -1.0 -1.0 -1.0 -1.0 -1.0 -1.0 -1.0 -1.0 -1.0 -1.0 -1.0 -1.0 -1.0 -1.0 -1.0 -1.0 -1.0 -1.0 -1.0 -1.0 -1.0 -1.0 -1.0)
       (n-samples 256)
       (samples 256 0.038247 0.039715 0.047500 0.048203 0.052799 0.054810 0.056214 0.058943 0.061712 0.064305 0.066695 0.069250 0.071093 0.074487 0.077216 0.079343 0.081608 0.083588 0.086047 0.085750 0.086851 0.085889 0.087253 0.086714 0.084987 0.086109 0.086681 0.085844 0.086856 0.087603 0.087595 0.085988 0.091102 0.092715 0.095512 0.097413 0.100235 0.102969 0.106023 0.109367 0.114102 0.117597 0.121066 0.125184 0.127061 0.130526 0.134129 0.136794 0.140769 0.142300 0.146381 0.149418 0.152006 0.157574 0.161316 0.165393 0.169906 0.173681 0.177521 0.182164 0.186303 0.190847 0.195282 0.201386 0.206357 0.211845 0.215007 0.219658 0.224010 0.228459 0.232780 0.237406 0.242474 0.247518 0.251751 0.256658 0.262692 0.269019 0.274174 0.280897 0.286009 0.292377 0.299117 0.305190 0.311276 0.317245 0.323658 0.328865 0.333872 0.341120 0.347786 0.352739 0.359476 0.365552 0.372267 0.377739 0.384108 0.389880 0.396806 0.402360 0.408830 0.414255 0.420303 0.427405 0.434282 0.440575 0.446544 0.452739 0.458239 0.465150 0.470982 0.476987 0.483627 0.489080 0.494928 0.500500 0.505153 0.511257 0.516552 0.521236 0.526131 0.531812 0.536308 0.541960 0.546945 0.550965 0.557073 0.561963 0.566440 0.571393 0.576685 0.581565 0.586271 0.591091 0.596297 0.601142 0.605986 0.610610 0.616267 0.620180 0.624556 0.628566 0.633794 0.638240 0.642369 0.647586 0.652201 0.656408 0.660956 0.665836 0.670400 0.674783 0.678746 0.682616 0.686840 0.691730 0.695610 0.700100 0.703554 0.708058 0.712302 0.716510 0.720495 0.723992 0.727834 0.731829 0.735462 0.739452 0.744278 0.747393 0.752217 0.755841 0.759951 0.763714 0.767654 0.771656 0.776060 0.780433 0.784081 0.788498 0.791789 0.796020 0.800022 0.803413 0.807387 0.810896 0.813834 0.817312 0.820523 0.824032 0.827267 0.830796 0.835220 0.838986 0.842204 0.846206 0.849330 0.853329 0.857126 0.860682 0.863904 0.867614 0.871104 0.874865 0.878957 0.881798 0.884933 0.888599 0.891621 0.895548 0.898678 0.901611 0.905487 0.908965 0.911374 0.915224 0.917888 0.920420 0.924313 0.928415 0.930921 0.928545 0.931966 0.932888 0.933764 0.935042 0.937594 0.938410 0.939277 0.939032 0.940400 0.941454 0.942931 0.946409 0.950950 0.953721 0.956979 0.959609 0.962010 0.964379 0.966462 0.968829 0.971756 0.974596 0.975995 0.979457 0.982392 0.984357 0.986306 0.987126 0.987934 0.989961 0.992160 0.994323 0.996891 0.999116))
(time 0)
(channel green)
(curve
       (curve-type free)
       (n-points 17)
       (points 34 -1.0 -1.0 -1.0 -1.0 -1.0 -1.0 -1.0 -1.0 -1.0 -1.0 -1.0 -1.0 -1.0 -1.0 -1.0 -1.0 -1.0 -1.0 -1.0 -1.0 -1.0 -1.0 -1.0 -1.0 -1.0 -1.0 -1.0 -1.0 -1.0 -1.0 -1.0 -1.0 -1.0 -1.0)
       (n-samples 256)
       (samples 256 0.033628 0.035198 0.036254 0.040627 0.039987 0.044014 0.046042 0.046948 0.049466 0.051871 0.053101 0.055294 0.058053 0.060702 0.063451 0.066356 0.069419 0.072195 0.074917 0.077592 0.080599 0.083371 0.086498 0.089280 0.092060 0.095026 0.097594 0.100332 0.103414 0.105519 0.108199 0.111594 0.113299 0.115830 0.118179 0.120141 0.122572 0.124792 0.127361 0.130623 0.133707 0.136827 0.140993 0.144460 0.147264 0.151293 0.153752 0.157830 0.160841 0.165043 0.168976 0.172331 0.175939 0.180218 0.184422 0.188048 0.192677 0.197129 0.200244 0.204467 0.209228 0.213428 0.217800 0.222635 0.227543 0.232652 0.237128 0.241910 0.246851 0.251096 0.256226 0.261767 0.267394 0.272264 0.278129 0.284421 0.290267 0.296230 0.302334 0.307812 0.313996 0.319882 0.325992 0.331759 0.338228 0.344390 0.350116 0.356646 0.362386 0.369361 0.375939 0.382253 0.388153 0.395125 0.401408 0.407441 0.414221 0.420294 0.426671 0.433220 0.439617 0.446125 0.451859 0.457682 0.463859 0.469511 0.475194 0.480667 0.486049 0.491563 0.497151 0.502472 0.507815 0.513034 0.518053 0.523188 0.528375 0.533187 0.538255 0.543134 0.548143 0.553133 0.557659 0.562343 0.567028 0.571450 0.576068 0.580222 0.584652 0.588894 0.592816 0.596962 0.601018 0.604781 0.608707 0.612666 0.616444 0.620282 0.624134 0.627784 0.631690 0.635510 0.639316 0.643194 0.646981 0.650729 0.654314 0.657840 0.661605 0.665776 0.669308 0.673051 0.676795 0.680640 0.684511 0.688428 0.692199 0.696213 0.699833 0.703857 0.707740 0.711678 0.714888 0.718673 0.722134 0.725868 0.729384 0.732387 0.735556 0.739464 0.743248 0.746454 0.749930 0.753314 0.756606 0.759553 0.762996 0.766250 0.770145 0.772657 0.776550 0.779777 0.783316 0.786475 0.790217 0.793869 0.797383 0.800684 0.803883 0.807911 0.811697 0.815411 0.818904 0.822399 0.825986 0.829061 0.832247 0.835601 0.839155 0.841789 0.845066 0.848527 0.852344 0.856279 0.860000 0.862780 0.865933 0.869826 0.872615 0.875201 0.878103 0.880960 0.883911 0.886699 0.889126 0.892085 0.894646 0.897088 0.899792 0.902176 0.904470 0.907052 0.909122 0.911593 0.914024 0.916748 0.920013 0.922392 0.925282 0.928141 0.930975 0.934171 0.937256 0.939825 0.943226 0.946330 0.949469 0.952935 0.954806 0.956941 0.958834 0.960604 0.962962 0.965864 0.969100 0.971410 0.973819 0.977456 0.980034 0.980450 0.982715 0.985971 0.989566 0.993275 0.997381 0.999901))
(time 0)
(channel blue)
(curve
       (curve-type free)
       (n-points 17)
       (points 34 -1.0 -1.0 -1.0 -1.0 -1.0 -1.0 -1.0 -1.0 -1.0 -1.0 -1.0 -1.0 -1.0 -1.0 -1.0 -1.0 -1.0 -1.0 -1.0 -1.0 -1.0 -1.0 -1.0 -1.0 -1.0 -1.0 -1.0 -1.0 -1.0 -1.0 -1.0 -1.0 -1.0 -1.0)
       (n-samples 256)
       (samples 256 0.190669 0.169227 0.151982 0.147097 0.139807 0.129852 0.122863 0.121197 0.127774 0.121969 0.120652 0.126106 0.121500 0.123296 0.126104 0.125507 0.126379 0.130347 0.130588 0.132147 0.135990 0.137965 0.140073 0.142912 0.144673 0.146173 0.149363 0.150091 0.154412 0.158760 0.161128 0.164179 0.168417 0.173616 0.175821 0.181359 0.185020 0.186505 0.190295 0.191700 0.195880 0.200028 0.201797 0.204895 0.206928 0.210575 0.214018 0.217386 0.222207 0.224600 0.228272 0.233217 0.237419 0.242300 0.248603 0.253074 0.255970 0.261947 0.265447 0.269717 0.273538 0.279858 0.283322 0.287632 0.292240 0.296120 0.300993 0.306499 0.311114 0.315420 0.319599 0.322496 0.326138 0.330846 0.334840 0.337944 0.342082 0.348468 0.351202 0.357073 0.360529 0.365297 0.369839 0.372290 0.380113 0.383918 0.388470 0.392014 0.396778 0.401293 0.406316 0.410280 0.415435 0.420941 0.426344 0.430290 0.433768 0.438178 0.443189 0.447760 0.453209 0.458564 0.463793 0.467622 0.473168 0.477067 0.479000 0.483913 0.488895 0.492676 0.496612 0.501985 0.505344 0.509682 0.513498 0.517235 0.520307 0.525824 0.527468 0.531124 0.534884 0.539656 0.543979 0.547957 0.551760 0.554440 0.557753 0.561814 0.565708 0.570373 0.573749 0.577392 0.581650 0.585810 0.589670 0.594312 0.598855 0.603126 0.607260 0.612726 0.615232 0.620006 0.624278 0.627186 0.632243 0.635647 0.641148 0.645006 0.649480 0.653619 0.657435 0.660712 0.665598 0.670703 0.673457 0.677638 0.681504 0.686319 0.689797 0.692113 0.695177 0.698190 0.701729 0.707347 0.710591 0.713559 0.715269 0.718679 0.721510 0.724693 0.728426 0.732743 0.736482 0.740359 0.745166 0.748651 0.752271 0.756351 0.761097 0.765739 0.772119 0.777191 0.780979 0.785279 0.788659 0.792456 0.796621 0.799771 0.802022 0.806738 0.812417 0.816745 0.821718 0.824956 0.829925 0.833348 0.836998 0.840888 0.843631 0.847890 0.851199 0.854461 0.856925 0.860457 0.863807 0.866780 0.869626 0.872583 0.875852 0.878597 0.881830 0.883964 0.886296 0.889230 0.893216 0.896298 0.897976 0.900626 0.903235 0.906251 0.908458 0.912448 0.913856 0.916341 0.919192 0.922080 0.924670 0.926842 0.929906 0.932845 0.936167 0.938419 0.941047 0.944299 0.946880 0.949140 0.952542 0.955214 0.957766 0.960746 0.963141 0.966081 0.968829 0.970861 0.973391 0.975504 0.977621 0.979833 0.981809 0.983601 0.985445 0.987323 0.990653 0.992810 0.992623 0.997855))
(time 0)
(channel alpha)
(curve
       (curve-type free)
       (n-points 17)
       (points 34 -1.0 -1.0 -1.0 -1.0 -1.0 -1.0 -1.0 -1.0 -1.0 -1.0 -1.0 -1.0 -1.0 -1.0 -1.0 -1.0 -1.0 -1.0 -1.0 -1.0 -1.0 -1.0 -1.0 -1.0 -1.0 -1.0 -1.0 -1.0 -1.0 -1.0 -1.0 -1.0 -1.0 -1.0)
       (n-samples 256)
       (samples 256 0.000000 0.003922 0.007843 0.011765 0.015686 0.019608 0.023529 0.027451 0.031373 0.035294 0.039216 0.043137 0.047059 0.050980 0.054902 0.058824 0.062745 0.066667 0.070588 0.074510 0.078431 0.082353 0.086275 0.090196 0.094118 0.098039 0.101961 0.105882 0.109804 0.113725 0.117647 0.121569 0.125490 0.129412 0.133333 0.137255 0.141176 0.145098 0.149020 0.152941 0.156863 0.160784 0.164706 0.168627 0.172549 0.176471 0.180392 0.184314 0.188235 0.192157 0.196078 0.200000 0.203922 0.207843 0.211765 0.215686 0.219608 0.223529 0.227451 0.231373 0.235294 0.239216 0.243137 0.247059 0.250980 0.254902 0.258824 0.262745 0.266667 0.270588 0.274510 0.278431 0.282353 0.286275 0.290196 0.294118 0.298039 0.301961 0.305882 0.309804 0.313725 0.317647 0.321569 0.325490 0.329412 0.333333 0.337255 0.341176 0.345098 0.349020 0.352941 0.356863 0.360784 0.364706 0.368627 0.372549 0.376471 0.380392 0.384314 0.388235 0.392157 0.396078 0.400000 0.403922 0.407843 0.411765 0.415686 0.419608 0.423529 0.427451 0.431373 0.435294 0.439216 0.443137 0.447059 0.450980 0.454902 0.458824 0.462745 0.466667 0.470588 0.474510 0.478431 0.482353 0.486275 0.490196 0.494118 0.498039 0.501961 0.505882 0.509804 0.513725 0.517647 0.521569 0.525490 0.529412 0.533333 0.537255 0.541176 0.545098 0.549020 0.552941 0.556863 0.560784 0.564706 0.568627 0.572549 0.576471 0.580392 0.584314 0.588235 0.592157 0.596078 0.600000 0.603922 0.607843 0.611765 0.615686 0.619608 0.623529 0.627451 0.631373 0.635294 0.639216 0.643137 0.647059 0.650980 0.654902 0.658824 0.662745 0.666667 0.670588 0.674510 0.678431 0.682353 0.686275 0.690196 0.694118 0.698039 0.701961 0.705882 0.709804 0.713725 0.717647 0.721569 0.725490 0.729412 0.733333 0.737255 0.741176 0.745098 0.749020 0.752941 0.756863 0.760784 0.764706 0.768627 0.772549 0.776471 0.780392 0.784314 0.788235 0.792157 0.796078 0.800000 0.803922 0.807843 0.811765 0.815686 0.819608 0.823529 0.827451 0.831373 0.835294 0.839216 0.843137 0.847059 0.850980 0.854902 0.858824 0.862745 0.866667 0.870588 0.874510 0.878431 0.882353 0.886275 0.890196 0.894118 0.898039 0.901961 0.905882 0.909804 0.913725 0.917647 0.921569 0.925490 0.929412 0.933333 0.937255 0.941176 0.945098 0.949020 0.952941 0.956863 0.960784 0.964706 0.968627 0.972549 0.976471 0.980392 0.984314 0.988235 0.992157 0.996078 1.000000))
# end of curves tool settings
