# GIMP curves tool settings

(time 0)
(channel value)
(curve
       (curve-type free)
       (n-points 17)
       (points 34 -1.0 -1.0 -1.0 -1.0 -1.0 -1.0 -1.0 -1.0 -1.0 -1.0 -1.0 -1.0 -1.0 -1.0 -1.0 -1.0 -1.0 -1.0 -1.0 -1.0 -1.0 -1.0 -1.0 -1.0 -1.0 -1.0 -1.0 -1.0 -1.0 -1.0 -1.0 -1.0 -1.0 -1.0)
       (n-samples 256)
       (samples 256 0.000000 0.003922 0.007843 0.011765 0.015686 0.019608 0.023529 0.027451 0.031373 0.035294 0.039216 0.043137 0.047059 0.050980 0.054902 0.058824 0.062745 0.066667 0.070588 0.074510 0.078431 0.082353 0.086275 0.090196 0.094118 0.098039 0.101961 0.105882 0.109804 0.113725 0.117647 0.121569 0.125490 0.129412 0.133333 0.137255 0.141176 0.145098 0.149020 0.152941 0.156863 0.160784 0.164706 0.168627 0.172549 0.176471 0.180392 0.184314 0.188235 0.192157 0.196078 0.200000 0.203922 0.207843 0.211765 0.215686 0.219608 0.223529 0.227451 0.231373 0.235294 0.239216 0.243137 0.247059 0.250980 0.254902 0.258824 0.262745 0.266667 0.270588 0.274510 0.278431 0.282353 0.286275 0.290196 0.294118 0.298039 0.301961 0.305882 0.309804 0.313725 0.317647 0.321569 0.325490 0.329412 0.333333 0.337255 0.341176 0.345098 0.349020 0.352941 0.356863 0.360784 0.364706 0.368627 0.372549 0.376471 0.380392 0.384314 0.388235 0.392157 0.396078 0.400000 0.403922 0.407843 0.411765 0.415686 0.419608 0.423529 0.427451 0.431373 0.435294 0.439216 0.443137 0.447059 0.450980 0.454902 0.458824 0.462745 0.466667 0.470588 0.474510 0.478431 0.482353 0.486275 0.490196 0.494118 0.498039 0.501961 0.505882 0.509804 0.513725 0.517647 0.521569 0.525490 0.529412 0.533333 0.537255 0.541176 0.545098 0.549020 0.552941 0.556863 0.560784 0.564706 0.568627 0.572549 0.576471 0.580392 0.584314 0.588235 0.592157 0.596078 0.600000 0.603922 0.607843 0.611765 0.615686 0.619608 0.623529 0.627451 0.631373 0.635294 0.639216 0.643137 0.647059 0.650980 0.654902 0.658824 0.662745 0.666667 0.670588 0.674510 0.678431 0.682353 0.686275 0.690196 0.694118 0.698039 0.701961 0.705882 0.709804 0.713725 0.717647 0.721569 0.725490 0.729412 0.733333 0.737255 0.741176 0.745098 0.749020 0.752941 0.756863 0.760784 0.764706 0.768627 0.772549 0.776471 0.780392 0.784314 0.788235 0.792157 0.796078 0.800000 0.803922 0.807843 0.811765 0.815686 0.819608 0.823529 0.827451 0.831373 0.835294 0.839216 0.843137 0.847059 0.850980 0.854902 0.858824 0.862745 0.866667 0.870588 0.874510 0.878431 0.882353 0.886275 0.890196 0.894118 0.898039 0.901961 0.905882 0.909804 0.913725 0.917647 0.921569 0.925490 0.929412 0.933333 0.937255 0.941176 0.945098 0.949020 0.952941 0.956863 0.960784 0.964706 0.968627 0.972549 0.976471 0.980392 0.984314 0.988235 0.992157 0.996078 1.000000))
(time 0)
(channel red)
(curve
       (curve-type free)
       (n-points 17)
       (points 34 -1.0 -1.0 -1.0 -1.0 -1.0 -1.0 -1.0 -1.0 -1.0 -1.0 -1.0 -1.0 -1.0 -1.0 -1.0 -1.0 -1.0 -1.0 -1.0 -1.0 -1.0 -1.0 -1.0 -1.0 -1.0 -1.0 -1.0 -1.0 -1.0 -1.0 -1.0 -1.0 -1.0 -1.0)
       (n-samples 256)
       (samples 256 0.077120 0.078974 0.080181 0.080803 0.081733 0.081973 0.082141 0.082045 0.081965 0.081814 0.081529 0.081523 0.081546 0.081453 0.081484 0.082028 0.082078 0.082456 0.082595 0.083171 0.083912 0.084767 0.085744 0.086488 0.087559 0.088066 0.088617 0.088864 0.089730 0.090221 0.090775 0.092355 0.094010 0.096003 0.096444 0.097964 0.101395 0.102614 0.106287 0.107896 0.105281 0.106437 0.109203 0.110855 0.112441 0.119234 0.129879 0.136717 0.135783 0.139406 0.146067 0.149519 0.154142 0.155405 0.173201 0.180785 0.191533 0.191877 0.165943 0.115533 0.113002 0.107336 0.111690 0.113884 0.115062 0.122071 0.126206 0.133719 0.141894 0.149310 0.161639 0.162919 0.169824 0.175792 0.187424 0.193686 0.202812 0.207954 0.220119 0.231551 0.234918 0.232139 0.243468 0.246931 0.258742 0.262327 0.269927 0.275023 0.277551 0.287572 0.295558 0.296181 0.301047 0.308209 0.312153 0.320907 0.324381 0.330086 0.340661 0.354564 0.358111 0.361268 0.366491 0.373281 0.380375 0.393984 0.403911 0.410022 0.415809 0.420385 0.426319 0.430575 0.436227 0.442845 0.448526 0.454840 0.460581 0.465799 0.471048 0.474949 0.480460 0.484619 0.489088 0.493455 0.497863 0.502979 0.507381 0.513116 0.518022 0.522381 0.527709 0.533323 0.539505 0.545349 0.550504 0.555430 0.562275 0.567885 0.572301 0.578481 0.583429 0.589184 0.595478 0.599713 0.605424 0.610894 0.616204 0.621300 0.626017 0.630853 0.636121 0.641130 0.645254 0.650368 0.654459 0.659404 0.664449 0.668429 0.673246 0.677395 0.681109 0.686371 0.690646 0.694709 0.699097 0.703312 0.707395 0.711799 0.715865 0.720132 0.723716 0.727578 0.731492 0.735731 0.739138 0.743372 0.747081 0.750713 0.754683 0.758516 0.762188 0.766059 0.769738 0.773171 0.777103 0.780445 0.784104 0.787642 0.791083 0.794640 0.797802 0.800908 0.804640 0.808232 0.811297 0.814611 0.817659 0.821217 0.823782 0.827285 0.830549 0.833491 0.836638 0.839113 0.842631 0.844894 0.848047 0.851227 0.854089 0.857308 0.860764 0.863568 0.866806 0.869088 0.872823 0.875361 0.878404 0.880603 0.882854 0.885352 0.888633 0.889397 0.892509 0.895511 0.898488 0.901248 0.904513 0.907737 0.911352 0.913585 0.916471 0.919878 0.923583 0.926889 0.929946 0.932897 0.933825 0.935072 0.938259 0.940744 0.944056 0.946570 0.948855 0.951577 0.954555 0.958555 0.960706 0.959804 0.956116 0.967320 0.960224 0.972549 0.954902 0.954902 0.989542 0.995425))
(time 0)
(channel green)
(curve
       (curve-type free)
       (n-points 17)
       (points 34 -1.0 -1.0 -1.0 -1.0 -1.0 -1.0 -1.0 -1.0 -1.0 -1.0 -1.0 -1.0 -1.0 -1.0 -1.0 -1.0 -1.0 -1.0 -1.0 -1.0 -1.0 -1.0 -1.0 -1.0 -1.0 -1.0 -1.0 -1.0 -1.0 -1.0 -1.0 -1.0 -1.0 -1.0)
       (n-samples 256)
       (samples 256 0.062745 0.062745 0.062745 0.062745 0.082353 0.082353 0.082353 0.082353 0.049673 0.105882 0.076471 0.066176 0.075381 0.069281 0.069608 0.074510 0.079832 0.085154 0.086505 0.091855 0.093894 0.092844 0.092626 0.094745 0.096439 0.100958 0.103137 0.103922 0.107762 0.107420 0.111111 0.112787 0.115638 0.117675 0.119721 0.122502 0.122679 0.127179 0.128283 0.130678 0.132679 0.134830 0.136708 0.138741 0.140474 0.142512 0.144717 0.146889 0.149677 0.152099 0.154758 0.157489 0.160849 0.162783 0.166182 0.168141 0.170454 0.172994 0.175955 0.178149 0.180141 0.182594 0.185129 0.188205 0.191548 0.194994 0.198343 0.201935 0.205599 0.209602 0.213099 0.217107 0.221705 0.226081 0.230350 0.234963 0.241553 0.246190 0.252233 0.256515 0.258725 0.264183 0.270486 0.275979 0.279497 0.285363 0.292664 0.301213 0.307480 0.312785 0.319845 0.324277 0.328988 0.331544 0.336834 0.342734 0.347157 0.353033 0.359332 0.366477 0.371422 0.374492 0.381536 0.387518 0.392960 0.397325 0.403481 0.408377 0.414832 0.416782 0.417360 0.413831 0.416999 0.422575 0.428483 0.436646 0.437450 0.444416 0.447656 0.449795 0.439168 0.439445 0.442091 0.448962 0.451853 0.455325 0.460920 0.464954 0.470507 0.474564 0.478453 0.484805 0.489221 0.494884 0.498489 0.503109 0.509120 0.513597 0.516482 0.523238 0.527542 0.534730 0.540450 0.552369 0.580646 0.599045 0.605779 0.610118 0.614719 0.619397 0.623301 0.627570 0.631790 0.636589 0.640429 0.644525 0.648373 0.652892 0.657128 0.661356 0.664435 0.668462 0.672722 0.676419 0.680443 0.684521 0.688099 0.691942 0.695481 0.699823 0.703333 0.706955 0.710659 0.714529 0.717935 0.721990 0.725396 0.729060 0.732606 0.736407 0.739732 0.743690 0.746909 0.750634 0.753892 0.757245 0.760715 0.764283 0.768108 0.771373 0.774451 0.778108 0.781414 0.784677 0.788010 0.791690 0.794355 0.797534 0.801040 0.803734 0.806948 0.810079 0.812946 0.816298 0.819823 0.823169 0.827291 0.830048 0.833668 0.836649 0.840180 0.843259 0.846267 0.848602 0.851609 0.854458 0.857336 0.860199 0.862575 0.866407 0.868700 0.872368 0.875228 0.879279 0.882126 0.885355 0.888787 0.894066 0.899183 0.903258 0.906462 0.909983 0.912883 0.915999 0.918686 0.921511 0.924785 0.927989 0.931203 0.934831 0.937226 0.941971 0.943697 0.943548 0.947647 0.954787 0.950000 0.950980 0.967320 0.977778 0.952941 0.966667 0.976471 0.976471 0.996078 0.996078))
(time 0)
(channel blue)
(curve
       (curve-type free)
       (n-points 17)
       (points 34 -1.0 -1.0 -1.0 -1.0 -1.0 -1.0 -1.0 -1.0 -1.0 -1.0 -1.0 -1.0 -1.0 -1.0 -1.0 -1.0 -1.0 -1.0 -1.0 -1.0 -1.0 -1.0 -1.0 -1.0 -1.0 -1.0 -1.0 -1.0 -1.0 -1.0 -1.0 -1.0 -1.0 -1.0)
       (n-samples 256)
       (samples 256 0.082353 0.098039 0.098039 0.098039 0.031373 0.066667 0.094118 0.057516 0.047059 0.070588 0.091503 0.121569 0.086275 0.106239 0.088989 0.100654 0.114648 0.102157 0.112185 0.111059 0.127409 0.121133 0.118343 0.124306 0.125882 0.129852 0.132346 0.135930 0.139367 0.140921 0.140827 0.142253 0.150048 0.146654 0.152397 0.153777 0.157725 0.161590 0.164811 0.164046 0.163267 0.170734 0.172435 0.175239 0.179269 0.179059 0.183048 0.187168 0.190628 0.192856 0.195752 0.199620 0.201779 0.205783 0.208308 0.212670 0.215622 0.218486 0.221274 0.224752 0.226953 0.230300 0.234049 0.239453 0.241454 0.246983 0.249485 0.252120 0.255419 0.259431 0.263025 0.266347 0.269992 0.273956 0.277042 0.280927 0.284726 0.288264 0.291800 0.296049 0.299911 0.303755 0.308047 0.312130 0.316009 0.320448 0.325201 0.329189 0.333560 0.338207 0.342174 0.346308 0.349841 0.353909 0.357562 0.361299 0.365365 0.370241 0.374765 0.379225 0.383746 0.387421 0.391158 0.394733 0.398449 0.402814 0.408754 0.415313 0.421591 0.426010 0.431739 0.437150 0.442400 0.446618 0.451074 0.454284 0.458309 0.462565 0.466004 0.472125 0.475322 0.481688 0.488615 0.494787 0.501254 0.505938 0.511075 0.515858 0.519610 0.521819 0.527084 0.532966 0.536380 0.542975 0.548879 0.553930 0.558808 0.561916 0.566834 0.573027 0.578196 0.582038 0.588534 0.589735 0.593875 0.597539 0.601909 0.607053 0.610332 0.614902 0.617994 0.620094 0.625280 0.629147 0.634548 0.640411 0.643317 0.647714 0.651847 0.655603 0.658813 0.663855 0.668947 0.672458 0.676883 0.679051 0.683737 0.682452 0.683614 0.685941 0.688852 0.691579 0.695332 0.699031 0.702843 0.707196 0.711571 0.714731 0.718823 0.721573 0.727127 0.735840 0.749963 0.759081 0.763285 0.766512 0.769804 0.773033 0.776843 0.780119 0.783297 0.786675 0.789987 0.793407 0.796367 0.799644 0.802799 0.805594 0.808930 0.811807 0.815440 0.818672 0.822139 0.825804 0.828483 0.831819 0.835223 0.838380 0.841658 0.844552 0.847109 0.850194 0.852730 0.856714 0.858909 0.861508 0.864370 0.867167 0.869590 0.871855 0.874540 0.877292 0.879942 0.883261 0.888118 0.891943 0.896573 0.900579 0.904075 0.906707 0.909899 0.912960 0.915358 0.916970 0.919183 0.921414 0.924932 0.927378 0.932061 0.934376 0.937029 0.937639 0.944867 0.949639 0.950000 0.973856 0.971569 0.956863 0.973529 0.986275 1.000000 0.986928 0.972549 1.000000 1.000000 0.992157))
(time 0)
(channel alpha)
(curve
       (curve-type free)
       (n-points 17)
       (points 34 -1.0 -1.0 -1.0 -1.0 -1.0 -1.0 -1.0 -1.0 -1.0 -1.0 -1.0 -1.0 -1.0 -1.0 -1.0 -1.0 -1.0 -1.0 -1.0 -1.0 -1.0 -1.0 -1.0 -1.0 -1.0 -1.0 -1.0 -1.0 -1.0 -1.0 -1.0 -1.0 -1.0 -1.0)
       (n-samples 256)
       (samples 256 0.000000 0.003922 0.007843 0.011765 0.015686 0.019608 0.023529 0.027451 0.031373 0.035294 0.039216 0.043137 0.047059 0.050980 0.054902 0.058824 0.062745 0.066667 0.070588 0.074510 0.078431 0.082353 0.086275 0.090196 0.094118 0.098039 0.101961 0.105882 0.109804 0.113725 0.117647 0.121569 0.125490 0.129412 0.133333 0.137255 0.141176 0.145098 0.149020 0.152941 0.156863 0.160784 0.164706 0.168627 0.172549 0.176471 0.180392 0.184314 0.188235 0.192157 0.196078 0.200000 0.203922 0.207843 0.211765 0.215686 0.219608 0.223529 0.227451 0.231373 0.235294 0.239216 0.243137 0.247059 0.250980 0.254902 0.258824 0.262745 0.266667 0.270588 0.274510 0.278431 0.282353 0.286275 0.290196 0.294118 0.298039 0.301961 0.305882 0.309804 0.313725 0.317647 0.321569 0.325490 0.329412 0.333333 0.337255 0.341176 0.345098 0.349020 0.352941 0.356863 0.360784 0.364706 0.368627 0.372549 0.376471 0.380392 0.384314 0.388235 0.392157 0.396078 0.400000 0.403922 0.407843 0.411765 0.415686 0.419608 0.423529 0.427451 0.431373 0.435294 0.439216 0.443137 0.447059 0.450980 0.454902 0.458824 0.462745 0.466667 0.470588 0.474510 0.478431 0.482353 0.486275 0.490196 0.494118 0.498039 0.501961 0.505882 0.509804 0.513725 0.517647 0.521569 0.525490 0.529412 0.533333 0.537255 0.541176 0.545098 0.549020 0.552941 0.556863 0.560784 0.564706 0.568627 0.572549 0.576471 0.580392 0.584314 0.588235 0.592157 0.596078 0.600000 0.603922 0.607843 0.611765 0.615686 0.619608 0.623529 0.627451 0.631373 0.635294 0.639216 0.643137 0.647059 0.650980 0.654902 0.658824 0.662745 0.666667 0.670588 0.674510 0.678431 0.682353 0.686275 0.690196 0.694118 0.698039 0.701961 0.705882 0.709804 0.713725 0.717647 0.721569 0.725490 0.729412 0.733333 0.737255 0.741176 0.745098 0.749020 0.752941 0.756863 0.760784 0.764706 0.768627 0.772549 0.776471 0.780392 0.784314 0.788235 0.792157 0.796078 0.800000 0.803922 0.807843 0.811765 0.815686 0.819608 0.823529 0.827451 0.831373 0.835294 0.839216 0.843137 0.847059 0.850980 0.854902 0.858824 0.862745 0.866667 0.870588 0.874510 0.878431 0.882353 0.886275 0.890196 0.894118 0.898039 0.901961 0.905882 0.909804 0.913725 0.917647 0.921569 0.925490 0.929412 0.933333 0.937255 0.941176 0.945098 0.949020 0.952941 0.956863 0.960784 0.964706 0.968627 0.972549 0.976471 0.980392 0.984314 0.988235 0.992157 0.996078 1.000000))
# end of curves tool settings
