# GIMP curves tool settings

(time 0)
(channel value)
(curve
       (curve-type free)
       (n-points 17)
       (points 34 -1.0 -1.0 -1.0 -1.0 -1.0 -1.0 -1.0 -1.0 -1.0 -1.0 -1.0 -1.0 -1.0 -1.0 -1.0 -1.0 -1.0 -1.0 -1.0 -1.0 -1.0 -1.0 -1.0 -1.0 -1.0 -1.0 -1.0 -1.0 -1.0 -1.0 -1.0 -1.0 -1.0 -1.0)
       (n-samples 256)
       (samples 256 0.000000 0.003922 0.007843 0.011765 0.015686 0.019608 0.023529 0.027451 0.031373 0.035294 0.039216 0.043137 0.047059 0.050980 0.054902 0.058824 0.062745 0.066667 0.070588 0.074510 0.078431 0.082353 0.086275 0.090196 0.094118 0.098039 0.101961 0.105882 0.109804 0.113725 0.117647 0.121569 0.125490 0.129412 0.133333 0.137255 0.141176 0.145098 0.149020 0.152941 0.156863 0.160784 0.164706 0.168627 0.172549 0.176471 0.180392 0.184314 0.188235 0.192157 0.196078 0.200000 0.203922 0.207843 0.211765 0.215686 0.219608 0.223529 0.227451 0.231373 0.235294 0.239216 0.243137 0.247059 0.250980 0.254902 0.258824 0.262745 0.266667 0.270588 0.274510 0.278431 0.282353 0.286275 0.290196 0.294118 0.298039 0.301961 0.305882 0.309804 0.313725 0.317647 0.321569 0.325490 0.329412 0.333333 0.337255 0.341176 0.345098 0.349020 0.352941 0.356863 0.360784 0.364706 0.368627 0.372549 0.376471 0.380392 0.384314 0.388235 0.392157 0.396078 0.400000 0.403922 0.407843 0.411765 0.415686 0.419608 0.423529 0.427451 0.431373 0.435294 0.439216 0.443137 0.447059 0.450980 0.454902 0.458824 0.462745 0.466667 0.470588 0.474510 0.478431 0.482353 0.486275 0.490196 0.494118 0.498039 0.501961 0.505882 0.509804 0.513725 0.517647 0.521569 0.525490 0.529412 0.533333 0.537255 0.541176 0.545098 0.549020 0.552941 0.556863 0.560784 0.564706 0.568627 0.572549 0.576471 0.580392 0.584314 0.588235 0.592157 0.596078 0.600000 0.603922 0.607843 0.611765 0.615686 0.619608 0.623529 0.627451 0.631373 0.635294 0.639216 0.643137 0.647059 0.650980 0.654902 0.658824 0.662745 0.666667 0.670588 0.674510 0.678431 0.682353 0.686275 0.690196 0.694118 0.698039 0.701961 0.705882 0.709804 0.713725 0.717647 0.721569 0.725490 0.729412 0.733333 0.737255 0.741176 0.745098 0.749020 0.752941 0.756863 0.760784 0.764706 0.768627 0.772549 0.776471 0.780392 0.784314 0.788235 0.792157 0.796078 0.800000 0.803922 0.807843 0.811765 0.815686 0.819608 0.823529 0.827451 0.831373 0.835294 0.839216 0.843137 0.847059 0.850980 0.854902 0.858824 0.862745 0.866667 0.870588 0.874510 0.878431 0.882353 0.886275 0.890196 0.894118 0.898039 0.901961 0.905882 0.909804 0.913725 0.917647 0.921569 0.925490 0.929412 0.933333 0.937255 0.941176 0.945098 0.949020 0.952941 0.956863 0.960784 0.964706 0.968627 0.972549 0.976471 0.980392 0.984314 0.988235 0.992157 0.996078 1.000000))
(time 0)
(channel red)
(curve
       (curve-type free)
       (n-points 17)
       (points 34 -1.0 -1.0 -1.0 -1.0 -1.0 -1.0 -1.0 -1.0 -1.0 -1.0 -1.0 -1.0 -1.0 -1.0 -1.0 -1.0 -1.0 -1.0 -1.0 -1.0 -1.0 -1.0 -1.0 -1.0 -1.0 -1.0 -1.0 -1.0 -1.0 -1.0 -1.0 -1.0 -1.0 -1.0)
       (n-samples 256)
       (samples 256 0.066074 0.116641 0.095098 0.102247 0.058637 0.068419 0.039601 0.049142 0.048407 0.044717 0.046846 0.046352 0.047768 0.047357 0.048214 0.049263 0.050461 0.050353 0.051934 0.051854 0.053390 0.053380 0.054687 0.056168 0.056226 0.057390 0.057599 0.058456 0.059157 0.060749 0.061530 0.063700 0.065069 0.065860 0.067031 0.068220 0.068831 0.071093 0.072897 0.074538 0.076236 0.077995 0.079957 0.082014 0.084721 0.086698 0.089355 0.092159 0.094322 0.097310 0.100374 0.103653 0.106559 0.110148 0.113274 0.116202 0.119667 0.123891 0.127574 0.132153 0.136322 0.140503 0.144313 0.148440 0.152863 0.158188 0.163106 0.167424 0.172030 0.177045 0.182182 0.187536 0.192064 0.197246 0.202742 0.208771 0.214477 0.220409 0.226836 0.232900 0.238823 0.244233 0.250854 0.255414 0.261506 0.267193 0.273076 0.279997 0.285710 0.292070 0.298415 0.305093 0.310933 0.317207 0.322858 0.329494 0.336686 0.343095 0.350877 0.357136 0.364233 0.372305 0.380347 0.386797 0.394486 0.400896 0.408632 0.415365 0.422340 0.427090 0.432019 0.436715 0.444742 0.452212 0.458763 0.464999 0.472501 0.479876 0.486969 0.493058 0.499223 0.506268 0.512770 0.517611 0.523937 0.531353 0.538171 0.545258 0.551160 0.557790 0.564320 0.570651 0.577086 0.582844 0.588344 0.594849 0.600038 0.606291 0.611167 0.616668 0.621736 0.627245 0.632209 0.637643 0.641963 0.646249 0.651173 0.654863 0.660131 0.663655 0.668951 0.672955 0.677244 0.682468 0.686311 0.691512 0.696211 0.700646 0.704507 0.709190 0.713450 0.717346 0.721201 0.725097 0.729459 0.733588 0.737005 0.741413 0.745035 0.748825 0.752202 0.755621 0.759234 0.762134 0.765809 0.769072 0.772075 0.774956 0.778346 0.781405 0.784433 0.787445 0.790563 0.792656 0.796141 0.798249 0.802213 0.804985 0.807173 0.810635 0.812593 0.816102 0.818609 0.821854 0.825360 0.828082 0.830906 0.833797 0.836137 0.838037 0.839657 0.840223 0.841553 0.844210 0.846313 0.847736 0.850490 0.852869 0.855218 0.858380 0.859254 0.862023 0.863878 0.865268 0.869114 0.870234 0.872176 0.873120 0.877640 0.881188 0.882775 0.886214 0.888399 0.892146 0.896329 0.898224 0.901030 0.903271 0.904785 0.907097 0.908777 0.909927 0.912324 0.915398 0.919650 0.919967 0.929012 0.933169 0.935037 0.937355 0.937966 0.937597 0.936835 0.934174 0.932549 0.933333 0.913725 0.939216 0.921569 0.894118 0.894118 0.894118 0.894118 0.894118 0.894118 0.894118))
(time 0)
(channel green)
(curve
       (curve-type free)
       (n-points 17)
       (points 34 -1.0 -1.0 -1.0 -1.0 -1.0 -1.0 -1.0 -1.0 -1.0 -1.0 -1.0 -1.0 -1.0 -1.0 -1.0 -1.0 -1.0 -1.0 -1.0 -1.0 -1.0 -1.0 -1.0 -1.0 -1.0 -1.0 -1.0 -1.0 -1.0 -1.0 -1.0 -1.0 -1.0 -1.0)
       (n-samples 256)
       (samples 256 0.058971 0.063529 0.063399 0.075936 0.066231 0.058263 0.064360 0.062505 0.063194 0.063810 0.065042 0.066753 0.067656 0.068511 0.069222 0.070182 0.071932 0.072531 0.073150 0.074033 0.075724 0.077016 0.077887 0.078978 0.080050 0.080907 0.083178 0.085311 0.086839 0.089763 0.091259 0.093247 0.095822 0.098723 0.101605 0.103658 0.105972 0.108717 0.111568 0.114880 0.118462 0.121555 0.125108 0.128574 0.131870 0.135890 0.139662 0.143684 0.147932 0.152271 0.156240 0.160237 0.164418 0.168462 0.172947 0.177903 0.182373 0.187176 0.191228 0.195787 0.200909 0.205946 0.211408 0.216921 0.222714 0.228004 0.233798 0.239361 0.245793 0.251555 0.257556 0.263203 0.268937 0.274454 0.280153 0.286530 0.292523 0.298386 0.304581 0.311172 0.317060 0.322843 0.329392 0.335910 0.341658 0.347982 0.353929 0.360446 0.366339 0.372599 0.378709 0.384986 0.391426 0.397694 0.404094 0.410492 0.417079 0.422555 0.428881 0.433624 0.439892 0.444885 0.450555 0.456312 0.460525 0.466457 0.471290 0.476338 0.482355 0.488305 0.493108 0.497747 0.503433 0.509003 0.514649 0.518955 0.524591 0.529207 0.533964 0.539793 0.544513 0.549707 0.555253 0.559731 0.565096 0.569462 0.574028 0.578422 0.583022 0.587767 0.591948 0.596606 0.600959 0.605298 0.609267 0.613404 0.617659 0.621704 0.626204 0.630432 0.634772 0.638655 0.642599 0.646712 0.650234 0.654568 0.658781 0.662663 0.666646 0.670276 0.674330 0.678233 0.681886 0.685721 0.689438 0.693241 0.697801 0.701252 0.704679 0.709059 0.712785 0.716184 0.719696 0.723109 0.727002 0.730089 0.733559 0.736834 0.740429 0.743260 0.746872 0.750100 0.753105 0.756611 0.759453 0.762101 0.765274 0.768752 0.771914 0.774510 0.777070 0.779663 0.783176 0.786825 0.789928 0.792773 0.795566 0.796902 0.799006 0.802068 0.804138 0.806840 0.810076 0.814093 0.816704 0.820274 0.823200 0.826070 0.828485 0.830832 0.833844 0.836071 0.838398 0.839953 0.842685 0.844461 0.846822 0.848744 0.850776 0.853128 0.855481 0.858368 0.859861 0.863356 0.866645 0.868288 0.870729 0.873023 0.875434 0.876999 0.877797 0.879394 0.881210 0.885167 0.887447 0.888852 0.892175 0.894299 0.897095 0.899854 0.902460 0.904798 0.907985 0.911702 0.915122 0.919534 0.921746 0.925304 0.928285 0.931371 0.933909 0.933736 0.905882 0.905882 0.905882 0.939216 0.939216 0.939216 0.939216 0.939216 0.939216 0.939216 0.939216 0.952941 0.952941 0.952941))
(time 0)
(channel blue)
(curve
       (curve-type free)
       (n-points 17)
       (points 34 -1.0 -1.0 -1.0 -1.0 -1.0 -1.0 -1.0 -1.0 -1.0 -1.0 -1.0 -1.0 -1.0 -1.0 -1.0 -1.0 -1.0 -1.0 -1.0 -1.0 -1.0 -1.0 -1.0 -1.0 -1.0 -1.0 -1.0 -1.0 -1.0 -1.0 -1.0 -1.0 -1.0 -1.0)
       (n-samples 256)
       (samples 256 0.050746 0.054342 0.050361 0.057379 0.061663 0.058245 0.061038 0.060926 0.060477 0.059829 0.061237 0.061541 0.062943 0.064717 0.065257 0.066352 0.067431 0.068277 0.068784 0.069798 0.071350 0.072851 0.074624 0.076104 0.077228 0.078396 0.080296 0.082091 0.084055 0.086039 0.088407 0.090712 0.093077 0.095723 0.097956 0.101156 0.103366 0.106157 0.109097 0.112267 0.115132 0.118323 0.121522 0.124814 0.127991 0.131386 0.135343 0.139352 0.143583 0.147507 0.151686 0.155579 0.159973 0.164481 0.169282 0.174326 0.179286 0.184029 0.188663 0.194210 0.199417 0.205245 0.210886 0.216779 0.222616 0.228177 0.233565 0.238183 0.243380 0.248952 0.254573 0.260353 0.266277 0.273354 0.278948 0.285022 0.290860 0.297054 0.304020 0.310667 0.317502 0.324002 0.330156 0.336546 0.342612 0.348711 0.355391 0.360925 0.367815 0.374096 0.380046 0.386142 0.392563 0.399180 0.405475 0.411707 0.417685 0.424333 0.431399 0.437313 0.443065 0.449434 0.456013 0.462145 0.466559 0.471887 0.477759 0.483619 0.489321 0.494916 0.500291 0.505604 0.512274 0.517086 0.522527 0.527353 0.533226 0.537885 0.542942 0.547975 0.553547 0.558312 0.563158 0.567619 0.572499 0.577555 0.581660 0.586591 0.591266 0.594912 0.599629 0.603502 0.608036 0.611521 0.616342 0.620770 0.625427 0.629297 0.633458 0.637616 0.641537 0.646224 0.650769 0.654078 0.658343 0.661868 0.666265 0.670536 0.674409 0.678350 0.681965 0.685636 0.689947 0.693074 0.695625 0.700110 0.703551 0.707941 0.712404 0.716170 0.720026 0.724042 0.727268 0.730883 0.735035 0.738488 0.742386 0.745604 0.748931 0.752344 0.755301 0.759215 0.762465 0.766422 0.769537 0.773015 0.776126 0.779287 0.782619 0.785492 0.788662 0.791498 0.795154 0.798325 0.800892 0.803956 0.806938 0.810180 0.812610 0.815135 0.818207 0.820725 0.822918 0.824784 0.827733 0.829645 0.832544 0.835090 0.837964 0.839837 0.842764 0.845623 0.847960 0.849962 0.853186 0.855527 0.858839 0.861676 0.863921 0.866157 0.868183 0.870106 0.872353 0.874218 0.875694 0.878032 0.880374 0.882702 0.884375 0.886470 0.887872 0.890497 0.892769 0.895424 0.898350 0.900879 0.903979 0.906180 0.908107 0.910575 0.912601 0.914255 0.917252 0.920061 0.923230 0.926682 0.929005 0.931201 0.933998 0.936797 0.938468 0.942679 0.944663 0.948467 0.950412 0.950520 0.950404 0.949912 0.970588 0.970980 0.958170 0.925490 0.975163 0.973856 0.963399 0.966449))
(time 0)
(channel alpha)
(curve
       (curve-type free)
       (n-points 17)
       (points 34 -1.0 -1.0 -1.0 -1.0 -1.0 -1.0 -1.0 -1.0 -1.0 -1.0 -1.0 -1.0 -1.0 -1.0 -1.0 -1.0 -1.0 -1.0 -1.0 -1.0 -1.0 -1.0 -1.0 -1.0 -1.0 -1.0 -1.0 -1.0 -1.0 -1.0 -1.0 -1.0 -1.0 -1.0)
       (n-samples 256)
       (samples 256 0.000000 0.003922 0.007843 0.011765 0.015686 0.019608 0.023529 0.027451 0.031373 0.035294 0.039216 0.043137 0.047059 0.050980 0.054902 0.058824 0.062745 0.066667 0.070588 0.074510 0.078431 0.082353 0.086275 0.090196 0.094118 0.098039 0.101961 0.105882 0.109804 0.113725 0.117647 0.121569 0.125490 0.129412 0.133333 0.137255 0.141176 0.145098 0.149020 0.152941 0.156863 0.160784 0.164706 0.168627 0.172549 0.176471 0.180392 0.184314 0.188235 0.192157 0.196078 0.200000 0.203922 0.207843 0.211765 0.215686 0.219608 0.223529 0.227451 0.231373 0.235294 0.239216 0.243137 0.247059 0.250980 0.254902 0.258824 0.262745 0.266667 0.270588 0.274510 0.278431 0.282353 0.286275 0.290196 0.294118 0.298039 0.301961 0.305882 0.309804 0.313725 0.317647 0.321569 0.325490 0.329412 0.333333 0.337255 0.341176 0.345098 0.349020 0.352941 0.356863 0.360784 0.364706 0.368627 0.372549 0.376471 0.380392 0.384314 0.388235 0.392157 0.396078 0.400000 0.403922 0.407843 0.411765 0.415686 0.419608 0.423529 0.427451 0.431373 0.435294 0.439216 0.443137 0.447059 0.450980 0.454902 0.458824 0.462745 0.466667 0.470588 0.474510 0.478431 0.482353 0.486275 0.490196 0.494118 0.498039 0.501961 0.505882 0.509804 0.513725 0.517647 0.521569 0.525490 0.529412 0.533333 0.537255 0.541176 0.545098 0.549020 0.552941 0.556863 0.560784 0.564706 0.568627 0.572549 0.576471 0.580392 0.584314 0.588235 0.592157 0.596078 0.600000 0.603922 0.607843 0.611765 0.615686 0.619608 0.623529 0.627451 0.631373 0.635294 0.639216 0.643137 0.647059 0.650980 0.654902 0.658824 0.662745 0.666667 0.670588 0.674510 0.678431 0.682353 0.686275 0.690196 0.694118 0.698039 0.701961 0.705882 0.709804 0.713725 0.717647 0.721569 0.725490 0.729412 0.733333 0.737255 0.741176 0.745098 0.749020 0.752941 0.756863 0.760784 0.764706 0.768627 0.772549 0.776471 0.780392 0.784314 0.788235 0.792157 0.796078 0.800000 0.803922 0.807843 0.811765 0.815686 0.819608 0.823529 0.827451 0.831373 0.835294 0.839216 0.843137 0.847059 0.850980 0.854902 0.858824 0.862745 0.866667 0.870588 0.874510 0.878431 0.882353 0.886275 0.890196 0.894118 0.898039 0.901961 0.905882 0.909804 0.913725 0.917647 0.921569 0.925490 0.929412 0.933333 0.937255 0.941176 0.945098 0.949020 0.952941 0.956863 0.960784 0.964706 0.968627 0.972549 0.976471 0.980392 0.984314 0.988235 0.992157 0.996078 1.000000))
# end of curves tool settings
