# GIMP curves tool settings

(time 0)
(channel value)
(curve
       (curve-type free)
       (n-points 17)
       (points 34 -1.0 -1.0 -1.0 -1.0 -1.0 -1.0 -1.0 -1.0 -1.0 -1.0 -1.0 -1.0 -1.0 -1.0 -1.0 -1.0 -1.0 -1.0 -1.0 -1.0 -1.0 -1.0 -1.0 -1.0 -1.0 -1.0 -1.0 -1.0 -1.0 -1.0 -1.0 -1.0 -1.0 -1.0)
       (n-samples 256)
       (samples 256 0.000000 0.003922 0.007843 0.011765 0.015686 0.019608 0.023529 0.027451 0.031373 0.035294 0.039216 0.043137 0.047059 0.050980 0.054902 0.058824 0.062745 0.066667 0.070588 0.074510 0.078431 0.082353 0.086275 0.090196 0.094118 0.098039 0.101961 0.105882 0.109804 0.113725 0.117647 0.121569 0.125490 0.129412 0.133333 0.137255 0.141176 0.145098 0.149020 0.152941 0.156863 0.160784 0.164706 0.168627 0.172549 0.176471 0.180392 0.184314 0.188235 0.192157 0.196078 0.200000 0.203922 0.207843 0.211765 0.215686 0.219608 0.223529 0.227451 0.231373 0.235294 0.239216 0.243137 0.247059 0.250980 0.254902 0.258824 0.262745 0.266667 0.270588 0.274510 0.278431 0.282353 0.286275 0.290196 0.294118 0.298039 0.301961 0.305882 0.309804 0.313725 0.317647 0.321569 0.325490 0.329412 0.333333 0.337255 0.341176 0.345098 0.349020 0.352941 0.356863 0.360784 0.364706 0.368627 0.372549 0.376471 0.380392 0.384314 0.388235 0.392157 0.396078 0.400000 0.403922 0.407843 0.411765 0.415686 0.419608 0.423529 0.427451 0.431373 0.435294 0.439216 0.443137 0.447059 0.450980 0.454902 0.458824 0.462745 0.466667 0.470588 0.474510 0.478431 0.482353 0.486275 0.490196 0.494118 0.498039 0.501961 0.505882 0.509804 0.513725 0.517647 0.521569 0.525490 0.529412 0.533333 0.537255 0.541176 0.545098 0.549020 0.552941 0.556863 0.560784 0.564706 0.568627 0.572549 0.576471 0.580392 0.584314 0.588235 0.592157 0.596078 0.600000 0.603922 0.607843 0.611765 0.615686 0.619608 0.623529 0.627451 0.631373 0.635294 0.639216 0.643137 0.647059 0.650980 0.654902 0.658824 0.662745 0.666667 0.670588 0.674510 0.678431 0.682353 0.686275 0.690196 0.694118 0.698039 0.701961 0.705882 0.709804 0.713725 0.717647 0.721569 0.725490 0.729412 0.733333 0.737255 0.741176 0.745098 0.749020 0.752941 0.756863 0.760784 0.764706 0.768627 0.772549 0.776471 0.780392 0.784314 0.788235 0.792157 0.796078 0.800000 0.803922 0.807843 0.811765 0.815686 0.819608 0.823529 0.827451 0.831373 0.835294 0.839216 0.843137 0.847059 0.850980 0.854902 0.858824 0.862745 0.866667 0.870588 0.874510 0.878431 0.882353 0.886275 0.890196 0.894118 0.898039 0.901961 0.905882 0.909804 0.913725 0.917647 0.921569 0.925490 0.929412 0.933333 0.937255 0.941176 0.945098 0.949020 0.952941 0.956863 0.960784 0.964706 0.968627 0.972549 0.976471 0.980392 0.984314 0.988235 0.992157 0.996078 1.000000))
(time 0)
(channel red)
(curve
       (curve-type free)
       (n-points 17)
       (points 34 -1.0 -1.0 -1.0 -1.0 -1.0 -1.0 -1.0 -1.0 -1.0 -1.0 -1.0 -1.0 -1.0 -1.0 -1.0 -1.0 -1.0 -1.0 -1.0 -1.0 -1.0 -1.0 -1.0 -1.0 -1.0 -1.0 -1.0 -1.0 -1.0 -1.0 -1.0 -1.0 -1.0 -1.0)
       (n-samples 256)
       (samples 256 0.236832 0.224900 0.232862 0.244272 0.207430 0.191855 0.175277 0.149837 0.120546 0.093402 0.089974 0.092545 0.093180 0.093502 0.095554 0.096720 0.099379 0.100765 0.103836 0.105916 0.107162 0.109590 0.110828 0.112803 0.114932 0.116303 0.117691 0.120064 0.122466 0.124419 0.126799 0.128234 0.129907 0.132378 0.133326 0.135848 0.137397 0.139309 0.140949 0.141682 0.142743 0.146214 0.149730 0.152433 0.154868 0.158451 0.161058 0.164318 0.167806 0.171093 0.172866 0.176297 0.180208 0.182953 0.185905 0.189558 0.191898 0.193806 0.197021 0.199306 0.202818 0.207259 0.210063 0.213151 0.217443 0.220839 0.222399 0.225268 0.228414 0.232348 0.235030 0.239648 0.242441 0.247499 0.250821 0.253555 0.257564 0.262558 0.265446 0.269641 0.274826 0.277733 0.282231 0.286365 0.291179 0.295234 0.300019 0.303617 0.310034 0.315282 0.320892 0.326056 0.331932 0.336578 0.341872 0.347248 0.353431 0.359410 0.364153 0.369110 0.373649 0.378716 0.384390 0.389252 0.392835 0.397882 0.402373 0.406823 0.411627 0.417232 0.422228 0.427311 0.432084 0.436575 0.442207 0.446605 0.451726 0.456936 0.462002 0.466929 0.470800 0.476086 0.481117 0.485845 0.490231 0.494833 0.499320 0.503092 0.507182 0.512067 0.516767 0.521753 0.526697 0.532237 0.538492 0.545017 0.551058 0.555895 0.560324 0.565128 0.569762 0.573191 0.578648 0.582766 0.587659 0.591881 0.595540 0.600419 0.605097 0.609436 0.613708 0.619000 0.625397 0.631929 0.637473 0.641221 0.644303 0.648981 0.654159 0.657726 0.661806 0.667137 0.671869 0.677573 0.681943 0.686708 0.690925 0.695717 0.700679 0.706040 0.711205 0.715444 0.720454 0.725537 0.729295 0.734100 0.738264 0.743320 0.748432 0.752744 0.757896 0.762525 0.766713 0.770452 0.774733 0.778769 0.783026 0.787387 0.791502 0.794987 0.798496 0.802784 0.805967 0.809932 0.813611 0.817860 0.821565 0.825769 0.829219 0.833167 0.836742 0.840499 0.842644 0.845525 0.848182 0.851111 0.852673 0.856168 0.859542 0.862597 0.865682 0.869043 0.872304 0.875180 0.877604 0.881120 0.883762 0.886617 0.889680 0.892935 0.895259 0.898874 0.901472 0.904691 0.907793 0.910658 0.913285 0.915895 0.917726 0.921213 0.923755 0.925816 0.926755 0.927273 0.937255 0.937255 0.937255 0.937255 0.937255 0.937255 0.937255 0.937255 0.937255 0.937255 0.937255 0.937255 0.937255 0.937255 0.937255 0.937255 0.937255 0.937255 0.937255 0.937255 0.937255 0.937255))
(time 0)
(channel green)
(curve
       (curve-type free)
       (n-points 17)
       (points 34 -1.0 -1.0 -1.0 -1.0 -1.0 -1.0 -1.0 -1.0 -1.0 -1.0 -1.0 -1.0 -1.0 -1.0 -1.0 -1.0 -1.0 -1.0 -1.0 -1.0 -1.0 -1.0 -1.0 -1.0 -1.0 -1.0 -1.0 -1.0 -1.0 -1.0 -1.0 -1.0 -1.0 -1.0)
       (n-samples 256)
       (samples 256 0.066667 0.066667 0.066667 0.066667 0.066667 0.070588 0.064426 0.069572 0.070754 0.071649 0.073139 0.074673 0.079252 0.080485 0.081995 0.085197 0.088326 0.090158 0.092371 0.094602 0.096243 0.098692 0.100578 0.102769 0.104526 0.105957 0.107716 0.109653 0.111842 0.114050 0.115719 0.117606 0.119776 0.122360 0.125274 0.127797 0.129893 0.132260 0.135184 0.138261 0.141292 0.143745 0.146476 0.149584 0.152742 0.156399 0.159511 0.162958 0.166493 0.169740 0.173179 0.176849 0.180595 0.184323 0.188308 0.192519 0.196220 0.200239 0.204584 0.209238 0.213916 0.217777 0.221149 0.224641 0.228673 0.233817 0.238108 0.242461 0.246950 0.251984 0.256655 0.261185 0.265371 0.270333 0.275247 0.280218 0.285468 0.290346 0.294784 0.299751 0.305329 0.310724 0.316386 0.321183 0.326118 0.330511 0.336047 0.340935 0.345136 0.349901 0.354524 0.359392 0.364211 0.368886 0.374155 0.379271 0.383794 0.388877 0.393736 0.398706 0.403307 0.408538 0.413314 0.418360 0.423336 0.428148 0.432211 0.437648 0.442697 0.447251 0.451929 0.457388 0.462863 0.467437 0.471656 0.475731 0.480171 0.485067 0.489023 0.493422 0.498013 0.502581 0.507420 0.511912 0.517286 0.523852 0.529919 0.534071 0.536952 0.539085 0.542844 0.547239 0.550824 0.555404 0.560370 0.566077 0.571084 0.574483 0.577265 0.581196 0.585498 0.589091 0.593252 0.597605 0.601704 0.606220 0.610512 0.614460 0.618791 0.623034 0.627369 0.632192 0.636740 0.640457 0.644862 0.648884 0.653286 0.657756 0.661183 0.665774 0.669801 0.674085 0.678158 0.682972 0.687319 0.691173 0.694759 0.699068 0.703077 0.707581 0.711748 0.715872 0.719836 0.723813 0.727368 0.731286 0.734767 0.738317 0.742618 0.746660 0.750178 0.753246 0.756540 0.760767 0.764709 0.768278 0.771566 0.776206 0.779714 0.783172 0.786863 0.790367 0.793574 0.797289 0.800977 0.804218 0.806907 0.809514 0.812290 0.815925 0.818022 0.821368 0.825390 0.828990 0.832281 0.835439 0.838409 0.841420 0.844064 0.846828 0.850394 0.853821 0.856785 0.860165 0.863136 0.866679 0.869748 0.873328 0.875304 0.878070 0.880333 0.881801 0.885075 0.887738 0.889285 0.893901 0.896714 0.899362 0.902308 0.904728 0.908279 0.910844 0.913755 0.917183 0.919220 0.921916 0.926213 0.929840 0.931431 0.934484 0.937307 0.939701 0.942081 0.944706 0.949412 0.959477 0.959477 0.959477 0.959477 0.959477 0.959477 0.959477 0.959477 0.959477 0.959477 0.959477))
(time 0)
(channel blue)
(curve
       (curve-type free)
       (n-points 17)
       (points 34 -1.0 -1.0 -1.0 -1.0 -1.0 -1.0 -1.0 -1.0 -1.0 -1.0 -1.0 -1.0 -1.0 -1.0 -1.0 -1.0 -1.0 -1.0 -1.0 -1.0 -1.0 -1.0 -1.0 -1.0 -1.0 -1.0 -1.0 -1.0 -1.0 -1.0 -1.0 -1.0 -1.0 -1.0)
       (n-samples 256)
       (samples 256 0.062745 0.062745 0.062745 0.062745 0.062745 0.055108 0.060099 0.058073 0.061813 0.066153 0.068000 0.068751 0.069856 0.071456 0.072124 0.073798 0.075986 0.078084 0.078476 0.080109 0.083057 0.085012 0.086140 0.086746 0.088861 0.091362 0.094329 0.095807 0.097213 0.097967 0.099626 0.101116 0.103237 0.105758 0.109058 0.112363 0.115185 0.117662 0.119719 0.122159 0.124649 0.128132 0.130818 0.133284 0.135548 0.140149 0.143350 0.146410 0.148726 0.151774 0.154637 0.157995 0.162124 0.165831 0.169098 0.173044 0.176453 0.180561 0.184601 0.188638 0.192884 0.198166 0.203391 0.208243 0.212533 0.217421 0.221865 0.225748 0.229411 0.233337 0.237802 0.242001 0.245946 0.250526 0.255639 0.261109 0.265899 0.270855 0.275849 0.281023 0.285703 0.291144 0.296212 0.301707 0.306878 0.312785 0.318574 0.325076 0.329780 0.332535 0.336757 0.342005 0.347574 0.353614 0.359587 0.364551 0.370515 0.378296 0.385994 0.389507 0.390716 0.394767 0.400043 0.405232 0.410118 0.414906 0.420240 0.424874 0.429780 0.435558 0.441328 0.448050 0.451100 0.453970 0.457587 0.462529 0.466820 0.470761 0.475437 0.480269 0.484401 0.488404 0.493405 0.497580 0.501808 0.506484 0.510099 0.514242 0.519080 0.524085 0.528681 0.533786 0.539647 0.544312 0.547969 0.552398 0.556409 0.561010 0.565956 0.569397 0.573835 0.577965 0.581321 0.585541 0.589322 0.594148 0.598439 0.603075 0.607503 0.612252 0.616585 0.620724 0.625901 0.629993 0.634462 0.638870 0.643206 0.647179 0.652168 0.656305 0.661227 0.665920 0.670430 0.675283 0.679871 0.684475 0.688946 0.693339 0.696869 0.701796 0.706041 0.709998 0.714314 0.718039 0.722869 0.727357 0.731540 0.735155 0.739501 0.744095 0.747990 0.752084 0.756292 0.759696 0.763665 0.767482 0.772059 0.775637 0.779399 0.782895 0.786957 0.790533 0.794233 0.797588 0.801649 0.805195 0.809041 0.812313 0.816127 0.818687 0.822110 0.825553 0.828011 0.831293 0.834029 0.836546 0.839386 0.842524 0.845318 0.848484 0.851489 0.855494 0.858849 0.861077 0.862360 0.864686 0.867662 0.869704 0.871288 0.872582 0.873244 0.876042 0.877465 0.880735 0.883168 0.886725 0.889558 0.892295 0.893732 0.895307 0.898071 0.900423 0.901366 0.905815 0.910724 0.914856 0.919884 0.923836 0.925360 0.927111 0.931300 0.932990 0.932154 0.934442 0.935187 0.937132 0.945391 0.952169 0.954809 0.954902 0.976471 0.976471 0.976471 0.976471 0.976471 0.976471))
(time 0)
(channel alpha)
(curve
       (curve-type free)
       (n-points 17)
       (points 34 -1.0 -1.0 -1.0 -1.0 -1.0 -1.0 -1.0 -1.0 -1.0 -1.0 -1.0 -1.0 -1.0 -1.0 -1.0 -1.0 -1.0 -1.0 -1.0 -1.0 -1.0 -1.0 -1.0 -1.0 -1.0 -1.0 -1.0 -1.0 -1.0 -1.0 -1.0 -1.0 -1.0 -1.0)
       (n-samples 256)
       (samples 256 0.000000 0.003922 0.007843 0.011765 0.015686 0.019608 0.023529 0.027451 0.031373 0.035294 0.039216 0.043137 0.047059 0.050980 0.054902 0.058824 0.062745 0.066667 0.070588 0.074510 0.078431 0.082353 0.086275 0.090196 0.094118 0.098039 0.101961 0.105882 0.109804 0.113725 0.117647 0.121569 0.125490 0.129412 0.133333 0.137255 0.141176 0.145098 0.149020 0.152941 0.156863 0.160784 0.164706 0.168627 0.172549 0.176471 0.180392 0.184314 0.188235 0.192157 0.196078 0.200000 0.203922 0.207843 0.211765 0.215686 0.219608 0.223529 0.227451 0.231373 0.235294 0.239216 0.243137 0.247059 0.250980 0.254902 0.258824 0.262745 0.266667 0.270588 0.274510 0.278431 0.282353 0.286275 0.290196 0.294118 0.298039 0.301961 0.305882 0.309804 0.313725 0.317647 0.321569 0.325490 0.329412 0.333333 0.337255 0.341176 0.345098 0.349020 0.352941 0.356863 0.360784 0.364706 0.368627 0.372549 0.376471 0.380392 0.384314 0.388235 0.392157 0.396078 0.400000 0.403922 0.407843 0.411765 0.415686 0.419608 0.423529 0.427451 0.431373 0.435294 0.439216 0.443137 0.447059 0.450980 0.454902 0.458824 0.462745 0.466667 0.470588 0.474510 0.478431 0.482353 0.486275 0.490196 0.494118 0.498039 0.501961 0.505882 0.509804 0.513725 0.517647 0.521569 0.525490 0.529412 0.533333 0.537255 0.541176 0.545098 0.549020 0.552941 0.556863 0.560784 0.564706 0.568627 0.572549 0.576471 0.580392 0.584314 0.588235 0.592157 0.596078 0.600000 0.603922 0.607843 0.611765 0.615686 0.619608 0.623529 0.627451 0.631373 0.635294 0.639216 0.643137 0.647059 0.650980 0.654902 0.658824 0.662745 0.666667 0.670588 0.674510 0.678431 0.682353 0.686275 0.690196 0.694118 0.698039 0.701961 0.705882 0.709804 0.713725 0.717647 0.721569 0.725490 0.729412 0.733333 0.737255 0.741176 0.745098 0.749020 0.752941 0.756863 0.760784 0.764706 0.768627 0.772549 0.776471 0.780392 0.784314 0.788235 0.792157 0.796078 0.800000 0.803922 0.807843 0.811765 0.815686 0.819608 0.823529 0.827451 0.831373 0.835294 0.839216 0.843137 0.847059 0.850980 0.854902 0.858824 0.862745 0.866667 0.870588 0.874510 0.878431 0.882353 0.886275 0.890196 0.894118 0.898039 0.901961 0.905882 0.909804 0.913725 0.917647 0.921569 0.925490 0.929412 0.933333 0.937255 0.941176 0.945098 0.949020 0.952941 0.956863 0.960784 0.964706 0.968627 0.972549 0.976471 0.980392 0.984314 0.988235 0.992157 0.996078 1.000000))
# end of curves tool settings
