# GIMP curves tool settings

(time 0)
(channel value)
(curve
       (curve-type free)
       (n-points 17)
       (points 34 -1.0 -1.0 -1.0 -1.0 -1.0 -1.0 -1.0 -1.0 -1.0 -1.0 -1.0 -1.0 -1.0 -1.0 -1.0 -1.0 -1.0 -1.0 -1.0 -1.0 -1.0 -1.0 -1.0 -1.0 -1.0 -1.0 -1.0 -1.0 -1.0 -1.0 -1.0 -1.0 -1.0 -1.0)
       (n-samples 256)
       (samples 256 0.000000 0.003922 0.007843 0.011765 0.015686 0.019608 0.023529 0.027451 0.031373 0.035294 0.039216 0.043137 0.047059 0.050980 0.054902 0.058824 0.062745 0.066667 0.070588 0.074510 0.078431 0.082353 0.086275 0.090196 0.094118 0.098039 0.101961 0.105882 0.109804 0.113725 0.117647 0.121569 0.125490 0.129412 0.133333 0.137255 0.141176 0.145098 0.149020 0.152941 0.156863 0.160784 0.164706 0.168627 0.172549 0.176471 0.180392 0.184314 0.188235 0.192157 0.196078 0.200000 0.203922 0.207843 0.211765 0.215686 0.219608 0.223529 0.227451 0.231373 0.235294 0.239216 0.243137 0.247059 0.250980 0.254902 0.258824 0.262745 0.266667 0.270588 0.274510 0.278431 0.282353 0.286275 0.290196 0.294118 0.298039 0.301961 0.305882 0.309804 0.313725 0.317647 0.321569 0.325490 0.329412 0.333333 0.337255 0.341176 0.345098 0.349020 0.352941 0.356863 0.360784 0.364706 0.368627 0.372549 0.376471 0.380392 0.384314 0.388235 0.392157 0.396078 0.400000 0.403922 0.407843 0.411765 0.415686 0.419608 0.423529 0.427451 0.431373 0.435294 0.439216 0.443137 0.447059 0.450980 0.454902 0.458824 0.462745 0.466667 0.470588 0.474510 0.478431 0.482353 0.486275 0.490196 0.494118 0.498039 0.501961 0.505882 0.509804 0.513725 0.517647 0.521569 0.525490 0.529412 0.533333 0.537255 0.541176 0.545098 0.549020 0.552941 0.556863 0.560784 0.564706 0.568627 0.572549 0.576471 0.580392 0.584314 0.588235 0.592157 0.596078 0.600000 0.603922 0.607843 0.611765 0.615686 0.619608 0.623529 0.627451 0.631373 0.635294 0.639216 0.643137 0.647059 0.650980 0.654902 0.658824 0.662745 0.666667 0.670588 0.674510 0.678431 0.682353 0.686275 0.690196 0.694118 0.698039 0.701961 0.705882 0.709804 0.713725 0.717647 0.721569 0.725490 0.729412 0.733333 0.737255 0.741176 0.745098 0.749020 0.752941 0.756863 0.760784 0.764706 0.768627 0.772549 0.776471 0.780392 0.784314 0.788235 0.792157 0.796078 0.800000 0.803922 0.807843 0.811765 0.815686 0.819608 0.823529 0.827451 0.831373 0.835294 0.839216 0.843137 0.847059 0.850980 0.854902 0.858824 0.862745 0.866667 0.870588 0.874510 0.878431 0.882353 0.886275 0.890196 0.894118 0.898039 0.901961 0.905882 0.909804 0.913725 0.917647 0.921569 0.925490 0.929412 0.933333 0.937255 0.941176 0.945098 0.949020 0.952941 0.956863 0.960784 0.964706 0.968627 0.972549 0.976471 0.980392 0.984314 0.988235 0.992157 0.996078 1.000000))
(time 0)
(channel red)
(curve
       (curve-type free)
       (n-points 17)
       (points 34 -1.0 -1.0 -1.0 -1.0 -1.0 -1.0 -1.0 -1.0 -1.0 -1.0 -1.0 -1.0 -1.0 -1.0 -1.0 -1.0 -1.0 -1.0 -1.0 -1.0 -1.0 -1.0 -1.0 -1.0 -1.0 -1.0 -1.0 -1.0 -1.0 -1.0 -1.0 -1.0 -1.0 -1.0)
       (n-samples 256)
       (samples 256 0.035294 0.035294 0.035294 0.035294 0.035294 0.035294 0.035294 0.035294 0.031373 0.020915 0.043137 0.037647 0.048824 0.053420 0.053782 0.060433 0.058700 0.062120 0.064726 0.066611 0.068136 0.072232 0.075165 0.077301 0.079162 0.082466 0.085374 0.087185 0.089958 0.092105 0.095136 0.097736 0.100436 0.103373 0.106139 0.108730 0.111453 0.114215 0.117355 0.120845 0.123871 0.127216 0.130192 0.133626 0.136899 0.140836 0.144477 0.148035 0.152080 0.156002 0.159817 0.164014 0.168207 0.172695 0.177012 0.181440 0.185791 0.190112 0.194781 0.199258 0.204030 0.209162 0.213854 0.218835 0.223734 0.228368 0.233502 0.238424 0.243347 0.248467 0.253133 0.258288 0.263245 0.267873 0.272697 0.278073 0.283420 0.288402 0.293989 0.298937 0.304388 0.309737 0.314791 0.320354 0.326332 0.332571 0.338172 0.343679 0.349212 0.355913 0.361073 0.367325 0.372610 0.378197 0.383102 0.388597 0.394301 0.399717 0.404918 0.410675 0.416455 0.421580 0.426990 0.432276 0.438320 0.444036 0.449376 0.454570 0.459762 0.464876 0.470045 0.475442 0.480744 0.485243 0.490431 0.495676 0.501123 0.505909 0.511477 0.515647 0.520480 0.525119 0.529598 0.534340 0.539108 0.543836 0.548295 0.552288 0.557750 0.562189 0.566297 0.570972 0.574702 0.579067 0.583129 0.587653 0.591698 0.595933 0.600537 0.604269 0.608326 0.612450 0.617084 0.621978 0.625526 0.629686 0.632732 0.636502 0.639577 0.643314 0.647374 0.651384 0.655307 0.658926 0.662619 0.665352 0.669485 0.673230 0.675939 0.679483 0.683807 0.687630 0.691379 0.694569 0.698699 0.701964 0.705717 0.709142 0.712886 0.715862 0.720278 0.723553 0.727928 0.731644 0.735336 0.737967 0.742382 0.745491 0.749611 0.752807 0.755285 0.759292 0.761168 0.765943 0.768574 0.772838 0.776110 0.779423 0.782632 0.785377 0.788521 0.790893 0.794057 0.796602 0.800118 0.803628 0.806616 0.810628 0.814770 0.817169 0.820620 0.822783 0.825626 0.830188 0.832078 0.834796 0.836224 0.838000 0.840767 0.842713 0.846826 0.847572 0.852216 0.854429 0.857696 0.860476 0.863708 0.866523 0.869390 0.872218 0.875438 0.877767 0.881407 0.884042 0.886784 0.888986 0.891743 0.894463 0.897859 0.900709 0.903353 0.906497 0.909111 0.912227 0.916380 0.919929 0.922821 0.926243 0.929510 0.931785 0.935780 0.939344 0.942514 0.944865 0.947944 0.951819 0.956576 0.960217 0.964797 0.968965 0.972787 0.977059 0.982811 0.987322 0.989407 0.991674))
(time 0)
(channel green)
(curve
       (curve-type free)
       (n-points 17)
       (points 34 -1.0 -1.0 -1.0 -1.0 -1.0 -1.0 -1.0 -1.0 -1.0 -1.0 -1.0 -1.0 -1.0 -1.0 -1.0 -1.0 -1.0 -1.0 -1.0 -1.0 -1.0 -1.0 -1.0 -1.0 -1.0 -1.0 -1.0 -1.0 -1.0 -1.0 -1.0 -1.0 -1.0 -1.0)
       (n-samples 256)
       (samples 256 0.019608 0.019608 0.062745 0.050980 0.050980 0.000000 0.068627 0.027451 0.040523 0.059944 0.052723 0.060669 0.061538 0.063855 0.067253 0.071247 0.074729 0.076568 0.079721 0.082432 0.085620 0.087925 0.090644 0.093623 0.096801 0.100069 0.102848 0.105990 0.108987 0.111867 0.114963 0.118020 0.121173 0.124431 0.127572 0.130874 0.134070 0.137615 0.141055 0.144258 0.147952 0.151451 0.154903 0.158550 0.162464 0.166050 0.169685 0.173439 0.177703 0.181628 0.185611 0.189987 0.193951 0.197940 0.202041 0.206247 0.210398 0.214766 0.219168 0.223637 0.228041 0.232432 0.237202 0.241860 0.245928 0.250413 0.255170 0.259566 0.264055 0.269207 0.273869 0.278670 0.283536 0.288099 0.292925 0.297937 0.303167 0.307538 0.312978 0.318165 0.323379 0.328741 0.333850 0.339358 0.344414 0.349334 0.354544 0.360211 0.364920 0.370347 0.375930 0.380455 0.385281 0.390078 0.394711 0.399715 0.404741 0.409799 0.414659 0.419381 0.424211 0.429567 0.434332 0.439059 0.444338 0.449398 0.454438 0.458953 0.463699 0.468551 0.472838 0.477690 0.482584 0.486839 0.492282 0.496276 0.501113 0.506002 0.509971 0.514407 0.518566 0.523323 0.527168 0.531234 0.535612 0.539855 0.544336 0.547756 0.551897 0.556065 0.559616 0.563839 0.568685 0.572667 0.576292 0.580608 0.584681 0.588601 0.593135 0.597694 0.601384 0.606118 0.610665 0.613753 0.618597 0.622935 0.627590 0.632081 0.635669 0.639439 0.643111 0.646584 0.650021 0.653098 0.656580 0.659933 0.663917 0.668196 0.671803 0.674317 0.679534 0.683326 0.686469 0.689925 0.694184 0.698106 0.701505 0.704942 0.708749 0.711814 0.715848 0.718880 0.723419 0.725794 0.729339 0.732401 0.736117 0.739116 0.742012 0.745367 0.748746 0.751865 0.755224 0.759140 0.762468 0.766381 0.769541 0.773061 0.776522 0.779540 0.782191 0.785223 0.787407 0.791466 0.794904 0.797392 0.799722 0.802306 0.805544 0.808827 0.812033 0.815251 0.818294 0.821108 0.823726 0.827433 0.830399 0.832789 0.835779 0.838932 0.841682 0.844405 0.847955 0.851095 0.854243 0.857109 0.860274 0.862928 0.865671 0.868581 0.871802 0.875149 0.878231 0.880524 0.882800 0.884996 0.887722 0.890324 0.893410 0.896461 0.899304 0.902527 0.905354 0.907964 0.911695 0.914862 0.918197 0.921641 0.925152 0.929581 0.933540 0.938360 0.942081 0.944611 0.947637 0.951263 0.955791 0.960012 0.964143 0.968905 0.972839 0.977162 0.982863 0.987336 0.989444 0.992476))
(time 0)
(channel blue)
(curve
       (curve-type free)
       (n-points 17)
       (points 34 -1.0 -1.0 -1.0 -1.0 -1.0 -1.0 -1.0 -1.0 -1.0 -1.0 -1.0 -1.0 -1.0 -1.0 -1.0 -1.0 -1.0 -1.0 -1.0 -1.0 -1.0 -1.0 -1.0 -1.0 -1.0 -1.0 -1.0 -1.0 -1.0 -1.0 -1.0 -1.0 -1.0 -1.0)
       (n-samples 256)
       (samples 256 0.064412 0.069223 0.071886 0.070404 0.072643 0.073845 0.074272 0.075296 0.077771 0.077491 0.079784 0.081992 0.085868 0.086441 0.087099 0.088359 0.088675 0.089770 0.089212 0.090404 0.091197 0.092630 0.093956 0.095974 0.097481 0.099728 0.102457 0.105499 0.108866 0.111876 0.115280 0.118852 0.122274 0.125720 0.128858 0.132179 0.135526 0.139175 0.142327 0.145833 0.149203 0.152787 0.156262 0.159652 0.163237 0.166843 0.170993 0.175211 0.179208 0.182807 0.186394 0.190403 0.194265 0.198701 0.202479 0.206889 0.211091 0.216021 0.220386 0.224456 0.229308 0.233868 0.238225 0.242859 0.247979 0.252992 0.257780 0.262712 0.267388 0.272090 0.276761 0.281814 0.286870 0.291083 0.295974 0.301301 0.306677 0.311397 0.316845 0.321671 0.326524 0.332115 0.337645 0.342938 0.348278 0.353576 0.358484 0.363373 0.368897 0.373496 0.379339 0.384479 0.389122 0.393481 0.397761 0.402726 0.407650 0.412762 0.417021 0.421711 0.427008 0.431580 0.436067 0.440704 0.445613 0.450327 0.454606 0.459787 0.463876 0.468018 0.472013 0.476774 0.480745 0.485643 0.490243 0.494190 0.499101 0.502920 0.506969 0.511445 0.516238 0.520419 0.523824 0.528236 0.532397 0.537506 0.541989 0.547049 0.551230 0.555361 0.560237 0.564777 0.569753 0.573801 0.577667 0.581509 0.585852 0.590055 0.593150 0.597429 0.601674 0.605335 0.609018 0.613262 0.617028 0.620990 0.624697 0.628486 0.632062 0.636438 0.639975 0.643613 0.646971 0.651005 0.654397 0.658179 0.661248 0.664690 0.668492 0.672681 0.675965 0.679677 0.683427 0.687236 0.690540 0.694747 0.697886 0.700975 0.704652 0.708006 0.711264 0.714974 0.717980 0.721431 0.724500 0.728019 0.730702 0.734062 0.738036 0.741227 0.743653 0.747264 0.749901 0.753706 0.756873 0.758989 0.762166 0.764261 0.767911 0.770951 0.774194 0.776996 0.780193 0.782108 0.785988 0.788429 0.791872 0.795029 0.798132 0.801144 0.804032 0.807122 0.812198 0.814437 0.818345 0.820765 0.823312 0.826111 0.828750 0.832046 0.833233 0.835869 0.839305 0.842179 0.844951 0.849169 0.852359 0.856379 0.859614 0.862810 0.866100 0.869236 0.872113 0.874135 0.876944 0.879587 0.881975 0.885419 0.887941 0.891192 0.893992 0.896693 0.899722 0.903056 0.906607 0.910052 0.913832 0.917196 0.921125 0.924907 0.929103 0.934708 0.939618 0.944144 0.948146 0.949965 0.951101 0.955692 0.960856 0.966825 0.971041 0.977100 0.982844 0.987340 0.989438 0.991361))
(time 0)
(channel alpha)
(curve
       (curve-type free)
       (n-points 17)
       (points 34 -1.0 -1.0 -1.0 -1.0 -1.0 -1.0 -1.0 -1.0 -1.0 -1.0 -1.0 -1.0 -1.0 -1.0 -1.0 -1.0 -1.0 -1.0 -1.0 -1.0 -1.0 -1.0 -1.0 -1.0 -1.0 -1.0 -1.0 -1.0 -1.0 -1.0 -1.0 -1.0 -1.0 -1.0)
       (n-samples 256)
       (samples 256 0.000000 0.003922 0.007843 0.011765 0.015686 0.019608 0.023529 0.027451 0.031373 0.035294 0.039216 0.043137 0.047059 0.050980 0.054902 0.058824 0.062745 0.066667 0.070588 0.074510 0.078431 0.082353 0.086275 0.090196 0.094118 0.098039 0.101961 0.105882 0.109804 0.113725 0.117647 0.121569 0.125490 0.129412 0.133333 0.137255 0.141176 0.145098 0.149020 0.152941 0.156863 0.160784 0.164706 0.168627 0.172549 0.176471 0.180392 0.184314 0.188235 0.192157 0.196078 0.200000 0.203922 0.207843 0.211765 0.215686 0.219608 0.223529 0.227451 0.231373 0.235294 0.239216 0.243137 0.247059 0.250980 0.254902 0.258824 0.262745 0.266667 0.270588 0.274510 0.278431 0.282353 0.286275 0.290196 0.294118 0.298039 0.301961 0.305882 0.309804 0.313725 0.317647 0.321569 0.325490 0.329412 0.333333 0.337255 0.341176 0.345098 0.349020 0.352941 0.356863 0.360784 0.364706 0.368627 0.372549 0.376471 0.380392 0.384314 0.388235 0.392157 0.396078 0.400000 0.403922 0.407843 0.411765 0.415686 0.419608 0.423529 0.427451 0.431373 0.435294 0.439216 0.443137 0.447059 0.450980 0.454902 0.458824 0.462745 0.466667 0.470588 0.474510 0.478431 0.482353 0.486275 0.490196 0.494118 0.498039 0.501961 0.505882 0.509804 0.513725 0.517647 0.521569 0.525490 0.529412 0.533333 0.537255 0.541176 0.545098 0.549020 0.552941 0.556863 0.560784 0.564706 0.568627 0.572549 0.576471 0.580392 0.584314 0.588235 0.592157 0.596078 0.600000 0.603922 0.607843 0.611765 0.615686 0.619608 0.623529 0.627451 0.631373 0.635294 0.639216 0.643137 0.647059 0.650980 0.654902 0.658824 0.662745 0.666667 0.670588 0.674510 0.678431 0.682353 0.686275 0.690196 0.694118 0.698039 0.701961 0.705882 0.709804 0.713725 0.717647 0.721569 0.725490 0.729412 0.733333 0.737255 0.741176 0.745098 0.749020 0.752941 0.756863 0.760784 0.764706 0.768627 0.772549 0.776471 0.780392 0.784314 0.788235 0.792157 0.796078 0.800000 0.803922 0.807843 0.811765 0.815686 0.819608 0.823529 0.827451 0.831373 0.835294 0.839216 0.843137 0.847059 0.850980 0.854902 0.858824 0.862745 0.866667 0.870588 0.874510 0.878431 0.882353 0.886275 0.890196 0.894118 0.898039 0.901961 0.905882 0.909804 0.913725 0.917647 0.921569 0.925490 0.929412 0.933333 0.937255 0.941176 0.945098 0.949020 0.952941 0.956863 0.960784 0.964706 0.968627 0.972549 0.976471 0.980392 0.984314 0.988235 0.992157 0.996078 1.000000))
# end of curves tool settings
