# GIMP curves tool settings

(time 0)
(channel value)
(curve
       (curve-type free)
       (n-points 17)
       (points 34 -1.0 -1.0 -1.0 -1.0 -1.0 -1.0 -1.0 -1.0 -1.0 -1.0 -1.0 -1.0 -1.0 -1.0 -1.0 -1.0 -1.0 -1.0 -1.0 -1.0 -1.0 -1.0 -1.0 -1.0 -1.0 -1.0 -1.0 -1.0 -1.0 -1.0 -1.0 -1.0 -1.0 -1.0)
       (n-samples 256)
       (samples 256 0.000000 0.003922 0.007843 0.011765 0.015686 0.019608 0.023529 0.027451 0.031373 0.035294 0.039216 0.043137 0.047059 0.050980 0.054902 0.058824 0.062745 0.066667 0.070588 0.074510 0.078431 0.082353 0.086275 0.090196 0.094118 0.098039 0.101961 0.105882 0.109804 0.113725 0.117647 0.121569 0.125490 0.129412 0.133333 0.137255 0.141176 0.145098 0.149020 0.152941 0.156863 0.160784 0.164706 0.168627 0.172549 0.176471 0.180392 0.184314 0.188235 0.192157 0.196078 0.200000 0.203922 0.207843 0.211765 0.215686 0.219608 0.223529 0.227451 0.231373 0.235294 0.239216 0.243137 0.247059 0.250980 0.254902 0.258824 0.262745 0.266667 0.270588 0.274510 0.278431 0.282353 0.286275 0.290196 0.294118 0.298039 0.301961 0.305882 0.309804 0.313725 0.317647 0.321569 0.325490 0.329412 0.333333 0.337255 0.341176 0.345098 0.349020 0.352941 0.356863 0.360784 0.364706 0.368627 0.372549 0.376471 0.380392 0.384314 0.388235 0.392157 0.396078 0.400000 0.403922 0.407843 0.411765 0.415686 0.419608 0.423529 0.427451 0.431373 0.435294 0.439216 0.443137 0.447059 0.450980 0.454902 0.458824 0.462745 0.466667 0.470588 0.474510 0.478431 0.482353 0.486275 0.490196 0.494118 0.498039 0.501961 0.505882 0.509804 0.513725 0.517647 0.521569 0.525490 0.529412 0.533333 0.537255 0.541176 0.545098 0.549020 0.552941 0.556863 0.560784 0.564706 0.568627 0.572549 0.576471 0.580392 0.584314 0.588235 0.592157 0.596078 0.600000 0.603922 0.607843 0.611765 0.615686 0.619608 0.623529 0.627451 0.631373 0.635294 0.639216 0.643137 0.647059 0.650980 0.654902 0.658824 0.662745 0.666667 0.670588 0.674510 0.678431 0.682353 0.686275 0.690196 0.694118 0.698039 0.701961 0.705882 0.709804 0.713725 0.717647 0.721569 0.725490 0.729412 0.733333 0.737255 0.741176 0.745098 0.749020 0.752941 0.756863 0.760784 0.764706 0.768627 0.772549 0.776471 0.780392 0.784314 0.788235 0.792157 0.796078 0.800000 0.803922 0.807843 0.811765 0.815686 0.819608 0.823529 0.827451 0.831373 0.835294 0.839216 0.843137 0.847059 0.850980 0.854902 0.858824 0.862745 0.866667 0.870588 0.874510 0.878431 0.882353 0.886275 0.890196 0.894118 0.898039 0.901961 0.905882 0.909804 0.913725 0.917647 0.921569 0.925490 0.929412 0.933333 0.937255 0.941176 0.945098 0.949020 0.952941 0.956863 0.960784 0.964706 0.968627 0.972549 0.976471 0.980392 0.984314 0.988235 0.992157 0.996078 1.000000))
(time 0)
(channel red)
(curve
       (curve-type free)
       (n-points 17)
       (points 34 -1.0 -1.0 -1.0 -1.0 -1.0 -1.0 -1.0 -1.0 -1.0 -1.0 -1.0 -1.0 -1.0 -1.0 -1.0 -1.0 -1.0 -1.0 -1.0 -1.0 -1.0 -1.0 -1.0 -1.0 -1.0 -1.0 -1.0 -1.0 -1.0 -1.0 -1.0 -1.0 -1.0 -1.0)
       (n-samples 256)
       (samples 256 0.005354 0.010240 0.011359 0.010563 0.011946 0.014448 0.013908 0.014095 0.018122 0.020199 0.021045 0.023296 0.026937 0.028248 0.031109 0.032129 0.035074 0.037266 0.039590 0.042731 0.045575 0.049027 0.053226 0.056523 0.060318 0.064522 0.068674 0.072404 0.076991 0.081610 0.085697 0.090097 0.094522 0.099657 0.103661 0.108621 0.113474 0.118080 0.121974 0.127247 0.132556 0.137372 0.142114 0.147023 0.151630 0.156750 0.162491 0.168259 0.173234 0.178642 0.184182 0.189435 0.194684 0.199980 0.205574 0.210646 0.216363 0.221291 0.227194 0.231360 0.236892 0.241519 0.246868 0.251909 0.256552 0.262257 0.266907 0.272535 0.277807 0.283221 0.288621 0.293992 0.299218 0.304970 0.309973 0.315395 0.321080 0.326210 0.331809 0.337147 0.342139 0.347628 0.353295 0.358323 0.363755 0.368669 0.373734 0.379207 0.384243 0.389390 0.394552 0.399480 0.405252 0.409741 0.414545 0.419688 0.424914 0.429556 0.434564 0.440094 0.444919 0.449288 0.454238 0.459102 0.463743 0.468274 0.473791 0.478480 0.483174 0.487986 0.492852 0.497124 0.501870 0.506439 0.510920 0.514682 0.519891 0.523900 0.527989 0.532232 0.536976 0.541149 0.545339 0.549850 0.554262 0.557772 0.562176 0.565976 0.570051 0.573694 0.578004 0.581673 0.585815 0.589908 0.593274 0.597337 0.601397 0.604809 0.608328 0.612580 0.616284 0.619959 0.623562 0.627650 0.630930 0.635024 0.638927 0.642642 0.646314 0.649948 0.653480 0.657676 0.661362 0.665224 0.668272 0.672194 0.675907 0.679211 0.682771 0.686748 0.690144 0.694102 0.697362 0.700668 0.704868 0.707541 0.711946 0.715187 0.718702 0.722079 0.725104 0.729474 0.732234 0.736902 0.740219 0.743107 0.747360 0.750435 0.754060 0.756866 0.759887 0.763266 0.766331 0.769796 0.772831 0.776328 0.779835 0.783151 0.785956 0.788966 0.792102 0.795828 0.799010 0.802420 0.806137 0.809192 0.813547 0.815901 0.819538 0.822621 0.826215 0.829179 0.832935 0.836068 0.838900 0.841802 0.845258 0.848360 0.851273 0.854315 0.857689 0.861182 0.863557 0.866557 0.868862 0.873329 0.875270 0.877754 0.879642 0.881861 0.884585 0.884639 0.888777 0.889693 0.891334 0.895004 0.896189 0.899371 0.902754 0.903366 0.906202 0.906994 0.909965 0.912272 0.916177 0.919725 0.922618 0.927705 0.934626 0.937641 0.940500 0.942457 0.943018 0.945957 0.946939 0.951654 0.952416 0.966253 0.970053 0.973126 0.976350 0.979210 0.981985 0.984525 0.986648 0.990931))
(time 0)
(channel green)
(curve
       (curve-type free)
       (n-points 17)
       (points 34 -1.0 -1.0 -1.0 -1.0 -1.0 -1.0 -1.0 -1.0 -1.0 -1.0 -1.0 -1.0 -1.0 -1.0 -1.0 -1.0 -1.0 -1.0 -1.0 -1.0 -1.0 -1.0 -1.0 -1.0 -1.0 -1.0 -1.0 -1.0 -1.0 -1.0 -1.0 -1.0 -1.0 -1.0)
       (n-samples 256)
       (samples 256 0.031373 0.031373 0.031373 0.031373 0.023529 0.029542 0.032418 0.033859 0.033915 0.035980 0.037908 0.040443 0.042253 0.042403 0.045037 0.047662 0.049897 0.053155 0.056324 0.057626 0.061064 0.063882 0.067153 0.069545 0.072213 0.074936 0.078472 0.080720 0.084427 0.087496 0.090463 0.093321 0.097040 0.100107 0.103197 0.105516 0.109003 0.112211 0.115194 0.118664 0.122045 0.125936 0.129609 0.133285 0.137290 0.141245 0.145382 0.149569 0.153813 0.157908 0.162164 0.166314 0.170451 0.174738 0.178789 0.183078 0.187197 0.191598 0.195756 0.200115 0.204426 0.208908 0.213607 0.217970 0.222659 0.227092 0.231729 0.237057 0.241433 0.245671 0.250882 0.255246 0.259755 0.264873 0.269484 0.274209 0.278573 0.283844 0.288352 0.293150 0.297766 0.302220 0.306767 0.311535 0.316465 0.321017 0.325840 0.330646 0.335465 0.340401 0.345048 0.349578 0.354256 0.358933 0.363732 0.367956 0.372368 0.377044 0.381423 0.385971 0.390608 0.394782 0.399264 0.403925 0.408427 0.413219 0.417933 0.422231 0.427127 0.431408 0.435582 0.440173 0.444628 0.448851 0.453402 0.457717 0.462141 0.466513 0.471273 0.475359 0.479637 0.483873 0.488518 0.492695 0.497152 0.501106 0.506184 0.510761 0.515105 0.518956 0.523023 0.527310 0.531637 0.535284 0.539283 0.543695 0.547906 0.551559 0.555715 0.560126 0.564089 0.568254 0.572056 0.575591 0.579501 0.582949 0.586800 0.590155 0.593908 0.597599 0.601496 0.605014 0.608514 0.612644 0.617055 0.620626 0.624834 0.628527 0.632114 0.636210 0.640627 0.644244 0.648685 0.653024 0.657230 0.661049 0.665069 0.669053 0.673258 0.677449 0.680887 0.685062 0.688907 0.692428 0.696161 0.699427 0.701872 0.704662 0.707077 0.710071 0.711975 0.715298 0.718080 0.721307 0.725197 0.728804 0.731914 0.735215 0.739434 0.742068 0.745831 0.749055 0.752596 0.756179 0.759381 0.763150 0.767431 0.770511 0.773529 0.776192 0.779790 0.783004 0.786086 0.789084 0.792631 0.796278 0.799599 0.802354 0.806840 0.809744 0.812543 0.815433 0.818895 0.822108 0.824910 0.827252 0.831577 0.835091 0.838728 0.842295 0.845821 0.849815 0.853176 0.856475 0.859814 0.863832 0.868212 0.873031 0.877487 0.881993 0.885576 0.887665 0.890236 0.894346 0.896871 0.899674 0.904317 0.908630 0.912368 0.915992 0.919480 0.923758 0.926303 0.929620 0.933036 0.934633 0.935793 0.941300 0.942816 0.945736 0.954189 0.951536 0.965398 0.962904 0.967538 0.968431))
(time 0)
(channel blue)
(curve
       (curve-type free)
       (n-points 17)
       (points 34 -1.0 -1.0 -1.0 -1.0 -1.0 -1.0 -1.0 -1.0 -1.0 -1.0 -1.0 -1.0 -1.0 -1.0 -1.0 -1.0 -1.0 -1.0 -1.0 -1.0 -1.0 -1.0 -1.0 -1.0 -1.0 -1.0 -1.0 -1.0 -1.0 -1.0 -1.0 -1.0 -1.0 -1.0)
       (n-samples 256)
       (samples 256 0.015359 0.016756 0.013072 0.022658 0.027451 0.025770 0.028291 0.029439 0.031979 0.034252 0.034517 0.039924 0.040553 0.044147 0.046665 0.049455 0.051263 0.054472 0.056886 0.058867 0.061135 0.063589 0.065534 0.067213 0.068791 0.070937 0.072176 0.073715 0.075306 0.077269 0.078589 0.079774 0.082518 0.084749 0.086462 0.088487 0.091821 0.093663 0.096480 0.099228 0.102449 0.105298 0.108580 0.111978 0.115320 0.118382 0.121710 0.125441 0.128832 0.132282 0.135811 0.139333 0.143340 0.147007 0.151055 0.154726 0.158947 0.162644 0.166842 0.171119 0.175119 0.179669 0.183794 0.188419 0.192693 0.197410 0.202571 0.207383 0.212806 0.217976 0.223051 0.228087 0.232631 0.238223 0.243326 0.248379 0.253106 0.257680 0.262916 0.268076 0.273034 0.277954 0.282019 0.287645 0.291821 0.297226 0.301974 0.307079 0.312203 0.316883 0.322034 0.326867 0.331870 0.337226 0.342129 0.347155 0.352185 0.357077 0.362438 0.367545 0.372199 0.377195 0.382876 0.387643 0.393254 0.397561 0.402821 0.407801 0.412852 0.417606 0.422686 0.427448 0.432606 0.437034 0.440920 0.446089 0.451019 0.455237 0.459479 0.464116 0.468506 0.473130 0.477567 0.481740 0.485657 0.489654 0.493656 0.498330 0.502116 0.506579 0.510084 0.514466 0.518609 0.522589 0.526149 0.530482 0.534593 0.538562 0.542386 0.546316 0.551352 0.555607 0.559370 0.564120 0.568326 0.571570 0.575291 0.579119 0.582781 0.586698 0.590525 0.594177 0.596993 0.600935 0.604411 0.607900 0.609890 0.615018 0.618425 0.622770 0.626251 0.630429 0.633909 0.638246 0.643025 0.646409 0.650108 0.653561 0.656054 0.659968 0.663201 0.667194 0.670113 0.672999 0.675904 0.679250 0.683103 0.684649 0.688274 0.689290 0.692289 0.694890 0.698083 0.700885 0.704414 0.707825 0.712110 0.715374 0.716784 0.723648 0.725083 0.729529 0.732946 0.736235 0.739401 0.743680 0.746550 0.751974 0.757828 0.762636 0.766750 0.769951 0.774122 0.776389 0.781058 0.784679 0.788623 0.791999 0.796231 0.800645 0.803829 0.807797 0.809863 0.813327 0.816596 0.821465 0.825854 0.829926 0.833479 0.837604 0.840871 0.843573 0.846644 0.849900 0.850520 0.853962 0.858602 0.861786 0.866279 0.868614 0.872388 0.876354 0.879426 0.881753 0.882477 0.885592 0.894118 0.889840 0.898366 0.888235 0.892810 0.898529 0.935686 0.926471 0.920784 0.930719 0.948235 0.919608 0.929412 0.960784 0.932026 0.931373 0.964706 0.964706 0.964706 0.992157))
(time 0)
(channel alpha)
(curve
       (curve-type free)
       (n-points 17)
       (points 34 -1.0 -1.0 -1.0 -1.0 -1.0 -1.0 -1.0 -1.0 -1.0 -1.0 -1.0 -1.0 -1.0 -1.0 -1.0 -1.0 -1.0 -1.0 -1.0 -1.0 -1.0 -1.0 -1.0 -1.0 -1.0 -1.0 -1.0 -1.0 -1.0 -1.0 -1.0 -1.0 -1.0 -1.0)
       (n-samples 256)
       (samples 256 0.000000 0.003922 0.007843 0.011765 0.015686 0.019608 0.023529 0.027451 0.031373 0.035294 0.039216 0.043137 0.047059 0.050980 0.054902 0.058824 0.062745 0.066667 0.070588 0.074510 0.078431 0.082353 0.086275 0.090196 0.094118 0.098039 0.101961 0.105882 0.109804 0.113725 0.117647 0.121569 0.125490 0.129412 0.133333 0.137255 0.141176 0.145098 0.149020 0.152941 0.156863 0.160784 0.164706 0.168627 0.172549 0.176471 0.180392 0.184314 0.188235 0.192157 0.196078 0.200000 0.203922 0.207843 0.211765 0.215686 0.219608 0.223529 0.227451 0.231373 0.235294 0.239216 0.243137 0.247059 0.250980 0.254902 0.258824 0.262745 0.266667 0.270588 0.274510 0.278431 0.282353 0.286275 0.290196 0.294118 0.298039 0.301961 0.305882 0.309804 0.313725 0.317647 0.321569 0.325490 0.329412 0.333333 0.337255 0.341176 0.345098 0.349020 0.352941 0.356863 0.360784 0.364706 0.368627 0.372549 0.376471 0.380392 0.384314 0.388235 0.392157 0.396078 0.400000 0.403922 0.407843 0.411765 0.415686 0.419608 0.423529 0.427451 0.431373 0.435294 0.439216 0.443137 0.447059 0.450980 0.454902 0.458824 0.462745 0.466667 0.470588 0.474510 0.478431 0.482353 0.486275 0.490196 0.494118 0.498039 0.501961 0.505882 0.509804 0.513725 0.517647 0.521569 0.525490 0.529412 0.533333 0.537255 0.541176 0.545098 0.549020 0.552941 0.556863 0.560784 0.564706 0.568627 0.572549 0.576471 0.580392 0.584314 0.588235 0.592157 0.596078 0.600000 0.603922 0.607843 0.611765 0.615686 0.619608 0.623529 0.627451 0.631373 0.635294 0.639216 0.643137 0.647059 0.650980 0.654902 0.658824 0.662745 0.666667 0.670588 0.674510 0.678431 0.682353 0.686275 0.690196 0.694118 0.698039 0.701961 0.705882 0.709804 0.713725 0.717647 0.721569 0.725490 0.729412 0.733333 0.737255 0.741176 0.745098 0.749020 0.752941 0.756863 0.760784 0.764706 0.768627 0.772549 0.776471 0.780392 0.784314 0.788235 0.792157 0.796078 0.800000 0.803922 0.807843 0.811765 0.815686 0.819608 0.823529 0.827451 0.831373 0.835294 0.839216 0.843137 0.847059 0.850980 0.854902 0.858824 0.862745 0.866667 0.870588 0.874510 0.878431 0.882353 0.886275 0.890196 0.894118 0.898039 0.901961 0.905882 0.909804 0.913725 0.917647 0.921569 0.925490 0.929412 0.933333 0.937255 0.941176 0.945098 0.949020 0.952941 0.956863 0.960784 0.964706 0.968627 0.972549 0.976471 0.980392 0.984314 0.988235 0.992157 0.996078 1.000000))
# end of curves tool settings
